% Model:              batchmodel_BILLETTA_r_0.0542379_COIL_kr_1.9397_COIL_kw_5.8583_FUNZ_freq_4639.7_FUNZ_I_eff_85.0125.mph
% Version:            COMSOL 5.6.0.401
% Date:               Jan 28 2022, 01:52
% Table:              Tabella delle sonde 1 - 
% Tempo (s)                                       Temperatura (degC), Punto: (0, 0.5)               Temperatura (degC), Punto: (0.5*BILLETTA_r, 0.5)  Temperatura (degC), Punto: (BILLETTA_r-10*FUNZ_depth_billetta, 0.5)Temperatura (degC), Punto: (BILLETTA_r-5*FUNZ_depth_billetta, 0.5)Temperatura (degC), Punto: (BILLETTA_r-2*FUNZ_depth_billetta, 0.5)Temperatura (degC), Punto: (BILLETTA_r-FUNZ_depth_billetta, 0.5)Temperatura (degC), Punto: (BILLETTA_r-0.01[mm], 0.5)
0                                                 20                                                20                                                20.000000000093962                                20.000550655782774                                20.197566780282216                                20.39737670645229                                 20.59965041529125
5                                                 20.078578411077444                                26.947884062286448                                462.3231656542023                                 573.389784883063                                  632.8412670270185                                 644.5056907232752                                 648.739891134931
10                                                23.648726343853184                                71.44610699341484                                 811.825631214556                                  984.6180538230595                                 1052.8196768037892                                1063.158436182819                                 1065.821137158463
15                                                39.3255972285404                                  138.6465676032517                                 1021.9586493354635                                1127.647607188243                                 1153.340665691143                                 1155.7993104034567                                1155.3845199413809
20                                                69.7418125710459                                  209.2175975022356                                 1077.5268738055493                                1131.8662776408055                                1144.1014049858286                                1144.7970996089925                                1143.8420252303436
25                                                112.2948549447384                                 274.81360064223963                                1114.0592152651789                                1151.6194175528585                                1159.0786401153919                                1159.057433710564                                 1157.827028622191
30                                                160.74717293353433                                334.1209353402663                                 1122.9655514238443                                1151.1606912607122                                1156.3154056197254                                1155.9903852282146                                1154.669297409659
35                                                208.4012760971301                                 384.9960258130951                                 1133.7448674197872                                1156.4732449083826                                1160.1413748389318                                1159.599693721671                                 1158.1977417658973
40                                                254.32581805387383                                431.9038699925874                                 1143.7914753346768                                1162.246519056352                                 1164.7370814640894                                1164.0196087930344                                1162.5480563105848
45                                                298.3163496278188                                 475.0795855227518                                 1153.1302676066566                                1168.3032589354366                                1169.875743046597                                 1169.0172067576814                                1167.4859156441394
50                                                339.18239686410925                                513.6189017959302                                 1161.8752595939245                                1174.699317784678                                 1175.600192132988                                 1174.6335583846403                                1173.0516599690377
55                                                378.46558195601926                                550.318326203802                                  1170.786002512039                                 1181.573266267972                                 1181.8829582335802                                1180.8180657516336                                1179.1871714547324
60                                                415.30105738385157                                584.1725747916827                                 1179.9530597002909                                1189.1862147202683                                1189.029095763031                                 1187.8811589768584                                1186.20376067086
65                                                450.02539304952757                                615.5728706530367                                 1189.3411869178976                                1197.4365476800867                                1196.9198876850037                                1195.7020289788807                                1193.9802758935575
70                                                482.658601109168                                  644.9110718393314                                 1199.1288776008196                                1206.2208513180808                                1205.381938982484                                 1204.0994089566634                                1202.3347732616985
75                                                513.1935873780437                                 672.0482671114186                                 1209.2528569374858                                1215.5757851927974                                1214.4767171092722                                1213.1375568624285                                1211.3317507410893
80                                                541.6762467795766                                 697.1182848591427                                 1219.7476823230813                                1225.5287894553476                                1224.2287569853806                                1222.8403075314195                                1220.9945499678897
85                                                568.5036887824069                                 721.4516585079973                                 1230.9969293090621                                1236.257588867405                                 1234.7550890713019                                1233.314718557704                                 1231.425722025865
90                                                593.4739930510002                                 744.3718447445336                                 1242.8055592217897                                1247.671814786709                                 1245.9962062746176                                1244.506353804593                                 1242.5731222272684
95                                                616.6665570518138                                 767.021921224257                                  1255.260081977688                                 1259.8071832125597                                1257.9726773870125                                1256.4333434807104                                1254.4537535006848
100                                               638.2526579934199                                 791.8677493751471                                 1268.5471178514326                                1272.7407411457548                                1270.7288736633986                                1269.1347982990628                                1267.1042947765036
105                                               658.1290801688607                                 817.4233426338361                                 1282.5542050406398                                1286.4260582367888                                1284.2380559334997                                1282.5871492166566                                1280.5026424615944
110                                               676.3072167403177                                 843.7535416751738                                 1297.0856068854955                                1300.6293815915437                                1298.256532296055                                 1296.5456650032402                                1294.4041671903033
115                                               692.7943884663281                                 870.90001034247                                   1312.0155513834188                                1315.2005116018827                                1312.6277167621952                                1310.8530918416081                                1308.651680599256
120                                               707.5841749445322                                 898.8262088923985                                 1327.454342249257                                 1330.2711753168005                                1327.4889373215437                                1325.6473434156937                                1323.3830389685081
125                                               720.9586529408745                                 926.3180572766174                                 1342.4930422907173                                1344.9004167041521                                1341.9007677378936                                1339.9918786370608                                1337.6652022559128
130                                               732.9055280255088                                 953.4284716647079                                 1357.1712679026764                                1359.129247712889                                 1355.904153283424                                 1353.9275170275537                                1351.5388373887968
135                                               743.3625116312307                                 980.4255468301964                                 1371.6897318067122                                1373.1654515074588                                1369.7065393110033                                1367.6610668378698                                1365.2099795121526
135.12213388400733                                743.5993009276214                                 981.0835802906983                                 1372.0423721899028                                1373.5059006265133                                1370.0411722637132                                1367.994004717621                                 1365.5413879131556
