% Model:              batchmodel_BILLETTA_r_0.0542379_COIL_kr_1.4848_COIL_kw_5.3284_FUNZ_freq_7167.5_FUNZ_I_eff_61.5962.mph
% Version:            COMSOL 5.6.0.401
% Date:               Jan 27 2022, 21:52
% Table:              Tabella delle sonde 1 - 
% Tempo (s)                                       Temperatura (degC), Punto: (0, 0.5)               Temperatura (degC), Punto: (0.5*BILLETTA_r, 0.5)  Temperatura (degC), Punto: (BILLETTA_r-10*FUNZ_depth_billetta, 0.5)Temperatura (degC), Punto: (BILLETTA_r-5*FUNZ_depth_billetta, 0.5)Temperatura (degC), Punto: (BILLETTA_r-2*FUNZ_depth_billetta, 0.5)Temperatura (degC), Punto: (BILLETTA_r-FUNZ_depth_billetta, 0.5)Temperatura (degC), Punto: (BILLETTA_r-0.01[mm], 0.5)
0                                                 20                                                20                                                20.000000000035868                                20.00017110022452                                 20.168752348622093                                20.394241233851858                                20.6214532847265
5                                                 20.079906029546407                                25.672585492633118                                376.21454840586114                                439.7742524933924                                 476.7360473808491                                 484.7809616868574                                 487.879965366844
10                                                23.206177630567083                                61.32351757300438                                 663.2658075900837                                 766.7285783613291                                 821.9469979193349                                 832.3519610451807                                 835.8750262544678
15                                                37.24859323610326                                 119.56806648275983                                891.1908451088876                                 1006.1752826338583                                1050.7781748018674                                1057.5069780048702                                1059.125943639383
20                                                63.89194941064778                                 183.44384935810723                                990.3921352485546                                 1063.0488394867193                                1083.8903178209443                                1086.2729820463774                                1086.2619357267472
25                                                100.16068382039913                                246.01657437804363                                1034.1425318893785                                1082.54350857701                                  1095.0709369503652                                1096.2086558741712                                1095.7567001657007
30                                                143.07834121256178                                304.07234370570416                                1057.8083456240201                                1092.318911360167                                 1100.8530952112837                                1101.3839741064435                                1100.7152571661009
35                                                189.22362851855883                                357.07144181926867                                1072.1695052292257                                1099.3699698391802                                1105.704682140546                                 1105.9041292963484                                1105.1150099334059
40                                                235.83480876496725                                404.93994532879424                                1082.6258638368713                                1105.3308172654042                                1110.2775185068149                                1110.2621978393872                                1109.391850191489
45                                                280.71325395865586                                448.09503688268114                                1091.3463958696407                                1110.4989444091743                                1114.3582349603712                                1114.1734838834195                                1113.2380353083322
50                                                322.4944577162182                                 487.01414038481744                                1100.253832682642                                 1116.1786454206672                                1119.0355218196123                                1118.691622132606                                 1117.6931569426715
55                                                361.5641049930191                                 522.2447965463032                                 1108.2183214580741                                1121.5284461029014                                1123.570642400834                                 1123.096059167236                                 1122.0444819559343
60                                                397.96856408280087                                554.0502536870134                                 1114.9243595995308                                1126.288807934006                                 1127.7260432763205                                1127.153553541234                                 1126.0607856183356
65                                                432.0753259362426                                 583.5887384794057                                 1121.347086104926                                 1131.0540574934935                                1131.971791572665                                 1131.3139470782148                                1130.1840062338715
70                                                463.94886093939294                                611.0764487914549                                 1127.6088709250243                                1135.8913085777372                                1136.357384518437                                 1135.62395107975                                  1134.4598032746167
75                                                493.51334399217785                                636.2591093507499                                 1133.5657919533915                                1140.7216271111374                                1140.8246072875795                                1140.028627312438                                 1138.8344755879698
80                                                520.7687750945975                                 659.1367201572912                                 1139.2178491900272                                1145.5450130936933                                1145.373459880092                                 1144.52797577628                                  1143.3080231739314
85                                                546.6920546986553                                 680.92782328656                                   1144.9724596142687                                1150.4405087167643                                1149.9861010127966                                1149.0897652978551                                1147.8433634330686
90                                                570.7923503300349                                 701.020176190464                                  1150.6249212182133                                1155.368400134092                                 1154.6714948346498                                1153.7301900621146                                1152.4591280939221
95                                                593.0198456168971                                 719.3516401474897                                 1156.1544580510517                                1160.324656643073                                 1159.430551149711                                 1158.4508936757525                                1157.157208158343
100                                               613.447144684927                                  736.1940227657876                                 1161.618064079492                                 1165.347966486036                                 1164.2962422590367                                1163.2839290546808                                1161.9692734858077
105                                               632.7664693704534                                 754.1387905752377                                 1167.559130852188                                 1170.8071908798438                                1169.5829324851875                                1168.5348949249287                                1167.1972706678753
110                                               650.5446140209491                                 771.5641543022851                                 1173.6375935545702                                1176.4714894265826                                1175.0938866280608                                1174.0125417642012                                1172.6522357577878
115                                               666.7815786364141                                 788.470113946929                                  1179.8534521866386                                1182.340862126252                                 1180.8291046876557                                1179.7168695724972                                1178.3341687555449
120                                               681.542058348287                                  805.2597276170626                                 1186.2730098799757                                1188.462231658697                                 1186.8296092640453                                1185.6879998634467                                1184.282859628514
125                                               694.9966863542278                                 822.9960597545174                                 1193.0711409273672                                1194.9593564386023                                1193.2035973308048                                1192.031752998078                                 1190.6032542855341
130                                               707.0213761353622                                 840.9060370785083                                 1200.1206746344242                                1201.7422378545011                                1199.8723867440854                                1198.671175133844                                 1197.2190347962355
135                                               717.6161276916906                                 858.989659589036                                  1207.4216110011462                                1208.810875906393                                 1206.8359775038866                                1205.606266270744                                 1204.1302011606167
140                                               727.4291839513508                                 877.0175654464666                                 1214.9630351405804                                1216.1333547723411                                1214.0565925253109                                1212.7985919231478                                1211.2983849326397
145                                               737.0739520153653                                 894.7727184518259                                 1222.7346187192065                                1223.6794737498612                                1221.498484820418                                 1220.21178303034                                  1218.6872795422914
150                                               745.9545259437219                                 912.4659625290759                                 1230.746395392137                                 1231.4785718830776                                1229.196381477329                                 1227.8811710048135                                1226.3321556942897
155                                               754.0709057364207                                 930.0972976782185                                 1238.9983651593711                                1239.5306491719907                                1237.1502824960417                                1235.8067558465682                                1234.2330133886348
160                                               763.6822821739091                                 947.3665709701726                                 1247.310853780432                                 1247.642043717503                                 1245.1623230543382                                1243.7900043467484                                1242.1910324248934
165                                               775.1932085093405                                 964.2200340252292                                 1255.6516869922498                                1255.7780764867634                                1253.1970715019997                                1251.795365167151                                 1250.170610073284
170                                               787.5590180826954                                 980.7964797955511                                 1264.103947503163                                 1264.0282981857395                                1261.3460220079783                                1259.9146415436926                                1258.2636822767704
175                                               800.7797108939736                                 997.0959082811386                                 1272.6676353131706                                1272.3927088144305                                1269.6091745722733                                1268.1478334763729                                1266.4702490353507
180                                               816.9378717339517                                 1013.245195594569                                 1281.118901005298                                 1280.644003069905                                 1277.7590046326322                                1276.2676343836438                                1274.5633417277181
185                                               835.4913842760735                                 1029.2113146954166                                1289.516014679361                                 1288.8413506514594                                1285.8547389636087                                1284.3332142976374                                1282.6020424117896
190                                               856.0276309847246                                 1044.9691279234357                                1297.903327084096                                 1297.0297870142394                                1293.9414564616695                                1292.3896089268273                                1290.6313198367857
195                                               878.5466118599053                                 1060.5186352786268                                1306.2808382195044                                1305.209312158243                                 1302.0191571268147                                1300.4368182712142                                1298.6511740027063
200                                               901.0371611803104                                 1076.0514237640223                                1314.4981103152281                                1313.2307837806593                                1309.9400813895559                                1308.3276298876726                                1306.5149608752304
205                                               924.59700589652                                   1091.4629220783195                                1322.6372547523224                                1321.175606175294                                 1317.784878825369                                 1316.142394721213                                 1314.302721152601
210                                               949.2753711145507                                 1106.7484409557687                                1330.701953631728                                 1329.047429735344                                 1325.557165983797                                 1323.8847159299653                                1322.0180440806266
215                                               974.6407588674198                                 1121.8954764508517                                1338.6753141030194                                1336.8295102638658                                1333.24041037698                                  1331.5381404658187                                1329.6445542827273
220                                               997.6373898888895                                 1136.8154782101783                                1346.4377044969297                                1344.4032688247753                                1340.717532348714                                 1338.9861512484417                                1337.066284732261
225                                               1020.2193100098272                                1151.5650705622052                                1354.0656243719022                                1351.8445317967135                                1348.063399549491                                 1346.3032561840705                                1344.3573915986321
230                                               1042.3865192302328                                1166.1442535069323                                1361.559073727939                                 1359.1532991796803                                1355.2780119793106                                1353.489455272705                                 1351.5178748818398
235                                               1062.7371182171896                                1180.0118206299494                                1368.3869371946066                                1365.8065375311153                                1361.8440083123196                                1360.0293121645195                                1358.0341030210957
240                                               1079.8762097009903                                1192.6360395812349                                1374.0058798804562                                1371.2692266547629                                1367.2322992223494                                1365.3957977291689                                1363.3810079250334
245                                               1097.0153011847901                                1205.2602585325199                                1379.6248225663057                                1376.7319157784104                                1372.6205901323792                                1370.7622832938182                                1368.727912828971
250                                               1114.1543926685904                                1217.8844774838053                                1385.2437652521553                                1382.1946049020585                                1378.0088810424086                                1376.128768858468                                 1374.0748177329083
