% Model:              batchmodel_BILLETTA_r_0.0542379_COIL_kr_1.9397_COIL_kw_3.2356_FUNZ_freq_6066_FUNZ_I_eff_85.0125.mph
% Version:            COMSOL 5.6.0.401
% Date:               Jan 28 2022, 00:29
% Table:              Tabella delle sonde 1 - 
% Tempo (s)                                       Temperatura (degC), Punto: (0, 0.5)               Temperatura (degC), Punto: (0.5*BILLETTA_r, 0.5)  Temperatura (degC), Punto: (BILLETTA_r-10*FUNZ_depth_billetta, 0.5)Temperatura (degC), Punto: (BILLETTA_r-5*FUNZ_depth_billetta, 0.5)Temperatura (degC), Punto: (BILLETTA_r-2*FUNZ_depth_billetta, 0.5)Temperatura (degC), Punto: (BILLETTA_r-FUNZ_depth_billetta, 0.5)Temperatura (degC), Punto: (BILLETTA_r-0.01[mm], 0.5)
0                                                 20                                                20.000000000000057                                20.000000000164448                                20.00097282074131                                 20.26008644814584                                 20.520357026914496                                20.771429183855957
5                                                 20.067719830241685                                27.450899129307004                                568.3491946195929                                 692.029112365766                                  756.6232881755228                                 769.0215815102969                                 773.3902972372808
10                                                24.416670920318438                                77.79400289943288                                 945.169298350342                                  1081.5912127302076                                1120.7666073823843                                1125.4344278387962                                1125.988483458193
15                                                42.49999845087336                                 148.0658800267219                                 1069.4029429468842                                1136.3794614535514                                1152.6291788156636                                1154.0331071300857                                1153.4534614686809
20                                                75.90148343577516                                 219.18265500934757                                1121.0463049716514                                1161.9154968887074                                1170.58668027686                                  1170.8422152440357                                1169.837213340486
25                                                120.4807582518074                                 284.31673648428034                                1128.1836269652154                                1155.832874092982                                 1161.2134670925739                                1161.0489289603506                                1159.9307044616785
30                                                168.71116075150525                                341.5949933482308                                 1140.8007588870423                                1162.1915910857147                                1165.8672839473775                                1165.454742533348                                 1164.2446936135343
35                                                216.42547471649738                                393.4630945277697                                 1152.6837739428152                                1169.843574642607                                 1172.3412908625746                                1171.7498534370616                                1170.4662753936464
40                                                262.4127669449881                                 440.55718824494113                                1163.8462877846505                                1177.9669437462385                                1179.601990712641                                 1178.8740001661108                                1177.528827274059
45                                                306.6808773271931                                 484.52372779105804                                1175.0315608974706                                1186.7622486283353                                1187.705282918454                                 1186.8628184944464                                1185.4611343485626
50                                                348.76053616257195                                524.9096848638844                                 1186.477124858859                                 1196.5254756651993                                1196.9615732931534                                1196.0280737726853                                1194.5746021674686
55                                                388.44149342114736                                562.0534379819484                                 1198.2201851134587                                1207.012141873346                                 1207.0547481518643                                1206.0453566897454                                1204.5440929317792
60                                                425.47970543839654                                595.9585957123878                                 1210.2969702758946                                1218.1309295170545                                1217.8613371158417                                1216.7875830864155                                1215.2423511777956
65                                                460.1269961927219                                 627.1090516026878                                 1222.9811391816088                                1230.1250224956502                                1229.612083969706                                 1228.4820864864969                                1226.893803583962
70                                                492.49405162503797                                656.135892351846                                  1236.6598635076762                                1243.2291191492277                                1242.4970770157688                                1241.31133045544                                  1239.6769901717503
75                                                522.6698239762512                                 682.9814752405696                                 1251.217907672648                                 1257.362177706992                                 1256.444648631194                                 1255.205397403549                                 1253.5230542247018
80                                                551.0339021403516                                 708.3543650489651                                 1266.8841216647415                                1272.6340903501941                                1271.528262731163                                 1270.231905877883                                 1268.497019620267
85                                                577.4911471660793                                 732.5692913654674                                 1283.4844435011191                                1288.9022797167177                                1287.6159199161807                                1286.260810285798                                 1284.469954314738
90                                                602.4795855928588                                 759.2112284719097                                 1300.626966580121                                 1305.6469515910353                                1304.15392704319                                  1302.734419427943                                 1300.8837767866048
95                                                625.8192647894498                                 786.8073762137766                                 1318.4726962697364                                1323.0816508805183                                1321.369755575733                                 1319.881847272788                                 1317.967761358776
100                                               647.5101847558518                                 815.3577345910688                                 1337.0216325699666                                1341.2063775851675                                1339.2634055138092                                1337.7030938203334                                1335.7219080312507
105                                               667.552345492065                                  844.8623036037853                                 1356.2737754808109                                1360.021131704982                                 1357.8348768574187                                1356.198159070579                                 1354.1462168040307
105.38677333384817                                669.033997669777                                  847.1843809071185                                 1357.792320641132                                 1361.5052936345191                                1359.2997111141467                                1357.656916169968                                 1355.5993481919663
