% Model:              batchmodel_BILLETTA_r_0.0542379_COIL_kr_2.7711_COIL_kw_5.3284_FUNZ_freq_2540.9_FUNZ_I_eff_127.5152.mph
% Version:            COMSOL 5.6.0.401
% Date:               Jan 28 2022, 05:00
% Table:              Tabella delle sonde 1 - 
% Tempo (s)                                       Temperatura (degC), Punto: (0, 0.5)               Temperatura (degC), Punto: (0.5*BILLETTA_r, 0.5)  Temperatura (degC), Punto: (BILLETTA_r-10*FUNZ_depth_billetta, 0.5)Temperatura (degC), Punto: (BILLETTA_r-5*FUNZ_depth_billetta, 0.5)Temperatura (degC), Punto: (BILLETTA_r-2*FUNZ_depth_billetta, 0.5)Temperatura (degC), Punto: (BILLETTA_r-FUNZ_depth_billetta, 0.5)Temperatura (degC), Punto: (BILLETTA_r-0.01[mm], 0.5)
0                                                 20                                                20                                                20.000000000641478                                20.00676194433055                                 20.215449791836477                                20.370500089615177                                20.53005455520008
5                                                 20.111822327162145                                29.933414919421182                                558.2368252693342                                 735.9518877048632                                 829.7406116076153                                 848.1341188426835                                 854.413764036519
10                                                24.55265491313571                                 86.53166925898722                                 972.3606408414736                                 1154.3279892594082                                1199.2700685927207                                1203.8930013999225                                1203.5779233218918
15                                                45.47835993412542                                 165.5404764038202                                 1141.5404068636885                                1230.401786233002                                 1249.4525652837146                                1250.3807722754063                                1248.6913403828485
20                                                84.05680448008951                                 244.33641659617035                                1198.3904650406566                                1251.8972102049065                                1261.6879534954405                                1261.29513167615                                  1259.1317741856665
25                                                133.13470847698642                                316.08610611242193                                1235.1750450260497                                1272.4143761823857                                1277.8263989895504                                1276.7772205782803                                1274.3431597909457
30                                                185.6541356594782                                 381.88511502955066                                1250.3094348883892                                1277.5442656343744                                1280.4098259629222                                1279.0067058215054                                1276.4491096902866
35                                                238.00026477601767                                441.9324719374133                                 1264.7509345672825                                1285.6614907291141                                1286.8733157588017                                1285.2257685837808                                1282.5660767136383
40                                                288.65133431937124                                496.6861104057575                                 1278.9322774898742                                1295.806281002594                                 1295.9403994777608                                1294.1195273476674                                1291.3711884948543
45                                                337.38410771403335                                547.7404456591644                                 1294.0135464003665                                1308.003816078463                                 1307.3379482800906                                1305.3738184968906                                1302.5375238672982
50                                                383.9494448464535                                 595.1555841110797                                 1310.505175517476                                 1322.6227254345022                                1321.3919732478885                                1319.3073651730851                                1316.380031065357
55                                                427.5537953011723                                 639.2839313339675                                 1328.6768940945653                                1339.4477657286643                                1337.7590462391072                                1335.5594619181716                                1332.5328303759693
60                                                468.4962806728124                                 680.373872487182                                  1348.1237847482926                                1358.0583407428776                                1356.0224360907428                                1353.7161473257743                                1350.5847353932509
65                                                507.0288341347433                                 720.0960842796147                                 1367.0091170534938                                1375.8368652227055                                1373.402817858368                                 1370.988845787118                                 1367.755011650133
67.97286000135863                                 528.757756309291                                  742.8025921723545                                 1378.2602720680252                                1386.4247960660673                                1383.7553775618803                                1381.278380786684                                 1377.9835371873592
