% Model:              batchmodel_BILLETTA_r_0.0542379_COIL_kr_2.7711_COIL_kw_3.2356_FUNZ_freq_7167.5_FUNZ_I_eff_61.5962.mph
% Version:            COMSOL 5.6.0.401
% Date:               Jan 28 2022, 04:08
% Table:              Tabella delle sonde 1 - 
% Tempo (s)                                       Temperatura (degC), Punto: (0, 0.5)               Temperatura (degC), Punto: (0.5*BILLETTA_r, 0.5)  Temperatura (degC), Punto: (BILLETTA_r-10*FUNZ_depth_billetta, 0.5)Temperatura (degC), Punto: (BILLETTA_r-5*FUNZ_depth_billetta, 0.5)Temperatura (degC), Punto: (BILLETTA_r-2*FUNZ_depth_billetta, 0.5)Temperatura (degC), Punto: (BILLETTA_r-FUNZ_depth_billetta, 0.5)Temperatura (degC), Punto: (BILLETTA_r-0.01[mm], 0.5)
0                                                 20                                                20                                                20.000000000035868                                20.00017109985248                                 20.168752224203445                                20.394241022190272                                20.621453018803436
5                                                 20.09969412247733                                 26.01433295058439                                 376.7968113538102                                 440.99201353321484                                478.30257011234016                                486.06533342298223                                489.0086989886371
10                                                23.32477774007873                                 60.93737778939237                                 634.9218078899017                                 721.7375909305294                                 766.8859736891517                                 775.9580917005261                                 779.1706734441233
15                                                37.33335999618339                                 118.40255546068158                                872.8887877177755                                 991.8436412991956                                 1040.8962459285663                                1048.698875943191                                 1050.7544888872044
20                                                63.703354309541226                                181.2691246069943                                 995.1844289192505                                 1072.6840808014422                                1093.8084280328912                                1095.9795721185546                                1095.8419301173126
25                                                101.14968918190914                                242.338741318669                                  1028.9656018411197                                1079.0775511852225                                1092.2958604732798                                1093.556408605526                                 1093.152814892374
30                                                144.38959265972204                                298.25981143998104                                1051.5369728527576                                1089.7227642912608                                1099.3380038520081                                1100.0275707072947                                1099.4147022198963
35                                                188.65295008711757                                349.6971553027646                                 1067.7728848738661                                1097.5327891439247                                1104.5639935993481                                1104.8571144049629                                1104.1000989330873
40                                                232.81221384966722                                396.60861626056703                                1079.6331421307077                                1103.4812090250302                                1108.7858916242326                                1108.8265656044919                                1107.977914798866
45                                                275.3909186681992                                 439.7607405298819                                 1090.1377128880172                                1109.6744130313232                                1113.6620163617572                                1113.4991908679008                                1112.5726364325515
50                                                316.2625599021793                                 479.35262242364536                                1099.1659539536886                                1115.5569019514146                                1118.5485235546603                                1118.224966693665                                 1117.2342084119273
55                                                355.01062954768804                                515.1514172525882                                 1106.3422200123923                                1120.321528982648                                 1122.562589856821                                 1122.118664699331                                 1121.0793067293835
60                                                391.5689857619211                                 547.9645702412367                                 1112.780540635114                                 1124.8577520856616                                1126.5028513814732                                1125.96169864099                                  1124.8816592648532
65                                                425.6877175484416                                 578.4854278147                                    1119.4134096670923                                1129.6852091575888                                1130.765795201467                                 1130.1324987422154                                1129.0129581113356
70                                                457.4922097713775                                 606.3661255390573                                 1125.7729780910663                                1134.5431884728282                                1135.1524965857307                                1134.4411997196007                                1133.2867186273274
75                                                486.98246243072913                                631.6066634143087                                 1131.859245907036                                 1139.4316900313797                                1139.6629555342647                                1138.8878015731461                                1137.7029408128287
80                                                514.8115498801545                                 655.1781740422504                                 1137.6859872873029                                1144.2155520391298                                1144.1128350270942                                1143.2800455501288                                1142.0669136494434
85                                                540.9282711835167                                 677.0045207654757                                 1143.252122338724                                 1148.9053711614488                                1148.516587060281                                 1147.633004709327                                 1146.39390245323
90                                                565.1315539205932                                 696.7867054966981                                 1148.5534101871226                                1153.5427618162248                                1152.9309664130246                                1152.005872820183                                 1150.7438560117862
95                                                587.5610547023313                                 714.9723475685004                                 1153.7478518109056                                1158.2231521680933                                1157.4325112369906                                1156.4722514407877                                1155.1892260420582
100                                               608.6276280679623                                 732.8782943065612                                 1159.300268880459                                 1163.2272814842163                                1162.2463884385083                                1161.2486683390048                                1159.9431576044985
105                                               628.0574630688427                                 749.6269426153005                                 1164.900884454395                                 1168.3680531702448                                1167.2225372093399                                1166.1908201961037                                1164.863601760545
110                                               645.8505597049725                                 765.2182924947184                                 1170.5496985327136                                1173.6454672261793                                1172.3609575494847                                1171.298707012084                                 1169.9505585101983
115                                               662.3600877859095                                 781.7353392458905                                 1176.503621381491                                 1179.235955852224                                 1177.813326743783                                 1176.720074469658                                 1175.3500966181564
120                                               677.4899414608223                                 798.6112506247551                                 1182.692741646359                                 1185.0915076774877                                1183.5383698187884                                1182.4147174772247                                1181.0224673218386
125                                               691.183207439097                                  815.5103520812519                                 1189.0756582555396                                1191.1836906649942                                1189.5116439904414                                1188.3588268281374                                1186.94413164982
130                                               703.5050831234176                                 832.5954219184151                                 1195.7231062689257                                1197.5665713685685                                1195.7824096188529                                1194.6010272168473                                1193.1635813601042
135                                               714.5581954295064                                 850.1226886744879                                 1202.7464294016245                                1204.325255688666                                 1202.4282071982352                                1201.2178585393312                                1199.7571470940507
140                                               724.2642245279638                                 867.8966112941708                                 1210.060655590406                                 1211.394794975532                                 1209.389861625883                                 1208.1509093003874                                1206.6665770493214
145                                               732.62317041879                                   885.9171897774642                                 1217.6657848352702                                1218.7751892291676                                1216.6673729017957                                1215.4001795000177                                1213.8918712259165
150                                               741.3658370188637                                 903.3708540136992                                 1225.4546390607788                                1226.3400396649904                                1224.1286465649569                                1222.8328936975176                                1221.3003409779963
155                                               749.6985382124581                                 920.630678788939                                  1233.4763663821836                                1234.1473083429364                                1231.8342565132243                                1230.5099380642018                                1228.9528326757877
160                                               757.5289548988056                                 937.7400590021074                                 1241.7366835554112                                1242.2037372295658                                1239.7912485140232                                1238.4383946901735                                1236.8564237798555
165                                               766.3498497145089                                 954.5548610179757                                 1250.1074843867314                                1250.374020908428                                 1247.8621865546834                                1246.4804933501764                                1244.8732101681344
170                                               777.3760328138045                                 970.9577888918642                                 1258.4845160625073                                1258.5480478388154                                1255.9352252154044                                1254.524116642227                                 1252.8909654734248
175                                               789.448357562634                                  987.0607639795418                                 1266.9672544535965                                1266.8308841673488                                1264.1170850742478                                1262.6762446641424                                1261.0167737658899
180                                               802.6633675541085                                 1002.8749770000867                                1275.5457970445805                                1275.2123954905492                                1272.3976054329955                                1270.9267253508074                                1269.2404980050874
185                                               819.6445315786829                                 1018.704523764493                                 1283.9510535798267                                1283.4171902429716                                1280.500680194843                                 1278.9996872008082                                1277.286674968937
190                                               838.9141211071595                                 1034.3781153833525                                1292.3345952726554                                1291.6003889941608                                1288.581832405392                                 1287.0505211185514                                1285.3104655892148
195                                               860.4721361395378                                 1049.895751856664                                 1300.696422123067                                 1299.7619917441166                                1296.641062064643                                 1295.0792271040382                                1293.3118698659205
200                                               883.3862320777977                                 1065.3415454964488                                1308.9803910091746                                1307.847253653386                                 1304.624535082888                                 1303.032281560485                                 1301.237665915381
205                                               907.3496520815705                                 1080.7431706487864                                1317.1680299124614                                1315.8381627615713                                1312.5145391515048                                1310.8920743365948                                1309.070342854915
210                                               932.8319812676408                                 1096.0582632672213                                1325.2876159039852                                1323.762291880144                                 1320.3381883733218                                1318.6855631521826                                1316.8367064433733
215                                               959.3812640508673                                 1111.2820097011936                                1333.3290029398363                                1331.6097767228875                                1328.0858107346871                                1326.403139543644                                 1324.5272089957498
220                                               984.0188279103605                                 1126.3826849557722                                1341.2253221878082                                1339.3156054185943                                1335.6936615619347                                1333.9814776722246                                1332.0789252426143
225                                               1008.5415087329128                                1141.3794266195987                                1349.0169111863756                                1346.9189953241357                                1343.2001937955715                                1341.4587778230643                                1339.5298138321587
230                                               1032.9493065185238                                1156.272234692672                                 1356.7037699355392                                1354.419946439511                                 1350.6054074355975                                1348.8350399961628                                1346.8798747643823
235                                               1052.5377624234943                                1169.9057964764484                                1363.2440994583048                                1360.7906700188837                                1356.8924030650155                                1355.097059442352                                 1353.1193660274962
240                                               1070.172137868226                                 1183.048435222067                                 1369.3401354135917                                1366.723203726342                                 1362.7458564897056                                1360.9270990971359                                1358.9283341499681
245                                               1087.8065133129576                                1196.191073967686                                 1375.4361713688781                                1372.6557374338008                                1368.5993099143957                                1366.7571387519197                                1364.73730227244
250                                               1105.4408887576892                                1209.3337127133045                                1381.5322073241646                                1378.5882711412596                                1374.4527633390853                                1372.587178406703                                 1370.5462703949115
