% Model:              batchmodel_BILLETTA_r_0.0542379_COIL_kr_1.9397_COIL_kw_3.7744_FUNZ_freq_2540.9_FUNZ_I_eff_61.5962.mph
% Version:            COMSOL 5.6.0.401
% Date:               Jan 28 2022, 00:40
% Table:              Tabella delle sonde 1 - 
% Tempo (s)                                       Temperatura (degC), Punto: (0, 0.5)               Temperatura (degC), Punto: (0.5*BILLETTA_r, 0.5)  Temperatura (degC), Punto: (BILLETTA_r-10*FUNZ_depth_billetta, 0.5)Temperatura (degC), Punto: (BILLETTA_r-5*FUNZ_depth_billetta, 0.5)Temperatura (degC), Punto: (BILLETTA_r-2*FUNZ_depth_billetta, 0.5)Temperatura (degC), Punto: (BILLETTA_r-FUNZ_depth_billetta, 0.5)Temperatura (degC), Punto: (BILLETTA_r-0.01[mm], 0.5)
0                                                 20                                                20                                                20.000000000004775                                20.00001558859003                                 20.057235886168485                                20.138117960638738                                20.23486637448798
5                                                 20.014839876106294                                21.75857503487191                                 137.0799203290648                                 174.67373430564356                                199.49824838263675                                205.46585697011812                                207.90456553160874
10                                                21.893158604122277                                39.54533153265123                                 265.6448521316155                                 316.43219767355265                                347.48872797734384                                354.36476027690867                                357.06478112635807
15                                                29.19942433117552                                 72.02601449512179                                 389.23954549240705                                453.5914231164911                                 490.75130455114663                                498.4611583330043                                 501.3424068272159
20                                                44.23788171423968                                 113.40364184644267                                507.5319654901656                                 584.3500429497842                                 626.1928804122763                                 634.4999468017918                                 637.4456359403874
25                                                67.58046524486576                                 160.2855128230845                                 618.9744095236023                                 708.2696950800488                                 756.2700757796057                                 765.7187817480977                                 768.8408727815432
30                                                96.95787210370594                                 208.8717454372956                                 713.5921478714209                                 817.1864507468978                                 872.0540280641984                                 882.2341725157975                                 885.2811485136257
35                                                132.4151193105124                                 257.7861362789657                                 812.2219605431536                                 934.6903985868825                                 988.9020859763151                                 997.6998951551931                                 999.7956379726983
40                                                170.44149274391572                                304.395786180665                                  889.3358389083925                                 1000.9195775146308                                1043.7954969551429                                1049.9185763213022                                1050.8194052763083
45                                                208.80400123181198                                349.140242347956                                  945.9350606699601                                 1040.0317217185693                                1070.9225439830548                                1074.5773362799719                                1074.475636144247
50                                                246.802114911329                                  391.27522837508764                                981.5974676647241                                 1057.6324396011996                                1079.204833179621                                 1081.2637996929416                                1080.5739091695332
55                                                283.913380706643                                  430.52315122880793                                1005.9362953562417                                1067.6675780616088                                1083.6860838543707                                1084.8848632235877                                1083.8878624466347
60                                                319.64778783385407                                466.6100087278296                                 1023.5171148969922                                1074.4579269049655                                1086.9183138061062                                1087.579907634531                                 1086.3913914312534
65                                                354.093888314859                                  500.55403071470425                                1038.0876316346134                                1080.2313293228622                                1089.8758096518295                                1090.11141984316                                  1088.7696721981151
70                                                387.203680034797                                  532.2753754555671                                 1049.5356821324362                                1084.949894042078                                 1092.548334839435                                 1092.473306663831                                 1091.0180380171737
75                                                418.65459062531806                                561.6450380908855                                 1058.9289271917755                                1089.0393416263646                                1095.0507404225368                                1094.7330790200213                                1093.1875847898036
80                                                448.2678708339289                                 588.5666209236275                                 1066.7476591066302                                1092.693991308338                                 1097.4354440712782                                1096.9215174683382                                1095.3015862731068
85                                                476.27365671460245                                613.3861141633481                                 1073.1141275831742                                1095.9165070604072                                1099.705806495239                                 1099.0426363034308                                1097.3644002507403
90                                                502.92478993304917                                636.9021110129834                                 1079.5594498006335                                1099.1866846207904                                1101.9991385304152                                1101.1831579996665                                1099.445546436616
95                                                528.0990372702034                                 658.7285413300016                                 1085.3434258356392                                1102.272572592507                                 1104.249058928095                                 1103.3011576346726                                1101.5114163730614
100                                               551.7963987260657                                 678.865405114403                                  1090.4660556881909                                1105.174170975558                                 1106.4555676882778                                1105.3966352084499                                1103.5620100600754
105                                               574.0168743006354                                 697.3127023661873                                 1094.9273393582898                                1107.8914797699417                                1108.6186648109642                                1107.469590720999                                 1105.597327497659
110                                               594.9239984533723                                 715.0738427032577                                 1099.1793686385377                                1110.5061996854938                                1110.7154384071355                                1109.4819935432765                                1107.57424423794
115                                               614.5178832162329                                 732.1495135277856                                 1103.2224532418113                                1113.0183866926209                                1112.7458727806284                                1111.4338176217798                                1109.4927307378102
120                                               632.7289525676122                                 748.1128124640607                                 1106.8642499247767                                1115.3932810815268                                1114.7197158346698                                1113.3412431541037                                1111.3711343689897
125                                               649.5572065075103                                 762.9637395120834                                 1110.1047586874333                                1117.630882852211                                 1116.6369675692617                                1115.2042701402488                                1113.209455131479
130                                               665.0051217594315                                 776.7297580284447                                 1112.9510924695019                                1119.7337927497915                                1118.4988404754613                                1117.0239015474858                                1115.0086206449569
135                                               679.32077505562                                   792.1616876936429                                 1116.1157065931811                                1121.962509917083                                 1120.4267816260708                                1118.9005978602659                                1116.861544332477
140                                               692.3428980438167                                 807.471290839347                                  1119.1354520366745                                1124.1476905097566                                1122.3418413786144                                1120.7690522815828                                1118.7078255490328
145                                               704.0714907240216                                 822.6585674655554                                 1122.0103287999827                                1126.289334527813                                 1124.2440197330911                                1122.6292648114368                                1120.5474642946251
150                                               714.5065530962349                                 837.7235175722695                                 1124.740336883106                                 1128.3874419712515                                1126.1333166895015                                1124.481235449828                                 1122.380460569253
155                                               724.1488155262022                                 852.5405645137786                                 1127.4133851826632                                1130.484862701041                                 1128.038544092255                                 1126.3515749057415                                1124.2325819643806
160                                               733.7296402034788                                 866.9262921906276                                 1130.1578726285197                                1132.6441828319544                                1130.0017842576135                                1128.2791505371829                                1126.1414643882767
165                                               742.5601607426916                                 881.0534593087708                                 1132.8528609113605                                1134.8064528157743                                1131.983400062541                                 1130.227353374204                                 1128.0716587673364
170                                               750.6403771438403                                 894.9220658682071                                 1135.4983500311846                                1136.9716726524998                                1133.9833915070371                                1132.1961834168055                                1130.0231651015602
175                                               757.970289406925                                  908.532111868937                                  1138.094339987993                                 1139.139842342132                                 1136.0017585911028                                1134.1856406649881                                1131.995983390947
180                                               767.0963347071053                                 921.6357803379977                                 1140.7500173742887                                1141.3767369421084                                1138.0910703750715                                1136.2461564456871                                1134.0396379353733
185                                               777.5738886692219                                 934.276341719221                                  1143.4463175059177                                1143.6708717026386                                1140.242147961529                                 1138.3689251235446                                1136.145481472262
190                                               788.6120592568124                                 946.5307649134401                                 1146.149328371484                                 1146.0018177006637                                1142.4386640475327                                1140.5382833492931                                1138.2981323637846
195                                               800.2108464698766                                 958.399049920656                                  1148.8590499709871                                1148.3695749361832                                1144.6806186330818                                1142.7542311229322                                1140.4975906099417
200                                               812.4629236868683                                 969.8967127673126                                 1151.5816852411344                                1150.7782866930906                                1146.9715244910872                                1145.0201765043716                                1142.7472155023906
205                                               826.6121190862704                                 981.2320038833653                                 1154.4004877288903                                1153.283562611865                                 1149.3585287742849                                1147.3818612267805                                1145.0920942246821
210                                               841.8144602131462                                 992.2636194861442                                 1157.2589675575741                                1155.8476699850426                                1151.8096408115143                                1149.8082482357609                                1147.501633852773
215                                               858.069947067496                                  1002.9915595756491                                1160.1571247271872                                1158.470608812624                                 1154.324860602775                                 1152.299337531314                                 1149.9758343866629
220                                               875.3785796493195                                 1013.4158241518802                                1163.0949592377283                                1161.152379094609                                 1156.9041881480675                                1154.85512911344                                  1152.5146958263526
225                                               892.7665259090237                                 1023.6159352167173                                1166.1034724725832                                1163.914621718639                                 1159.5663320009671                                1157.493829345176                                 1155.1361764717649
230                                               909.3139017379079                                 1033.6670094454157                                1169.2119484134569                                1166.7777787195068                                1162.328964306419                                 1160.2326360010697                                1157.8572397764297
235                                               926.0341654401569                                 1043.4862890018526                                1172.3881241979325                                1169.7193286189968                                1165.1726152400424                                1163.0526018819432                                1160.6591966982328
240                                               942.9273170157722                                 1053.0737738860284                                1175.63199982601                                  1172.7392714171087                                1168.0972848018378                                1165.9537269877965                                1163.5420472371748
245                                               959.9933564647525                                 1062.429464097942                                 1178.9435752976897                                1175.8376071138428                                1171.1029729918046                                1168.9360113186294                                1166.5057913932555
250                                               973.8311093073299                                 1070.9490486740706                                1182.456061608415                                 1179.1517452826693                                1174.3271482935952                                1172.1364383886512                                1169.6866534475366
