% Model:              batchmodel_BILLETTA_r_0.0542379_COIL_kr_1.4848_COIL_kw_4.5299_FUNZ_freq_7167.5_FUNZ_I_eff_85.0125.mph
% Version:            COMSOL 5.6.0.401
% Date:               Jan 27 2022, 21:31
% Table:              Tabella delle sonde 1 - 
% Tempo (s)                                       Temperatura (degC), Punto: (0, 0.5)               Temperatura (degC), Punto: (0.5*BILLETTA_r, 0.5)  Temperatura (degC), Punto: (BILLETTA_r-10*FUNZ_depth_billetta, 0.5)Temperatura (degC), Punto: (BILLETTA_r-5*FUNZ_depth_billetta, 0.5)Temperatura (degC), Punto: (BILLETTA_r-2*FUNZ_depth_billetta, 0.5)Temperatura (degC), Punto: (BILLETTA_r-FUNZ_depth_billetta, 0.5)Temperatura (degC), Punto: (BILLETTA_r-0.01[mm], 0.5)
0                                                 20                                                20                                                20.00000000026057                                 20.001408736456824                                20.308937686094737                                20.615217926142293                                20.901309105545124
5                                                 20.097177291992864                                29.051748078004778                                650.8181448838548                                 795.2470135208331                                 876.3336822639864                                 891.3991788087213                                 896.4946741752191
10                                                24.75929429136994                                 82.60630251735535                                 1015.680310562928                                 1123.7957952771162                                1150.5821998814254                                1153.3539409860632                                1153.287574287347
15                                                41.82301625790109                                 154.75548563613148                                1107.3574404389615                                1158.6364461247567                                1170.42126869521                                  1171.2182028345765                                1170.4879530965213
20                                                74.936598981094                                   227.9031398637311                                 1124.4213880436582                                1153.564569509243                                 1159.5756729285986                                1159.5826268143196                                1158.615413104891
25                                                119.64034559333447                                295.16508732228556                                1142.2433863439628                                1163.5442160603902                                1167.4078957814477                                1167.0985320998016                                1166.0111468756627
30                                                169.4721521781912                                 355.56771272389267                                1157.897123134886                                 1174.2945808981085                                1176.788076871825                                 1176.2674699604509                                1175.090863659153
35                                                220.8711618960869                                 409.76530463643326                                1171.1001042773833                                1184.597895845076                                 1186.2593735647515                                1185.6033529578244                                1184.36210287339
40                                                270.8288397105463                                 458.26799169111155                                1183.3255886526595                                1194.8913512591866                                1195.9727651992125                                1195.2156528329824                                1193.9202829201358
45                                                317.96247920260623                                501.75383296918267                                1195.1378203630074                                1205.2565856436227                                1205.896822160837                                 1205.0590077162983                                1203.7163106033927
50                                                361.61466898510093                                541.7126767674758                                 1208.409311034186                                 1217.3370350463497                                1217.6040934344437                                1216.693098751045                                 1215.3031885881023
55                                                401.87180783570875                                577.994793273702                                  1222.954194178953                                 1230.9769123930778                                1230.9475566045653                                1229.9723844471455                                1228.5360810395018
60                                                439.28834045251176                                611.567688602414                                  1238.8250689768734                                1246.1382558360865                                1245.8517021734438                                1244.8139518187672                                1243.3277100496362
65                                                473.79745082322484                                642.3147687981461                                 1256.0155967120381                                1262.8256401495469                                1262.3256297745456                                1261.2277926921447                                1259.6885934605739
70                                                505.91011190744575                                670.9776905134637                                 1274.484014964643                                 1280.8883494430538                                1280.189071654078                                 1279.0296180659561                                1277.4333228214155
75                                                535.9634506505593                                 698.057129212847                                  1294.2095978979141                                1300.2357021144444                                1299.331466389507                                 1298.1060014017266                                1296.4475133319943
80                                                563.8888153251401                                 723.8908506720206                                 1314.9389375281266                                1320.6139556579337                                1319.5010973075691                                1318.206110304879                                 1316.4812084112696
85                                                590.0790525578209                                 750.0433863464791                                 1336.07306326433                                  1341.3100904298562                                1339.9572667757516                                1338.5865797036413                                1336.7914450649673
90                                                614.3670085428236                                 776.0842607826925                                 1357.5666701820219                                1362.3232551230467                                1360.7125126465135                                1359.2620581639503                                1357.3937514754111
95                                                637.0343357648048                                 805.6888739633824                                 1375.7315946655663                                1379.8392937501799                                1377.9503396088307                                1376.4247310360638                                1374.4920081935834
100                                               657.9654462523308                                 837.3488705522551                                 1392.0814301461323                                1395.4235060239353                                1393.2370074154878                                1391.6372955974362                                1389.6441128782553
100.65333791011086                                660.5722081304833                                 841.637638569009                                  1394.083741539012                                 1397.3171518022345                                1395.090345648166                                 1393.4810285649874                                1391.4802379532716
