% Model:              batchmodel_BILLETTA_r_0.0542379_COIL_kr_2.7711_COIL_kw_4.5299_FUNZ_freq_7167.5_FUNZ_I_eff_85.0125.mph
% Version:            COMSOL 5.6.0.401
% Date:               Jan 28 2022, 04:51
% Table:              Tabella delle sonde 1 - 
% Tempo (s)                                       Temperatura (degC), Punto: (0, 0.5)               Temperatura (degC), Punto: (0.5*BILLETTA_r, 0.5)  Temperatura (degC), Punto: (BILLETTA_r-10*FUNZ_depth_billetta, 0.5)Temperatura (degC), Punto: (BILLETTA_r-5*FUNZ_depth_billetta, 0.5)Temperatura (degC), Punto: (BILLETTA_r-2*FUNZ_depth_billetta, 0.5)Temperatura (degC), Punto: (BILLETTA_r-FUNZ_depth_billetta, 0.5)Temperatura (degC), Punto: (BILLETTA_r-0.01[mm], 0.5)
0                                                 20                                                20                                                20.00000000026057                                 20.001408732993582                                20.3089374958426                                  20.61521764102639                                 20.90130874961676
5                                                 20.070288460557208                                28.152237362500784                                664.7549537775593                                 811.6223300741807                                 883.7430931184925                                 897.1139058308999                                 901.6303368933537
10                                                24.022150333426623                                81.16346592335827                                 1024.8881778149089                                1133.8665678333505                                1160.7460155311564                                1163.5340572777773                                1163.4573196833035
15                                                41.9328821901596                                  154.70049861639342                                1093.0055684210975                                1139.56664399802                                  1150.2778433982526                                1150.9595058291284                                1150.2327041779336
20                                                77.39028598382305                                 226.6446218004209                                 1121.259175719027                                 1152.3318275487054                                1158.873545378534                                 1158.955863286244                                 1158.0147580747298
25                                                123.23411848801283                                292.02478009666993                                1139.3907160885142                                1162.0122358679641                                1166.251722971822                                 1165.9973232027428                                1164.9303470268792
30                                                172.50930042349052                                348.7210686900796                                 1153.4605536999052                                1171.3213671994822                                1174.2274123988745                                1173.769843537691                                 1172.6193382741808
35                                                220.7873179841834                                 400.23895799480226                                1166.2229782320069                                1180.7579108740333                                1182.7191154823659                                1182.1121195900541                                1180.8945141811319
40                                                267.0586311245348                                 446.9568380306662                                 1178.7143462147956                                1190.8880009919271                                1192.161513455159                                 1191.4393114244453                                1190.1636082566329
45                                                311.5206224468619                                 490.6373440853106                                 1191.5221266043804                                1201.8648705437158                                1202.5914328940003                                1201.772645667124                                 1200.4435241053793
50                                                353.65278464787013                                530.8179645024394                                 1204.917282345485                                 1214.0127231554611                                1214.3470730138479                                1213.4521903023797                                1212.0747614237712
55                                                393.35620385199616                                567.8762330627363                                 1219.1263945994829                                1227.321652451747                                 1227.3537769385975                                1226.3935450778863                                1224.9691799522448
60                                                430.33698068736305                                601.8335750125219                                 1234.4009802408027                                1241.8869145873236                                1241.6635676866204                                1240.6419793466603                                1239.1692121176693
65                                                464.88656804372863                                633.0671659174204                                 1250.7666232024508                                1257.7550223003977                                1257.326244161969                                 1256.2476059891324                                1254.7249094083386
70                                                497.2591092832363                                 662.4447433596036                                 1268.6175648057583                                1275.15719658414                                  1274.5223534323382                                1273.3826125544733                                1271.8045179578971
75                                                527.4106748749134                                 689.717566553978                                  1287.721646967435                                 1293.91617564141                                  1293.0923273131043                                1291.8905385763082                                1290.2532353298693
80                                                555.8207734233474                                 715.911374495943                                  1307.8071124766961                                1313.6180627944395                                1312.5819833946261                                1311.311725285594                                 1309.6100144310471
85                                                582.2906801766097                                 740.6069918057241                                 1328.9833872559989                                1334.4310337185234                                1333.176180596798                                 1331.833307763689                                 1330.0625755031342
90                                                607.0835558202584                                 767.5067398590317                                 1349.4062941906927                                1354.3493584499479                                1352.8404366067666                                1351.4212793222637                                1349.5813371194035
95                                                630.1015691320007                                 795.2342632753563                                 1369.7614147948548                                1374.1186765340858                                1372.331079790897                                 1370.8317915120292                                1368.920805718757
95.88841588988319                                 634.0057839321529                                 800.2475856089828                                 1373.3710850148977                                1377.6157616427354                                1375.776074581022                                 1374.2621459192287                                1372.3383450254873
