% Model:              batchmodel_BILLETTA_r_0.0542379_COIL_kr_1.4848_COIL_kw_5.8583_FUNZ_freq_8940.8_FUNZ_I_eff_85.0125.mph
% Version:            COMSOL 5.6.0.401
% Date:               Jan 27 2022, 22:21
% Table:              Tabella delle sonde 1 - 
% Tempo (s)                                       Temperatura (degC), Punto: (0, 0.5)               Temperatura (degC), Punto: (0.5*BILLETTA_r, 0.5)  Temperatura (degC), Punto: (BILLETTA_r-10*FUNZ_depth_billetta, 0.5)Temperatura (degC), Punto: (BILLETTA_r-5*FUNZ_depth_billetta, 0.5)Temperatura (degC), Punto: (BILLETTA_r-2*FUNZ_depth_billetta, 0.5)Temperatura (degC), Punto: (BILLETTA_r-FUNZ_depth_billetta, 0.5)Temperatura (degC), Punto: (BILLETTA_r-0.01[mm], 0.5)
0                                                 20.000000000000057                                20                                                20.000000000616865                                20.00231545914778                                 20.388554766913614                                20.76750801641765                                 21.1058977250471
5                                                 20.08851387166618                                 28.880620071313615                                765.4592851077783                                 940.8226423213615                                 1017.472426832636                                 1030.0538112186446                                1033.9155356089977
10                                                23.98119832241167                                 84.09476794936484                                 1085.9320410343694                                1164.335455565929                                 1182.7579651028987                                1184.5409551707398                                1184.2221970813293
15                                                40.80882739100093                                 159.1928052689587                                 1119.0186339677216                                1152.0758159483535                                1159.3915319497255                                1159.674894341726                                 1158.907827622746
20                                                75.14841421562829                                 234.32191877238972                                1140.9408943028711                                1165.8510297807566                                1170.9265360188997                                1170.8735067159064                                1169.9741848904955
25                                                121.40732176666523                                301.526147806234                                  1158.3793998304586                                1175.6648208012507                                1178.673648774843                                 1178.3197856518082                                1177.3074945355452
30                                                173.2489971741644                                 361.55641491304436                                1174.5399387036182                                1188.2006000251426                                1190.1668620450482                                1189.646016628927                                 1188.5569869967726
35                                                225.83236184148075                                415.2021357941709                                 1190.1178694381874                                1201.8647526341106                                1203.2484249755394                                1202.622616288456                                 1201.4744263278872
40                                                276.0122506336605                                 463.49294139440906                                1205.6279238999778                                1215.9385570437444                                1216.8801460931386                                1216.1705641546637                                1214.9707833888492
45                                                322.53209654568866                                507.3521375576631                                 1222.7487883268586                                1231.8715018056528                                1232.4369631937943                                1231.6507030648654                                1230.3991046311476
50                                                365.8561274078554                                 547.3223490447458                                 1241.2751566265247                                1249.5371662498974                                1249.8043623454437                                1248.9488443760824                                1247.6441594865596
55                                                406.0680717464411                                 583.6674186748849                                 1261.223189367587                                 1268.9596234295532                                1269.0044214487439                                1268.0861097987968                                1266.726174041155
60                                                443.34097581690617                                617.3685817871312                                 1283.128059416803                                 1290.416908670025                                 1290.2439987538464                                1289.2587886489305                                1287.8373831662666
65                                                477.67354913652093                                648.4028688415714                                 1306.970067079917                                 1313.8948092462529                                1313.5104983874567                                1312.454548600152                                 1310.965577013496
70                                                509.89100387779933                                677.9620166498374                                 1331.7036884016024                                1338.1809841074337                                1337.5499806330345                                1336.4154405571967                                1334.8534700932669
74.1878939543845                                  535.052251475733                                  701.2818377368446                                 1353.3334573139641                                1359.4164752094289                                1358.5630580905345                                1357.3578512453846                                1355.7305200166475
