% Model:              batchmodel_BILLETTA_r_0.0542379_COIL_kr_1.4848_COIL_kw_4.5299_FUNZ_freq_4639.7_FUNZ_I_eff_61.5962.mph
% Version:            COMSOL 5.6.0.401
% Date:               Jan 27 2022, 21:20
% Table:              Tabella delle sonde 1 - 
% Tempo (s)                                       Temperatura (degC), Punto: (0, 0.5)               Temperatura (degC), Punto: (0.5*BILLETTA_r, 0.5)  Temperatura (degC), Punto: (BILLETTA_r-10*FUNZ_depth_billetta, 0.5)Temperatura (degC), Punto: (BILLETTA_r-5*FUNZ_depth_billetta, 0.5)Temperatura (degC), Punto: (BILLETTA_r-2*FUNZ_depth_billetta, 0.5)Temperatura (degC), Punto: (BILLETTA_r-FUNZ_depth_billetta, 0.5)Temperatura (degC), Punto: (BILLETTA_r-0.01[mm], 0.5)
0                                                 20                                                20                                                20.000000000012108                                20.00005019536087                                 20.106280056669448                                20.253754123477165                                20.41428403921418
5                                                 20.106321953500697                                24.507623425716417                                255.8098806630179                                 304.1483709555183                                 333.8503425178885                                 340.81201859245994                                343.60070612321715
10                                                22.583931498241895                                51.809203048351776                                462.1868159247159                                 534.3485574583272                                 575.0131282301738                                 583.3391579612695                                 586.4282452027796
15                                                33.98345568500315                                 98.68273684955932                                 639.1977276108793                                 732.4337972821135                                 784.5375178474816                                 794.5918687350201                                 797.9996461805223
20                                                56.61306365485672                                 154.57727126194345                                805.5881949401186                                 929.4429761497867                                 985.1594849785339                                 994.5226730929863                                 997.1348850729004
25                                                89.30139514026581                                 212.22944501401975                                929.7322266482698                                 1032.3008157394938                                1068.1033106328887                                1072.919333334346                                 1073.5995053711367
30                                                127.12729792154374                                268.79080740194775                                993.2244151015792                                 1064.3936841821323                                1084.3228020019765                                1086.4074659318594                                1086.0840835607496
35                                                168.5620298784993                                 322.55589168379345                                1023.9768991087336                                1075.245740062831                                 1088.5860436721937                                1089.7462630643672                                1089.110034274076
40                                                211.56940600995313                                372.1101883598402                                 1046.3670996208043                                1086.0654873577378                                1095.661087291683                                 1096.1767042021947                                1095.2958783275562
45                                                254.34661255457263                                417.5253721156246                                 1060.777531079264                                 1092.560616254032                                 1099.7918664249482                                1099.9504587129568                                1098.939278054505
50                                                296.0751473847175                                 458.7526655240421                                 1070.4079238178165                                1097.1173115260049                                1102.8808457027599                                1102.8239250217903                                1101.7337120007846
55                                                335.9193557836568                                 496.197322947211                                  1077.955663945835                                 1101.0417918821663                                1105.734354372013                                 1105.517084926371                                 1104.3666623790173
60                                                373.1008254803148                                 530.4474849358028                                 1086.0409596534546                                1105.5789525937275                                1109.167742016573                                 1108.7766833060955                                1107.5591221943682
65                                                407.8697842987684                                 561.3386537008084                                 1093.8340682558783                                1110.3318937125764                                1112.9264002332543                                1112.37154474128                                  1111.0887214982654
70                                                440.456830983024                                  589.8555989545346                                 1100.4474443964582                                1114.471165942357                                 1116.2815126288565                                1115.5997598318795                                1114.2656528077728
75                                                470.7928093053032                                 615.7029896932212                                 1106.1472616361643                                1118.245519920095                                 1119.4516501791823                                1118.6718301856026                                1117.296788383267
80                                                498.9974759972331                                 639.1044968488507                                 1111.1360099713825                                1121.7544080548578                                1122.4970567735431                                1121.6410670066434                                1120.2328400577135
85                                                525.5170710401336                                 661.029237535036                                  1115.85541860715                                  1125.1184248972445                                1125.4353543593447                                1124.5091165678537                                1123.0699570835022
90                                                550.1130604558409                                 680.9591780253218                                 1120.0693647643357                                1128.2731076041587                                1128.2571232669166                                1127.275098867376                                 1125.8101978466693
95                                                573.0319468368131                                 699.3878407400706                                 1124.1114429829413                                1131.382414758601                                 1131.070554770915                                 1130.0381724728768                                1128.5493474107238
100                                               594.3569363743785                                 716.4818126531717                                 1128.0942570731127                                1134.5016900755863                                1133.912168503079                                 1132.8318080536528                                1131.319737729019
105                                               613.9980449408602                                 732.0707474905109                                 1131.8922849099172                                1137.5698520926348                                1136.7420888910465                                1135.619565248564                                 1134.086208554601
110                                               632.6059013174013                                 748.6594097807213                                 1135.9270636254355                                1140.8690089160114                                1139.7991869470325                                1138.6333687877668                                1137.0777403159123
115                                               649.8865450838323                                 765.1161225144193                                 1140.0081386378001                                1144.2717013556912                                1142.9755384212162                                1141.7684328193282                                1140.1908774252106
120                                               665.8399762401532                                 781.4408856916058                                 1144.1355099470106                                1147.7779294116758                                1146.2711433135973                                1145.024757343248                                 1143.4256198824964
125                                               680.4661947863639                                 797.6336993122801                                 1148.3091775530675                                1151.3876930839642                                1149.6860016241753                                1148.4023423595268                                1146.7819676877684
130                                               693.769177589023                                  813.6974810065607                                 1152.5291759099373                                1155.1008809564305                                1153.2199831763514                                1151.9010572031862                                1150.2597901181225
135                                               706.171434481138                                  829.9422053224624                                 1156.7991654722741                                1158.905655968843                                 1156.8592577617337                                1155.5070197796877                                1153.8451989246191
140                                               717.389437544469                                  846.1598618624984                                 1161.1166898686351                                1162.8099614559683                                1160.6131062298728                                1159.2295457571126                                1157.5475139052883
145                                               727.4231867790156                                 862.3504506266685                                 1165.4817490990208                                1166.8137974178053                                1164.48152858077                                  1163.0686351354616                                1161.3667350601313
150                                               736.272682184778                                  878.5139716149728                                 1169.8943431634311                                1170.9171638543553                                1168.4645248144243                                1167.0242879147336                                1165.3028623891478
155                                               743.9748673678072                                 894.6433776408008                                 1174.357023193858                                 1175.1218190043137                                1172.563603892966                                 1171.0979714138875                                1169.3573443471355
160                                               754.4547009844608                                 909.9899622554559                                 1179.1408262835103                                1179.6145614758907                                1176.939080810194                                 1175.4455763772844                                1173.684067514298
165                                               765.0783144946996                                 925.0561496966442                                 1184.063871262294                                 1184.2700388716312                                1181.483375167018                                 1179.962491326637                                 1178.1797653194894
170                                               775.8457078985235                                 939.8419399643648                                 1189.1261581302097                                1189.0882511915352                                1186.1964869634385                                1184.648716261946                                 1182.8444377627097
175                                               786.7568811959326                                 954.3473330586188                                 1194.3276868872572                                1194.0691984356022                                1191.0784161994548                                1189.5042511832107                                1187.678084843958
180                                               797.8941067551297                                 968.564016525815                                  1199.6729044596773                                1199.2171774401072                                1196.1334188497858                                1194.533347073641                                 1192.684956402562
185                                               816.4303038038055                                 981.901679878422                                  1205.4830512266617                                1204.8283334449861                                1201.6509665131057                                1200.0247869294585                                1198.1539042303352
190                                               834.9665008524815                                 995.239343231029                                  1211.2931979936461                                1210.439489449865                                 1207.1685141764256                                1205.516226785276                                 1203.6228520581085
195                                               853.5026979011576                                 1008.5770065836363                                1217.103344760631                                 1216.050645454744                                 1212.6860618397454                                1211.0076666410941                                1209.0917998858822
200                                               872.0388949498334                                 1021.9146699362433                                1222.9134915276154                                1221.6618014596224                                1218.2036095030649                                1216.4991064969122                                1214.5607477136555
205                                               890.5703422088335                                 1035.2403918789605                                1228.726805736771                                 1227.2763163711506                                1223.7245570488126                                1221.9939461182116                                1220.0330880934685
210                                               908.6787326364414                                 1047.5025098781352                                1234.8222393954075                                1233.1900041936328                                1229.5483271583435                                1227.7915978870574                                1225.8075981301117
215                                               926.7871230640491                                 1059.76462787731                                  1240.9176730540444                                1239.1036920161155                                1235.3720972678739                                1233.5892496559031                                1231.582108166755
220                                               944.895513491657                                  1072.0267458764843                                1247.0131067126813                                1245.0173798385972                                1241.1958673774043                                1239.3869014247484                                1237.3566182033983
225                                               963.0039039192649                                 1084.2888638756594                                1253.1085403713182                                1250.9310676610794                                1247.0196374869347                                1245.1845531935946                                1243.131128240041
230                                               981.0846525203989                                 1096.5388034948096                                1259.2033087857635                                1256.844208932158                                 1252.8428918513137                                1250.9816910077711                                1248.9051213355292
235                                               996.7033839966531                                 1107.7040325865337                                1265.2388248713924                                1262.7086696676884                                1258.620209548088                                 1256.733051630004                                 1254.6330712371346
240                                               1012.3221154729075                                1118.8692616782578                                1271.2743409570207                                1268.5731304032188                                1264.3975272448629                                1262.4844122522363                                1260.36102113874
245                                               1027.9408469491614                                1130.0344907699814                                1277.3098570426491                                1274.4375911387492                                1270.1748449416373                                1268.2357728744691                                1266.0889710403449
250                                               1043.559578425416                                 1141.1997198617055                                1283.3453731282775                                1280.3020518742796                                1275.9521626384117                                1273.9871334967024                                1271.8169209419502
