% Model:              batchmodel_BILLETTA_r_0.0542379_COIL_kr_1.6756_COIL_kw_3.2356_FUNZ_freq_4639.7_FUNZ_I_eff_85.0125.mph
% Version:            COMSOL 5.6.0.401
% Date:               Jan 27 2022, 22:30
% Table:              Tabella delle sonde 1 - 
% Tempo (s)                                       Temperatura (degC), Punto: (0, 0.5)               Temperatura (degC), Punto: (0.5*BILLETTA_r, 0.5)  Temperatura (degC), Punto: (BILLETTA_r-10*FUNZ_depth_billetta, 0.5)Temperatura (degC), Punto: (BILLETTA_r-5*FUNZ_depth_billetta, 0.5)Temperatura (degC), Punto: (BILLETTA_r-2*FUNZ_depth_billetta, 0.5)Temperatura (degC), Punto: (BILLETTA_r-FUNZ_depth_billetta, 0.5)Temperatura (degC), Punto: (BILLETTA_r-0.01[mm], 0.5)
0                                                 20                                                20                                                20.000000000093905                                20.000550655952736                                20.197566794163833                                20.397376727283188                                20.599650441638687
5                                                 20.065467233823313                                26.381846344612313                                458.63081179851554                                567.7752976938822                                 626.5054206110357                                 638.1793916038633                                 642.4489403972257
10                                                24.225870861425676                                72.031310174351                                   809.2305721106876                                 981.3037637262131                                 1049.4717385823178                                1059.9023775649675                                1062.6170818786964
15                                                40.47857308704084                                 138.82491342650218                                1007.7313212751905                                1107.7971472420509                                1133.1647706171584                                1135.7070917745282                                1135.3819672183035
20                                                73.1537984894166                                  207.96311710876302                                1071.91772567201                                  1132.1929117789819                                1146.1950193336093                                1147.1450221246682                                1146.2694371130651
25                                                114.7914288086804                                 273.2973992276379                                 1114.4801493107102                                1155.1683140202977                                1163.456505353594                                 1163.5345270383755                                1162.3239605628264
30                                                162.08194731291178                                332.36265835882523                                1122.0428131094955                                1151.0161843661094                                1156.3833152986508                                1156.087843747801                                 1154.7762328507852
35                                                209.22286024089647                                383.7357874602393                                 1132.9266852280884                                1156.0120480355536                                1159.779869028962                                 1159.2530855855002                                1157.8569676495467
40                                                254.7224232395597                                 430.74228692661586                                1143.0902060965882                                1161.7876246620276                                1164.3462967872165                                1163.639346653531                                 1162.1722756049508
45                                                298.23121665842007                                473.7894902614338                                 1152.544356129666                                 1167.931381752217                                 1169.5638362187033                                1168.7144836954908                                1167.187021945951
50                                                339.63426869451587                                513.4204614770988                                 1161.502316072841                                 1174.3237179897415                                1175.2265370289188                                1174.2611145655883                                1172.6806251271119
55                                                378.6291748436106                                 550.0550453485664                                 1170.6049909580806                                1181.4108527510953                                1181.7264825231987                                1180.6627923241977                                1179.0327087769274
60                                                415.5394433920927                                 584.095774023208                                  1179.8329399021832                                1189.0994473888804                                1188.9511979571803                                1187.8046506938335                                1186.1279453536517
65                                                450.2850599875703                                 615.6572115932637                                 1189.2638219530195                                1197.33360627427                                  1196.8114235297276                                1195.5935092209847                                1193.8725442163504
70                                                482.78530074822766                                644.8549380511465                                 1198.9759848021595                                1206.0569381224423                                1205.217107926016                                 1203.935361171963                                 1202.1718830330547
75                                                513.094956968921                                  671.6105035341723                                 1208.9162499927006                                1215.307718490078                                 1214.229373431443                                 1212.8940135707635                                1211.0901866647869
80                                                541.6913067092064                                 696.9682253664633                                 1219.5098294455033                                1225.277058377515                                 1223.9734505803572                                1222.5847626146365                                1220.7391726444894
85                                                568.4085233397304                                 720.5652634417812                                 1230.6089865148438                                1235.8985577221806                                1234.4058289766958                                1232.9675495173365                                1231.080025565594
90                                                593.3040106905165                                 743.345266046748                                  1242.3420958463162                                1247.2538783248465                                1245.5936703325597                                1244.107004279524                                 1242.1759744635679
95                                                616.5195802559224                                 767.0926751628195                                 1254.9746756159125                                1259.5055410245627                                1257.6680697446245                                1256.128861150842                                 1254.1499413114002
100                                               637.9729809560994                                 790.7725092423701                                 1268.3527245080581                                1272.5592832612301                                1270.552991674917                                 1268.9601939002127                                1266.930631006665
105                                               657.8377387671886                                 816.0949409465192                                 1282.3500124556276                                1286.2191428445512                                1284.0321853941055                                1282.381927963721                                 1280.2981894069667
110                                               676.0878770506109                                 842.8039593994675                                 1296.985435954145                                 1300.5144550884997                                1298.138023387066                                 1296.4268585510245                                1294.285528423965
115                                               692.6256232756704                                 870.3588545917206                                 1312.137580883475                                 1315.3233549352767                                1312.749785725479                                 1310.974760353126                                 1308.7729220778829
120                                               707.2161574112523                                 897.8011800810799                                 1327.3599648902145                                1330.1663081707025                                1327.3824138360624                                1325.5408807032964                                1323.2768652685663
125                                               719.9820691672037                                 925.6313006392194                                 1342.8856777235455                                1345.2936595370834                                1342.2891364977886                                1340.3782886794997                                1338.0497757716885
130                                               731.9037555369948                                 952.969965021137                                  1357.5592272294375                                1359.5212429038943                                1356.2924143564887                                1354.31402012001                                  1351.9236220038565
135                                               743.0849789911405                                 979.7241157389038                                 1371.2583193562355                                1372.7237294461574                                1369.267619946625                                 1367.2239317848366                                1364.7747827753487
139.14739681942547                                751.6012950620171                                 1001.648806553292                                 1382.113587192665                                 1383.1343956503988                                1379.4861758162283                                1377.3891200372623                                1374.8926281990584
