% Model:              batchmodel_BILLETTA_r_0.0542379_COIL_kr_1.4848_COIL_kw_3.7744_FUNZ_freq_4639.7_FUNZ_I_eff_85.0125.mph
% Version:            COMSOL 5.6.0.401
% Date:               Jan 27 2022, 20:58
% Table:              Tabella delle sonde 1 - 
% Tempo (s)                                       Temperatura (degC), Punto: (0, 0.5)               Temperatura (degC), Punto: (0.5*BILLETTA_r, 0.5)  Temperatura (degC), Punto: (BILLETTA_r-10*FUNZ_depth_billetta, 0.5)Temperatura (degC), Punto: (BILLETTA_r-5*FUNZ_depth_billetta, 0.5)Temperatura (degC), Punto: (BILLETTA_r-2*FUNZ_depth_billetta, 0.5)Temperatura (degC), Punto: (BILLETTA_r-FUNZ_depth_billetta, 0.5)Temperatura (degC), Punto: (BILLETTA_r-0.01[mm], 0.5)
0                                                 20                                                20                                                20.000000000090722                                20.000527605428317                                20.197128998810115                                20.395754771784823                                20.596294437892197
5                                                 20.09545060769807                                 27.245916147106527                                467.53873055417216                                574.9715845464451                                 632.3114685763994                                 643.8512617488312                                 648.0800837007606
10                                                22.592701129768727                                68.25904921741375                                 813.4953507659881                                 992.1350649179577                                 1063.2410855891703                                1074.1540424362033                                1077.0106078398258
15                                                35.32579747021424                                 135.49788453782878                                1022.7063872977034                                1114.2108655882184                                1136.3209501169435                                1138.397124024525                                 1137.9125863231543
20                                                64.17103422422804                                 208.03948643278534                                1083.6952227890638                                1133.1464525655651                                1144.556040356798                                 1145.1602255046664                                1144.1766772712567
25                                                106.21961616744659                                275.71174231199143                                1109.097004113286                                 1144.144312839398                                 1151.071371563784                                 1151.0030840976624                                1149.7794067949526
30                                                155.51927108806598                                337.4185366526742                                 1124.9488417140474                                1151.3743841288956                                1156.0587027568295                                1155.669109113786                                 1154.32767009684
35                                                206.99258279557097                                392.81719425739357                                1137.1584892387546                                1158.1281739700694                                1161.30969573523                                  1160.6969711701972                                1159.2687066039816
40                                                256.4569751052902                                 442.7462586839946                                 1147.9766753337376                                1164.8485159603688                                1166.8885903722194                                1166.102367306581                                 1164.6025980531326
45                                                303.31409793827197                                487.52462737349504                                1157.697007143971                                 1171.5208542467267                                1172.709489266104                                 1171.7903365538186                                1170.2317080175508
50                                                347.35834230569117                                528.0707771958968                                 1166.9504263538656                                1178.5171053248396                                1179.0541962211014                                1178.0281225165627                                1176.417547265466
55                                                388.6155294293633                                 564.9030590715706                                 1175.9919765616                                   1185.9192569431684                                1185.9663011638195                                1184.8545441283572                                1183.197463838459
60                                                426.9647915231958                                 599.3069331060474                                 1185.567978628596                                 1194.042837913621                                 1193.6491866886731                                1192.4573421396713                                1190.7537623121189
65                                                462.4537085512454                                 630.7763740994343                                 1195.3846411244845                                1202.7636393794382                                1202.0227906314994                                1200.7626118448075                                1199.0146779471838
70                                                495.09968605000904                                659.335002073305                                  1205.4484750169627                                1212.0831938938995                                1211.0872956056282                                1209.7703514669665                                1207.9801604603554
75                                                526.128960053238                                  686.6468692432518                                 1216.2181839607788                                1222.1094712432314                                1220.8555668878544                                1219.4804358289261                                1217.6466673469513
80                                                554.860341556797                                  711.7875744007242                                 1227.4389525067277                                1232.782492900355                                 1231.320457660724                                 1229.8929344681528                                1228.016166511331
85                                                581.2938305606863                                 734.757117545722                                  1239.1107806548098                                1244.102258865269                                 1242.4819679242378                                1241.007847384646                                 1239.0886579534936
90                                                606.0657083219448                                 759.3601633235277                                 1251.5642339400047                                1256.163624209144                                 1254.3648065949374                                1252.8385520421507                                1250.8722541330017
95                                                628.9309005960255                                 784.1312822509018                                 1264.6719895819188                                1268.9300539332653                                1266.9594566251521                                1265.3798958893613                                1263.3638304019473
100                                               649.8446132429717                                 808.8026262988111                                 1278.410775798341                                 1282.3948702496464                                1280.264178509508                                 1278.6309371541038                                1276.5628156439489
105                                               669.067532494129                                  834.8034103210624                                 1292.6123755656909                                1296.2735867502547                                1293.962377849948                                 1292.2707368531765                                1290.1471518334874
110                                               686.548563909145                                  861.8535085406953                                 1307.309759381233                                 1310.6219627045043                                1308.1161070744197                                1306.3621989521985                                1304.1799622682142
115                                               702.242403310437                                  889.7045403539224                                 1322.5321613701049                                1325.489438478628                                 1322.7803865373048                                1320.9610988429622                                1318.7172168162147
120                                               716.4883011373064                                 917.252243451236                                  1337.4365963038854                                1339.995807408453                                 1337.0740181911474                                1335.1885598705112                                1332.8831907086378
125                                               729.3023716615418                                 944.4441657768101                                 1351.9830226925396                                1354.099259999361                                 1350.955145450986                                 1349.0028357151778                                1346.636287339255
130                                               740.5810155872989                                 971.6175236889429                                 1366.428868872053                                 1368.0685911593055                                1364.6928659704686                                1362.6723151306346                                1360.2439329480803
131.9817454239852                                 744.6264112455408                                 982.3825220681803                                 1372.1266341443693                                1373.568208584616                                 1370.0981152917798                                1368.0501325969522                                1365.5970615023198
