% Model:              batchmodel_BILLETTA_r_0.0542379_COIL_kr_2.7711_COIL_kw_4.5299_FUNZ_freq_2540.9_FUNZ_I_eff_61.5962.mph
% Version:            COMSOL 5.6.0.401
% Date:               Jan 28 2022, 04:37
% Table:              Tabella delle sonde 1 - 
% Tempo (s)                                       Temperatura (degC), Punto: (0, 0.5)               Temperatura (degC), Punto: (0.5*BILLETTA_r, 0.5)  Temperatura (degC), Punto: (BILLETTA_r-10*FUNZ_depth_billetta, 0.5)Temperatura (degC), Punto: (BILLETTA_r-5*FUNZ_depth_billetta, 0.5)Temperatura (degC), Punto: (BILLETTA_r-2*FUNZ_depth_billetta, 0.5)Temperatura (degC), Punto: (BILLETTA_r-FUNZ_depth_billetta, 0.5)Temperatura (degC), Punto: (BILLETTA_r-0.01[mm], 0.5)
0                                                 20                                                20                                                20.00000000000489                                 20.0000160992563                                  20.057329069194907                                20.138446137288952                                20.235895664549275
5                                                 20.06953574610634                                 22.78276129138169                                 159.52120785268733                                200.04694240542926                                225.81079935157265                                232.089141782949                                  234.66079281536457
10                                                21.878653286576593                                41.65723602120755                                 283.2781525245447                                 334.8098796450049                                 365.6911411711882                                 372.6760112140487                                 375.4262605268242
15                                                30.043331251316715                                76.1293979241438                                  403.3989528359292                                 469.21922637430475                                506.63055722264437                                514.3139286206991                                 517.1643233532591
20                                                46.30723021826941                                 118.53482623229081                                519.0778054007305                                 596.613736698316                                  639.1608880742345                                 647.599727451265                                  650.5930135258402
25                                                70.60343360249544                                 165.25514137395737                                622.0998901144201                                 710.0205239980056                                 758.1670564653558                                 767.6159554479729                                 770.7276534572767
30                                                101.85490339405942                                213.8746694351704                                 717.6436969820177                                 827.0993956364101                                 883.8494645679635                                 894.0300014083158                                 896.9861889616735
35                                                137.15852488967005                                262.11712098602277                                815.2196701605397                                 938.4557829945358                                 993.1747560901625                                 1002.1065548779651                                1004.2433732902315
40                                                175.00573990922948                                307.590994906                                     886.7436078447478                                 996.768984982804                                  1039.4858255390714                                1045.6279379576308                                1046.553409681669
45                                                212.772660798917                                  351.747931977491                                  944.5763764946388                                 1038.963854933851                                 1070.300494417735                                 1074.0521039303435                                1073.9887257262121
50                                                250.25055635858098                                393.4973743773612                                 981.2027677974464                                 1057.4281073038774                                1079.0634468727444                                1081.1339565269445                                1080.4486609039009
55                                                286.8231705397193                                 432.2047328886408                                 1005.5466459994437                                1067.683226776338                                 1083.7964380745984                                1085.0049935180568                                1084.010260886228
60                                                321.8748111989662                                 467.56230981587134                                1022.8989971318587                                1074.4609188171303                                1087.086837747117                                 1087.768238400628                                 1086.5851048174527
65                                                355.9549038567891                                 501.3049429810268                                 1037.8062609450221                                1080.287644962208                                 1090.0322859872363                                1090.2800362198982                                1088.941411127259
70                                                388.5112915852992                                 532.66919685667                                   1049.473323420339                                 1084.9966397206467                                1092.6063394578055                                1092.531679083388                                 1091.0761124580135
75                                                419.69843807480606                                561.9453663313076                                 1058.5340906022802                                1088.8286561982263                                1094.9011163887326                                1094.5929265726563                                1093.0511289564306
80                                                449.0696530370567                                 588.8457864621784                                 1066.5818933831015                                1092.517197934304                                 1097.2612759148396                                1096.7487748888984                                1095.1300223316389
85                                                476.8329428774756                                 613.5044116966568                                 1072.874779138655                                 1095.7207006759727                                1099.5263235959828                                1098.866512314557                                 1097.1900620807255
90                                                503.1845123721059                                 636.5942410756144                                 1078.6464933509078                                1098.78283217745                                  1101.7608506816905                                1100.9701711050284                                1099.2417465947242
95                                                528.208348301119                                  658.4033563860565                                 1084.4251491100272                                1101.850701743147                                 1103.9925058927793                                1103.0700384296242                                1101.2895697808553
100                                               551.8242774779724                                 678.6567567909245                                 1089.7066133940425                                1104.783879871175                                 1106.1948959558422                                1105.1562942292521                                1103.3292417870593
105                                               574.0322999026665                                 697.3544422902183                                 1094.4908862029538                                1107.5823665615362                                1108.3680208708797                                1107.228938503912                                 1105.3607626133353
110                                               594.8324155752008                                 714.4964128839381                                 1098.777967536761                                 1110.2461618142283                                1110.5118806378923                                1109.287971253605                                 1107.384132259685
115                                               614.3423957213419                                 731.2360324561765                                 1102.7937210512723                                1112.783327519228                                 1112.5771571545642                                1111.2758847560872                                1109.3390953821545
120                                               632.5695264021969                                 747.644655276057                                  1106.5521200781518                                1115.1943624352289                                1114.5607992961                                   1113.189121225697                                 1111.2219242101014
125                                               649.4557353824961                                 763.1535650175593                                 1109.941792698889                                 1117.475291296047                                 1116.4871255021021                                1115.0560373510407                                1113.062330266756
130                                               665.0010226622394                                 777.7627616806827                                 1112.9627389134826                                1119.6261141016835                                1118.3561357725703                                1116.8766331321194                                1114.8603135521175
135                                               679.219738999039                                  791.7017279641167                                 1115.6863469540244                                1121.6742975853986                                1120.181954628692                                 1118.6630241165108                                1116.6272631678085
140                                               692.2257857480358                                 806.7918583244201                                 1118.679222193975                                 1123.837844045358                                 1122.076687796687                                 1120.5113708920176                                1118.4535739308526
145                                               703.9405098116008                                 821.7754125368539                                 1121.5501026707275                                1125.966214833274                                 1123.9629221270961                                1122.3552710168851                                1120.2768248774278
150                                               714.3639111897336                                 836.6523906014173                                 1124.2989883842815                                1128.0594099491477                                1125.8406576199186                                1124.194724491113                                 1122.097016007533
155                                               723.4959898824346                                 851.4227925181109                                 1126.9258793346376                                1130.1174293929785                                1127.7098942751545                                1126.029731314702                                 1123.9141473211698
160                                               732.44230047858                                   865.8246684241338                                 1129.5664624571818                                1132.2086257263468                                1129.6172138697339                                1127.9034229796484                                1125.7700248135802
165                                               741.321086507131                                  879.8300017235623                                 1132.2352500177371                                1134.3403095318117                                1131.5675985128573                                1129.820412573244                                 1127.669119804823
170                                               749.5987049218778                                 893.5652336832003                                 1134.8667469333286                                1136.4794875320208                                1133.5385635243579                                1131.7598808424113                                1129.5912528493277
175                                               757.2751557228211                                 907.0303643030489                                 1137.4609532039567                                1138.626159726975                                 1135.5301089042346                                1133.7218277871493                                1131.536423947095
180                                               764.7125739276224                                 920.1880063330854                                 1140.0327218180778                                1140.7901939533963                                1137.5505522482422                                1135.714310696951                                 1133.5125727913364
185                                               774.7852098281986                                 932.7414187539424                                 1142.699940315767                                 1143.0499108132622                                1139.6659099614662                                1137.8012799371418                                1135.5827163906793
190                                               785.5082873124369                                 944.8955122125395                                 1145.3812029912947                                1145.351227034726                                 1141.8305952750052                                1139.9385754156733                                1137.7033391703903
195                                               796.8818063803373                                 956.6502867088763                                 1148.076509844661                                 1147.694142617789                                 1144.0446081888595                                1142.1261971325462                                1139.8744411304697
200                                               808.9057670318997                                 968.005742242953                                  1150.7858608758665                                1150.0786575624502                                1146.3079487030286                                1144.3641450877608                                1142.0960222709168
205                                               822.3406435299363                                 979.1448184753066                                 1153.5603966597437                                1152.5407686396406                                1148.6521640861433                                1146.6832169792824                                1144.3985067090498
210                                               837.2677716686479                                 990.0870815415814                                 1156.4055868873434                                1155.0843258494133                                1151.0806284460123                                1149.0867067453105                                1146.7851484271087
215                                               853.3200761301317                                 1000.7442278168791                                1159.2967463803739                                1157.6919538159277                                1153.5781141487396                                1151.5597485641788                                1149.2412619280526
220                                               870.4975569143875                                 1011.1162573011992                                1162.2338751388343                                1160.3636525391853                                1156.1446211943257                                1154.1023424358896                                1151.7668472118798
225                                               888.5051827429837                                 1021.2242496296634                                1165.2240345421856                                1163.1043897935738                                1158.7844566916615                                1156.7186819760554                                1154.3660409776558
230                                               905.0013028591603                                 1031.2355129731045                                1168.323270460031                                 1165.953594593927                                 1161.5318059815304                                1159.442051734126                                 1157.0716760305781
235                                               921.602913701258                                  1041.0345148527522                                1171.4928811469158                                1168.8840397474755                                1164.3630628219971                                1162.249467497892                                 1159.861080104548
240                                               938.310015269276                                  1050.6212552686065                                1174.7328666028407                                1171.895725254219                                 1167.2782272130626                                1165.1409292673552                                1162.7342531995664
245                                               955.122607563215                                  1059.995734220668                                 1178.0432268278046                                1174.9886511141567                                1170.2772991547267                                1168.1164370425145                                1165.6911953156327
250                                               971.5203496686128                                 1069.059629583132                                 1181.4436826625029                                1178.1834058905579                                1173.3809421758833                                1171.196589989896                                 1168.7523923212239
