% Model:              batchmodel_BILLETTA_r_0.0542379_COIL_kr_2.4069_COIL_kw_4.5299_FUNZ_freq_2540.9_FUNZ_I_eff_127.5152.mph
% Version:            COMSOL 5.6.0.401
% Date:               Jan 28 2022, 02:53
% Table:              Tabella delle sonde 1 - 
% Tempo (s)                                       Temperatura (degC), Punto: (0, 0.5)               Temperatura (degC), Punto: (0.5*BILLETTA_r, 0.5)  Temperatura (degC), Punto: (BILLETTA_r-10*FUNZ_depth_billetta, 0.5)Temperatura (degC), Punto: (BILLETTA_r-5*FUNZ_depth_billetta, 0.5)Temperatura (degC), Punto: (BILLETTA_r-2*FUNZ_depth_billetta, 0.5)Temperatura (degC), Punto: (BILLETTA_r-FUNZ_depth_billetta, 0.5)Temperatura (degC), Punto: (BILLETTA_r-0.01[mm], 0.5)
0                                                 20                                                20                                                20.000000000641478                                20.006761947750704                                20.215449809943834                                20.370500113978096                                20.53005458514599
5                                                 20.121897983066447                                30.246291646429825                                558.3845805321636                                 739.7367215919613                                 835.3785415713243                                 853.4754916384221                                 859.5311679927689
10                                                25.110724737290752                                87.7733636297204                                  967.5541117370007                                 1150.972343186339                                 1196.7861967852323                                1201.536610012236                                 1201.2641721992636
15                                                46.43661327108197                                 166.36232689645777                                1135.471872761149                                 1224.485103840988                                 1243.7737130950836                                1244.7552343220177                                1243.1026773043577
20                                                84.59275109985487                                 244.61684791786126                                1207.2868126813505                                1261.2022056778196                                1270.9586848455624                                1270.5298320748743                                1268.3218485242369
25                                                134.03567852014334                                316.35689803785465                                1229.986989513624                                 1267.1605737749292                                1272.643148276095                                 1271.622536368242                                 1269.216514049684
30                                                186.42356870903126                                382.3537569101601                                 1248.2313462221327                                1275.2248250263428                                1278.046772031787                                 1276.645165197252                                 1274.0965382079248
35                                                238.8503135697522                                 442.81744628762226                                1263.791378331654                                 1284.4486473593306                                1285.6010783567917                                1283.9492482811202                                1281.292775680607
40                                                289.8616938617097                                 498.70544842354013                                1279.1137200063872                                1295.4937985090214                                1295.4966037426452                                1293.658746678895                                 1290.9064812929573
45                                                339.0210511332823                                 550.3244061599344                                 1294.922575288651                                 1308.531788842692                                 1307.7572030210304                                1305.776534925446                                 1302.9333458480555
50                                                385.7512313156725                                 597.4675907354932                                 1311.6233504353                                   1323.577546708615                                 1322.2945511680855                                1320.1996762274803                                1317.265590535685
55                                                429.51495643845726                                641.3131681773292                                 1329.9183547548537                                1340.6874640234155                                1338.9883654975397                                1336.7832424871472                                1333.7501609909668
60                                                470.4560954775768                                 682.2615988164588                                 1349.3313563712727                                1359.222236859971                                 1357.1684141769942                                1354.8562637363625                                1351.7185243145877
65                                                508.7896910996752                                 721.2764970788376                                 1368.9654061086908                                1377.8554875097157                                1375.4195200156964                                1372.9986292254143                                1369.754532612707
65.40863146027849                                 511.80475747962043                                724.3656147396497                                 1370.5916877153477                                1379.400943369627                                 1376.9338822849982                                1374.5041142400323                                1371.251201331906
