% Model:              batchmodel_BILLETTA_r_0.0542379_COIL_kr_1.4848_COIL_kw_4.5299_FUNZ_freq_8940.8_FUNZ_I_eff_85.0125.mph
% Version:            COMSOL 5.6.0.401
% Date:               Jan 27 2022, 21:35
% Table:              Tabella delle sonde 1 - 
% Tempo (s)                                       Temperatura (degC), Punto: (0, 0.5)               Temperatura (degC), Punto: (0.5*BILLETTA_r, 0.5)  Temperatura (degC), Punto: (BILLETTA_r-10*FUNZ_depth_billetta, 0.5)Temperatura (degC), Punto: (BILLETTA_r-5*FUNZ_depth_billetta, 0.5)Temperatura (degC), Punto: (BILLETTA_r-2*FUNZ_depth_billetta, 0.5)Temperatura (degC), Punto: (BILLETTA_r-FUNZ_depth_billetta, 0.5)Temperatura (degC), Punto: (BILLETTA_r-0.01[mm], 0.5)
0                                                 20.000000000000057                                20                                                20.000000000616865                                20.00231545889028                                 20.388554755119173                                20.767507998787153                                21.105897703216783
5                                                 20.088534447449263                                28.88308700862183                                 765.8072168531913                                 941.2834363137946                                 1017.909239334712                                 1030.4793652724547                                1034.3356142813682
10                                                23.979182614218473                                84.1017654385883                                  1085.5091399535781                                1163.9197695668672                                1182.3543311280223                                1184.140039763372                                 1183.8229785880221
15                                                40.806375760722744                                159.20073479375463                                1118.9641521507679                                1152.0507820041794                                1159.3743304059672                                1159.6588178798524                                1158.8921523736053
20                                                75.14375059427385                                 234.3197853011818                                 1140.980366029251                                 1165.91239884462                                  1170.9938534509347                                1170.9415481027404                                1170.0423399322544
25                                                121.40672239228644                                301.51353501791993                                1158.281056820896                                 1175.5684436398028                                1178.5778924628262                                1178.2242582849626                                1177.2122218062582
30                                                173.25416344516668                                361.53794338793546                                1174.5017198867668                                1188.1702407572398                                1190.138675070019                                 1189.618180921725                                 1188.529319733811
35                                                225.84023620419129                                415.1783128812468                                 1190.0991095385084                                1201.852520319023                                 1203.2380946521303                                1202.6125853636258                                1201.464520752275
40                                                276.00621752399593                                463.4743812803014                                 1205.6270350246177                                1215.9384694736514                                1216.8802727898697                                1216.1707108015207                                1214.9709262242968
45                                                322.5162049034493                                 507.3259215992024                                 1222.7482683262415                                1231.869365439668                                 1232.4345110324457                                1231.6482241295625                                1230.3966327745497
50                                                365.8404808742722                                 547.3005242308698                                 1241.26662878676                                  1249.528143896829                                 1249.7952091896427                                1248.939684339156                                 1247.6350118515065
55                                                406.052341904738                                  583.6313575366983                                 1261.1991015339186                                1268.9386767760857                                1268.9844211120826                                1268.0662815223031                                1266.706445350926
60                                                443.3242237404023                                 617.3419500944551                                 1283.111623884241                                 1290.4006420996402                                1290.227835173128                                 1289.2426658805061                                1287.8213034614664
65                                                477.6594066540646                                 648.376760422619                                  1306.9403530652748                                1313.8645606055184                                1313.4802587101872                                1312.4243637836357                                1310.9354656316896
70                                                509.86970259080954                                677.9289565126122                                 1331.6940400097265                                1338.1724263449769                                1337.5417462093933                                1336.4072586905627                                1334.84532043047
74.03498770941779                                 534.1294514113084                                 700.4082184502424                                 1352.553144439304                                 1358.6548362052035                                1357.8106855005067                                1356.608193511881                                 1354.9832826842912
