% Model:              batchmodel_BILLETTA_r_0.0542379_COIL_kr_1.9397_COIL_kw_3.7744_FUNZ_freq_7167.5_FUNZ_I_eff_61.5962.mph
% Version:            COMSOL 5.6.0.401
% Date:               Jan 28 2022, 00:54
% Table:              Tabella delle sonde 1 - 
% Tempo (s)                                       Temperatura (degC), Punto: (0, 0.5)               Temperatura (degC), Punto: (0.5*BILLETTA_r, 0.5)  Temperatura (degC), Punto: (BILLETTA_r-10*FUNZ_depth_billetta, 0.5)Temperatura (degC), Punto: (BILLETTA_r-5*FUNZ_depth_billetta, 0.5)Temperatura (degC), Punto: (BILLETTA_r-2*FUNZ_depth_billetta, 0.5)Temperatura (degC), Punto: (BILLETTA_r-FUNZ_depth_billetta, 0.5)Temperatura (degC), Punto: (BILLETTA_r-0.01[mm], 0.5)
0                                                 20                                                20                                                20.000000000035868                                20.000171100048135                                20.168752288923372                                20.394241131559397                                20.621453155278914
5                                                 20.093746948703483                                25.81955102656923                                 362.6421021836012                                 424.3905755665934                                 460.6273990265461                                 468.39223779862755                                471.3724208864827
10                                                23.36546281242221                                 60.17125462516509                                 619.940379383031                                  706.9916271094993                                 754.3735069666185                                 763.9554791181491                                 767.3480237972936
15                                                36.563576021774566                                116.04060681163219                                864.776738495032                                  986.8621712264732                                 1037.8366484130247                                1046.048667990632                                 1048.2722857564213
20                                                62.91229462828471                                 178.73861467734883                                983.6749995982422                                 1062.3146543352482                                1085.1630741709391                                1087.817156292118                                 1087.890225432613
25                                                99.38823301484331                                 240.04308890513607                                1037.1896388558334                                1091.0659493783382                                1104.4652780029846                                1105.6418469265313                                1105.1739760461924
30                                                141.9520336942614                                 296.7781454700407                                 1061.5501584674093                                1100.264136029823                                 1109.5062023756873                                1110.0866056361378                                1109.4119893631814
35                                                186.91762134940944                                348.83309837419404                                1066.0850036774168                                1095.3693108484645                                1102.376917502671                                 1102.6797873165015                                1101.9310263284142
40                                                231.4296605861589                                 396.08951978581354                                1077.631061704983                                 1101.7204918420625                                1107.1438366115885                                1107.2060434625396                                1106.3676633691784
45                                                274.2145090727988                                 438.607674484408                                  1089.325888503337                                 1109.1590066876079                                1113.2311105944573                                1113.080321312736                                 1112.158514148664
50                                                313.03042134763484                                474.5870650952089                                 1097.4977745816882                                1114.406437934755                                 1117.5685309823316                                1117.2732311864306                                1116.2940942778341
55                                                350.2552419707994                                 508.6297590284396                                 1105.105822536209                                 1119.4361451800019                                1121.7957728523606                                1121.372361396987                                 1120.3416412990023
60                                                384.8801245252073                                 539.5077757952978                                 1111.7925255756077                                1124.1100785008312                                1125.842976493539                                 1125.3182500793055                                1124.2453370036442
65                                                416.9463802328436                                 567.7904536632535                                 1117.9677056771766                                1128.6254161079905                                1129.8384419655367                                1129.228588052706                                 1128.1190496114232
70                                                447.75264060241125                                594.7950573495627                                 1123.8909863985004                                1133.0626532840097                                1133.8084289852732                                1133.1214190857881                                1131.9779970484556
75                                                476.57580057245684                                619.7387540577837                                 1129.5219817685293                                1137.4779194721973                                1137.8371840968857                                1137.0849814437865                                1135.9115588190657
80                                                503.8012280264759                                 643.0220315092736                                 1134.917490417949                                 1141.8754842057965                                1141.913287134662                                 1141.1055301942765                                1139.905235421456
85                                                529.4800182947473                                 664.6979897501744                                 1140.085043189153                                 1146.255913575601                                 1146.0352239165354                                1145.1812429179759                                1143.9571043891592
90                                                553.6598682263058                                 684.9949399761337                                 1145.2988842973436                                1150.7724327516926                                1150.319409871871                                 1149.4227774258634                                1148.1756245184665
95                                                576.3678058846219                                 704.0422578086417                                 1150.7144179296924                                1155.511868845425                                 1154.8318133754665                                1153.892839460544                                 1152.6222554506212
100                                               597.5736098731985                                 721.6952820529217                                 1156.1578790821704                                1160.3771362271987                                1159.4986719687859                                1158.5213146717242                                1157.2282761620618
105                                               617.3028551938268                                 738.1652753195137                                 1161.6582094539303                                1165.3892983243031                                1164.3385835209556                                1163.3263980021693                                1162.011702777933
110                                               635.7803877666275                                 755.3095800415466                                 1167.469853718299                                 1170.7335369689317                                1169.515053592219                                 1168.46805263315                                  1167.130926381391
115                                               652.8741571656003                                 772.0373920834985                                 1173.4433783098902                                1176.3010961746927                                1174.9320565181029                                1173.8523333144262                                1172.4929250043515
120                                               668.5841633907456                                 788.3487114453693                                 1179.5787832287037                                1182.0919759415879                                1180.5895922986074                                1179.4792400459987                                1178.097698646815
125                                               682.9880609747581                                 805.3083623206145                                 1186.0513145846903                                1188.242614628241                                 1186.6119754280394                                1185.471079378602                                 1184.066620760018
130                                               696.0866746844201                                 822.9276541794414                                 1192.86283366225                                  1194.7544613429286                                1193.0005262474265                                1191.8291503269465                                1190.4009804482475
135                                               707.855134841126                                  840.8655659050638                                 1199.9572160565317                                1201.583820270213                                 1199.715431736045                                 1198.5142829353                                   1197.0619065906703
140                                               718.4455521051964                                 858.9700013513933                                 1207.3251080079103                                1208.7123860372844                                1206.7361592922803                                1205.5058272660508                                1204.0289834926411
145                                               728.2759603928832                                 876.8229664905194                                 1214.9408033051363                                1216.089851409476                                 1214.0062807614854                                1212.7470326991483                                1211.2461042858636
150                                               737.0659033126543                                 894.7048909531305                                 1222.821548087737                                 1223.7499672021022                                1221.563653446664                                 1220.2759728776587                                1218.7509107242981
155                                               744.8153808645095                                 912.615774739227                                  1230.9673423557128                                1231.6927334151633                                1229.4082773478153                                1228.0926478015808                                1226.5434028079449
160                                               753.6259281588458                                 930.0196623609814                                 1239.1719729004258                                1239.691892447032                                 1237.3074873939318                                1235.9632461955039                                1234.3891458902108
165                                               762.7838147238828                                 947.0985768363722                                 1247.5054745502075                                1247.8242866706737                                1245.3403020844316                                1243.9671758366662                                1242.3677594597661
170                                               772.036345907958                                  963.9169630012865                                 1255.9926429768825                                1256.1171219536218                                1253.5346977394734                                1252.1325508681548                                1250.5074326156505
175                                               782.867160838049                                  980.4728575000983                                 1264.514139219521                                 1264.4450579117806                                1261.7637741245817                                1260.3322921853733                                1258.6810720450721
180                                               796.8877766392537                                 996.7641277514025                                 1272.9403382394394                                1272.6719508079277                                1269.889693205348                                 1268.4283674665958                                1266.750629993479
185                                               812.7277574479625                                 1012.7925873046764                                1281.3814733063118                                1280.9135774198521                                1278.0296725916755                                1276.5381595438657                                1274.833502417007
190                                               830.4036516089622                                 1028.5634313414735                                1289.8340222297825                                1289.1664320820519                                1286.1802372793386                                1284.6582071934                                   1282.9262432507708
195                                               850.7085170199795                                 1044.3256321797853                                1298.1291886187555                                1297.2625103355472                                1294.1748522110406                                1292.622635767777                                 1290.8637043178037
200                                               873.2022925644825                                 1059.9410371871813                                1306.360636162282                                 1305.2950364329586                                1302.1059262808426                                1300.5234877052085                                1298.7375249440079
205                                               897.8849782424717                                 1075.4096463636615                                1314.5283648603618                                1313.264010374287                                 1309.973459488745                                 1308.3607630056927                                1306.5477051293833
210                                               922.359584990946                                  1090.7160130315033                                1322.5974223718385                                1321.1369928704848                                1317.7461833867028                                1316.1035081652312                                1314.2635561554712
215                                               945.8932420783159                                 1105.855414424892                                 1330.5571221448922                                1328.9040657263195                                1325.414537759883                                 1323.7422592619932                                1321.8756950576617
220                                               969.6534236718768                                 1120.8353739812474                                1338.4244880183105                                1336.5810287769064                                1332.9937521752067                                1331.29209246669                                  1329.399069040588
225                                               993.6401297716287                                 1135.65589170057                                  1346.1995199920952                                1344.1678820222455                                1340.4838266326738                                1338.7530077793217                                1336.8336781042499
230                                               1017.8533603775717                                1150.3169675828594                                1353.8822180662441                                1351.6646254623365                                1347.8847611322844                                1346.1250051998877                                1344.179522248648
235                                               1038.5646483800647                                1164.047360088654                                 1360.64806140901                                  1358.2580292130492                                1354.3921197702166                                1352.6066095585625                                1350.6378797091593
240                                               1056.9043631343716                                1177.2466280996287                                1366.8614481412455                                1364.3067303444354                                1360.360665112149                                 1358.5513628856806                                1356.5612004660024
245                                               1075.2440778886785                                1190.445896110603                                 1373.074834873481                                 1370.3554314758212                                1366.3292104540815                                1364.4961162127993                                1362.4845212228456
250                                               1093.5837926429854                                1203.6451641215772                                1379.2882216057164                                1376.4041326072074                                1372.297755796014                                 1370.440869539918                                 1368.4078419796888
