% Model:              batchmodel_BILLETTA_r_0.0542379_COIL_kr_1.6756_COIL_kw_4.5299_FUNZ_freq_7167.5_FUNZ_I_eff_85.0125.mph
% Version:            COMSOL 5.6.0.401
% Date:               Jan 27 2022, 23:25
% Table:              Tabella delle sonde 1 - 
% Tempo (s)                                       Temperatura (degC), Punto: (0, 0.5)               Temperatura (degC), Punto: (0.5*BILLETTA_r, 0.5)  Temperatura (degC), Punto: (BILLETTA_r-10*FUNZ_depth_billetta, 0.5)Temperatura (degC), Punto: (BILLETTA_r-5*FUNZ_depth_billetta, 0.5)Temperatura (degC), Punto: (BILLETTA_r-2*FUNZ_depth_billetta, 0.5)Temperatura (degC), Punto: (BILLETTA_r-FUNZ_depth_billetta, 0.5)Temperatura (degC), Punto: (BILLETTA_r-0.01[mm], 0.5)
0                                                 20                                                20                                                20.000000000260627                                20.001408735731218                                20.30893764507698                                 20.615217863717874                                20.901309026110425
5                                                 20.095287758604456                                29.123371662958903                                659.4155236993005                                 808.5525263391347                                 893.6270646504066                                 909.4148131801859                                 914.7468633600353
10                                                24.80376400892027                                 83.38758937108071                                 1013.6691947992946                                1115.6616085275837                                1141.5104605006964                                1144.2467630699784                                1144.199400587078
15                                                42.96313741934455                                 156.15387740799525                                1099.9303892165558                                1148.149500628509                                 1159.2991532304009                                1160.0242100594114                                1159.2927216157996
20                                                79.48752104111367                                 227.38477113159036                                1127.1698423647963                                1158.7041715350952                                1165.2718824950603                                1165.339326198699                                 1164.3790527264673
25                                                125.01257840602409                                292.29350737327                                   1142.153484895532                                 1164.8829875973533                                1169.119222293179                                 1168.857307841095                                 1167.7816436046355
30                                                173.75742320159344                                349.1412484066916                                 1154.472780063244                                 1172.3647723723966                                1175.270097423831                                 1174.8100851487475                                1173.6565165448133
35                                                221.79733874800786                                400.72147599575374                                1166.8599825672554                                1181.3681075341374                                1183.3184424393762                                1182.7086823630552                                1181.488862671024
40                                                267.9475581602537                                 447.6023882052783                                 1179.1515343963497                                1191.2752358981143                                1192.533461701822                                 1191.8083771518095                                1190.5309129095494
45                                                312.1142662279998                                 490.83218669179394                                1191.7199231542336                                1202.0657320479331                                1202.7913859536275                                1201.9715353663505                                1200.6410516332412
50                                                353.8715982530863                                 530.7142829546574                                 1205.0935649948497                                1214.1541640055038                                1214.4779177352461                                1213.5806272632153                                1212.201461905774
55                                                393.51104252076607                                567.6682643967835                                 1219.180948807228                                 1227.3828080543376                                1227.4176495290403                                1226.457845864264                                 1225.033674288337
60                                                430.4144272431016                                 601.7859709579951                                 1234.5740154486439                                1242.039132333619                                 1241.8093027814775                                1240.7865775445443                                1239.3132110034321
65                                                464.8218963035432                                 633.0317251773739                                 1251.0428110793841                                1258.0114628448582                                1257.5756793078285                                1256.4955814012283                                1254.9718861697793
70                                                497.14564920642147                                662.3722330924448                                 1268.8547981127367                                1275.3915672066337                                1274.7548166097654                                1273.6144135648897                                1272.0356702949912
75                                                527.4043252280626                                 689.8512082466987                                 1288.0220709490504                                1294.183595064887                                 1293.3484347075614                                1292.1444105361288                                1290.5057377411495
80                                                555.7334043059698                                 716.093610376636                                  1308.2565171858873                                1314.05738721857                                  1313.0161850490658                                1311.744332756707                                 1310.0411588120032
85                                                582.3307503753967                                 741.8463427827148                                 1329.3403201232136                                1334.725244857323                                 1333.4514553593385                                1332.1052429461197                                1330.3326454046369
90                                                607.1210843190341                                 767.6236909062476                                 1350.639983494395                                 1355.560403600136                                 1354.0360018376778                                1352.6118203701085                                1350.7674212130255
95                                                630.2551513634835                                 796.6076339488133                                 1369.6452434844527                                1373.934382047048                                 1372.1312689778706                                1370.6304091901338                                1368.7194529949002
99.79581018929575                                 650.8229246525597                                 826.0412305912872                                 1386.8069212203404                                1390.3851118636767                                1388.2926358962904                                1386.7173176728688                                1384.7441454084287
