% Model:              batchmodel_BILLETTA_r_0.0542379_COIL_kr_1.6756_COIL_kw_3.7744_FUNZ_freq_2540.9_FUNZ_I_eff_127.5152.mph
% Version:            COMSOL 5.6.0.401
% Date:               Jan 27 2022, 22:49
% Table:              Tabella delle sonde 1 - 
% Tempo (s)                                       Temperatura (degC), Punto: (0, 0.5)               Temperatura (degC), Punto: (0.5*BILLETTA_r, 0.5)  Temperatura (degC), Punto: (BILLETTA_r-10*FUNZ_depth_billetta, 0.5)Temperatura (degC), Punto: (BILLETTA_r-5*FUNZ_depth_billetta, 0.5)Temperatura (degC), Punto: (BILLETTA_r-2*FUNZ_depth_billetta, 0.5)Temperatura (degC), Punto: (BILLETTA_r-FUNZ_depth_billetta, 0.5)Temperatura (degC), Punto: (BILLETTA_r-0.01[mm], 0.5)
0                                                 20                                                20                                                20.000000000649095                                20.007128481217876                                20.215348133015766                                20.36825822275665                                 20.526742471542264
5                                                 20.139275715652275                                30.80450125577829                                 562.7660366586417                                 744.1094629085778                                 847.5073674528218                                 867.2658236888693                                 873.8184819413228
10                                                25.21928365510405                                 88.45926332178783                                 973.5945951307673                                 1153.7806154411005                                1198.5872929850411                                1203.2188316590446                                1202.9111805734556
15                                                46.10299410691579                                 167.4606231416214                                 1138.6051800782611                                1225.953044632347                                 1244.7322088987853                                1245.6378882651757                                1243.9570836497955
20                                                85.17542841448278                                 245.6704144255914                                 1199.4501674284215                                1252.9711746095277                                1262.7646267369373                                1262.369254962577                                 1260.2013669880025
25                                                134.45684132001514                                317.8516149287715                                 1227.6784796151296                                1264.1847428288083                                1269.5168506503956                                1268.4853710807065                                1266.0869656424438
30                                                187.0481226933224                                 384.4218937641764                                 1247.8801258265612                                1274.2117768285657                                1276.8657404201576                                1275.444539354708                                 1272.8937862947969
35                                                239.76680516445128                                445.98762974145234                                1265.0712395320647                                1284.9605186654803                                1285.9011366415525                                1284.2189263235582                                1281.5515099977588
40                                                291.3349155841753                                 502.31125617475664                                1280.9481560748036                                1296.8022533305061                                1296.6540128205056                                1294.7916736107813                                1292.0272797392927
45                                                340.9990190516605                                 553.6744816773029                                 1296.6748320866545                                1310.1140812308395                                1309.2861262667457                                1307.2934736344891                                1304.440783997633
50                                                388.0028569680345                                 600.6525279307447                                 1313.408508108194                                 1325.2870165062236                                1323.975827201119                                 1321.8718716576159                                1318.9285180049665
55                                                431.9537784063623                                 644.0593424664154                                 1331.5392474824334                                1342.3048839610915                                1340.5978614185592                                1338.3867999143022                                1335.345756349379
60                                                473.22039710498984                                685.9460228032805                                 1350.1946574222816                                1359.8045706853318                                1357.685579840797                                 1355.3646994467103                                1352.2223709421219
65                                                511.7640374419809                                 725.9512042779303                                 1369.4905994645505                                1378.0018294419642                                1375.4770801862996                                1373.0455723167383                                1369.7980754536925
66.57520648002244                                 523.3428213430077                                 738.1647432377099                                 1375.7023018166879                                1383.8792167901906                                1381.2279232338487                                1378.7613956456316                                1375.47996197136
