% Model:              batchmodel_BILLETTA_r_0.0542379_COIL_kr_2.4069_COIL_kw_3.7744_FUNZ_freq_2540.9_FUNZ_I_eff_127.5152.mph
% Version:            COMSOL 5.6.0.401
% Date:               Jan 28 2022, 02:32
% Table:              Tabella delle sonde 1 - 
% Tempo (s)                                       Temperatura (degC), Punto: (0, 0.5)               Temperatura (degC), Punto: (0.5*BILLETTA_r, 0.5)  Temperatura (degC), Punto: (BILLETTA_r-10*FUNZ_depth_billetta, 0.5)Temperatura (degC), Punto: (BILLETTA_r-5*FUNZ_depth_billetta, 0.5)Temperatura (degC), Punto: (BILLETTA_r-2*FUNZ_depth_billetta, 0.5)Temperatura (degC), Punto: (BILLETTA_r-FUNZ_depth_billetta, 0.5)Temperatura (degC), Punto: (BILLETTA_r-0.01[mm], 0.5)
0                                                 20                                                20                                                20.000000000641478                                20.006761946661356                                20.215449805030858                                20.370500107096916                                20.53005457634805
5                                                 20.121960142872638                                30.254618314914524                                559.4318049499026                                 741.6847028638613                                 837.4792746796765                                 855.5507564432527                                 861.5853282820032
10                                                25.12007964677167                                 87.84075105086231                                 968.0811119142071                                 1151.2286498117305                                1196.9257342262354                                1201.6577202707213                                1201.3785143856658
15                                                46.45380000396784                                 166.45806027043056                                1135.827580015864                                 1224.710931435177                                 1243.9625143369199                                1244.9382964833667                                1243.2832113078089
20                                                84.61567650100511                                 244.74091649107663                                1207.5878395898862                                1261.4218490210437                                1271.1559870028987                                1270.7234392721953                                1268.5135543982392
25                                                134.08895907146308                                316.4710835362679                                 1230.1572825129083                                1267.2946331112062                                1272.767138989058                                 1271.7447696895929                                1269.3377369993777
30                                                186.48798334837045                                382.45250630430974                                1248.3216682305747                                1275.30016482462                                  1278.1178372196478                                1276.71542901148                                  1274.1662883225254
35                                                238.91380456141212                                442.89606636518306                                1263.848484360683                                 1284.503408482377                                 1285.6550060479904                                1284.0029049427799                                1281.3461505128143
40                                                289.9273676265117                                 498.781675616303                                  1279.1469933670319                                1295.5246047917858                                1295.5267548418428                                1293.6887237155183                                1290.936292176952
45                                                339.0859021769694                                 550.396102300787                                  1294.9473329500338                                1308.5561269485656                                1307.7814282283448                                1305.800676330467                                 1302.9573715811816
50                                                385.8052018489818                                 597.5394665061525                                 1311.6603906880105                                1323.6067256751858                                1322.3214842884563                                1320.2262105876293                                1317.291890082031
55                                                429.5735781350679                                 641.3810091072985                                 1329.9480017621113                                1340.7147957374345                                1339.0149955895358                                1336.809702603367                                 1333.776465442364
60                                                470.509022499445                                  682.329887714889                                  1349.3708706915836                                1359.2628442293426                                1357.2089649191394                                1354.8966552596153                                1351.7587056352272
65                                                508.8478156084491                                 721.3657380812734                                 1368.9658860498616                                1377.848908462363                                 1375.4115490543459                                1372.9905381507683                                1369.7464471449175
65.51866402228286                                 512.6726712013368                                 725.2872251446271                                 1371.0245950277717                                1379.8037188279009                                1377.3266733604019                                1374.894399674709                                 1371.6391484765527
