% Model:              batchmodel_BILLETTA_r_0.0542379_COIL_kr_1.9397_COIL_kw_4.5299_FUNZ_freq_8940.8_FUNZ_I_eff_85.0125.mph
% Version:            COMSOL 5.6.0.401
% Date:               Jan 28 2022, 01:21
% Table:              Tabella delle sonde 1 - 
% Tempo (s)                                       Temperatura (degC), Punto: (0, 0.5)               Temperatura (degC), Punto: (0.5*BILLETTA_r, 0.5)  Temperatura (degC), Punto: (BILLETTA_r-10*FUNZ_depth_billetta, 0.5)Temperatura (degC), Punto: (BILLETTA_r-5*FUNZ_depth_billetta, 0.5)Temperatura (degC), Punto: (BILLETTA_r-2*FUNZ_depth_billetta, 0.5)Temperatura (degC), Punto: (BILLETTA_r-FUNZ_depth_billetta, 0.5)Temperatura (degC), Punto: (BILLETTA_r-0.01[mm], 0.5)
0                                                 20.000000000000057                                20                                                20.000000000616865                                20.00231545655015                                 20.38855464366378                                 20.767507830801208                                21.105897492481517
5                                                 20.13959698189791                                 30.212839020796594                                768.0095082549527                                 947.5019785929356                                 1025.5959099984589                                1038.426013951022                                 1042.3667855146523
10                                                24.219578232412005                                85.30248745618235                                 1079.3056226170438                                1153.6715078652128                                1171.268900402309                                 1172.9917409771942                                1172.6803080346303
15                                                41.30090161692709                                 160.36163558564238                                1117.6678677293157                                1151.1313575687022                                1158.5775796566718                                1158.8815754347952                                1158.1228953318714
20                                                75.74985713745247                                 235.16527960702422                                1141.342675267484                                 1165.866405925367                                 1170.8348041130298                                1170.7671467294845                                1169.8632337845256
25                                                122.22249603726681                                302.108621322182                                  1159.217988063799                                 1176.3416935052906                                1179.3024964336937                                1178.940790389152                                 1177.9247284622656
30                                                174.43234464026733                                361.98872803443453                                1174.8952698687885                                1188.8273270735617                                1190.8561633532117                                1190.3423192085593                                1189.2541975638583
35                                                227.66511176224145                                415.3936430393843                                 1188.3755985110424                                1200.661602454552                                 1202.1883804798053                                1201.5836247613843                                1200.4438571244532
40                                                277.4402051508024                                 463.7195748351189                                 1203.4839492396131                                1214.1717453362885                                1215.2195688289858                                1214.5269900873418                                1213.335368432247
45                                                323.5290265429493                                 507.3221227914528                                 1220.6868002243327                                1229.8740208322515                                1230.4703398350966                                1229.6920929107337                                1228.4468756788287
50                                                366.67397342298204                                547.1000849446406                                 1239.2323671964818                                1247.5257468426876                                1247.8127016375752                                1246.9634420017692                                1245.664416251791
55                                                406.68679667525373                                583.2668555119311                                 1259.3850292592474                                1267.1162841050027                                1267.168974845878                                 1266.2549927317923                                1264.8998861260557
60                                                443.60366674020054                                616.4943108016431                                 1281.2065537242338                                1288.552985698771                                 1288.404556989979                                 1287.4260801035343                                1286.01041906902
65                                                478.3043908862113                                 648.1453286214985                                 1304.0227919043914                                1310.9517880124345                                1310.5823483480372                                1309.5337659745778                                1308.0528061792666
70                                                510.9617261330334                                 678.5363759982284                                 1327.7084681543602                                1334.1346318372057                                1333.5107202775089                                1332.3848133814595                                1330.833583585761
75                                                541.4240077934609                                 707.3896241484335                                 1352.3735629055914                                1358.2578366919342                                1357.3579050052153                                1356.1488665080346                                1354.5225946762216
78.35306013357629                                 560.6227852813345                                 725.8775361286447                                 1369.4629092832397                                1374.9619065102638                                1373.8648018144067                                1372.5967613362468                                1370.9174922791076
