% Model:              batchmodel_BILLETTA_r_0.0542379_COIL_kr_1.6756_COIL_kw_3.2356_FUNZ_freq_2540.9_FUNZ_I_eff_61.5962.mph
% Version:            COMSOL 5.6.0.401
% Date:               Jan 27 2022, 22:25
% Table:              Tabella delle sonde 1 - 
% Tempo (s)                                       Temperatura (degC), Punto: (0, 0.5)               Temperatura (degC), Punto: (0.5*BILLETTA_r, 0.5)  Temperatura (degC), Punto: (BILLETTA_r-10*FUNZ_depth_billetta, 0.5)Temperatura (degC), Punto: (BILLETTA_r-5*FUNZ_depth_billetta, 0.5)Temperatura (degC), Punto: (BILLETTA_r-2*FUNZ_depth_billetta, 0.5)Temperatura (degC), Punto: (BILLETTA_r-FUNZ_depth_billetta, 0.5)Temperatura (degC), Punto: (BILLETTA_r-0.01[mm], 0.5)
0                                                 20                                                20                                                20.000000000004775                                20.000015588595204                                20.057235893997984                                20.13811797445345                                 20.23486639170119
5                                                 20.01483899006621                                 21.758524668916607                                137.07684048513454                                174.66915074315665                                199.4994097771554                                 205.46935703154054                                207.90891393467
10                                                21.893161135238643                                39.545255803088935                                265.650071339399                                  316.44044352871686                                347.50008766479687                                354.37649084557165                                357.0766442930088
15                                                29.199180102074592                                72.02414580515943                                 389.1816168067139                                 453.51076154329803                                490.6552454896323                                 498.3633407710887                                 501.24422359346556
20                                                43.40857304761863                                 112.52846423449438                                507.9457003576355                                 584.7761092527252                                 626.7871792524062                                 635.1466452286862                                 638.1160700953877
25                                                66.4461580112964                                  159.67081959739113                                622.3470640655596                                 712.9591792016491                                 761.9338459687416                                 771.4694277456277                                 774.5963111309576
30                                                95.50156354474672                                 208.81167160784838                                719.0768541726159                                 826.7146064323639                                 884.2766037093025                                 894.6398750272609                                 897.6547002909846
35                                                129.8444633532381                                 258.1876952479737                                 815.77529438418                                   940.4121353154463                                 994.9266157241865                                 1003.6326318621631                                1005.6796131695197
40                                                167.3888462676482                                 306.4564352821309                                 906.4436201568329                                 1019.0868273687416                                1061.1369084426651                                1066.9244098656386                                1067.6275542131862
45                                                206.45704700641983                                352.80358092500705                                963.1785775720215                                 1053.6747737660148                                1081.4901209257155                                1084.5462185946385                                1084.1904408858068
50                                                245.98073903087084                                396.73224021819794                                998.1449468277491                                 1067.2315474543875                                1084.8974379132305                                1086.2428020824277                                1085.2772811521672
55                                                284.990893970504                                  437.7650349384734                                 1018.4700629969399                                1073.1377199603216                                1086.5406745355835                                1087.3284806133602                                1086.181869639708
60                                                322.7972231245062                                 475.5410103793421                                 1032.6363143026392                                1078.0067122461173                                1088.714376927347                                 1089.1111515598736                                1087.8275550589792
65                                                358.9538478563853                                 510.14685817660063                                1044.0034738172603                                1082.4701052078972                                1091.1006581384145                                1091.1865367606356                                1089.7907282987608
70                                                393.16904695306096                                541.9483496507672                                 1053.5149933873086                                1086.4942094014937                                1093.4709756340112                                1093.3055983015288                                1091.817215868322
75                                                425.2408559825351                                 571.1246207525443                                 1062.1274454172253                                1090.3331783078456                                1095.8370808537688                                1095.445505350403                                 1093.8727994301535
80                                                455.2625467244085                                 597.642183169067                                  1069.4998071433843                                1093.8924005460462                                1098.1918830036302                                1097.6117744597955                                1095.967171040289
85                                                483.64817877259793                                622.3011950960863                                 1076.0594268783834                                1097.1904810883016                                1100.4718459347532                                1099.7320249273616                                1098.0256081014213
90                                                510.2032269100125                                 644.7257421748429                                 1081.6055363644582                                1100.2186793177766                                1102.7068189329125                                1101.8402612105365                                1100.0832152933517
95                                                535.0516527296571                                 665.2145848501133                                 1086.3946147839351                                1103.0014565164724                                1104.8549811136072                                1103.8855406700095                                1102.0862523327137
100                                               558.4276319976764                                 684.332111287243                                  1090.9111767962804                                1105.5850224765895                                1106.8373286706478                                1105.7716275984062                                1103.9331984845353
105                                               580.1908467533447                                 701.7401404791932                                 1094.8649015451674                                1107.9416883218887                                1108.7012006312812                                1107.5561863665116                                1105.6848849045632
110                                               600.4969580150374                                 718.022255857559                                  1098.6478686867022                                1110.2559776562011                                1110.5603351948766                                1109.3416097085287                                1107.4393312807474
115                                               619.3726348428762                                 733.2784414889076                                 1102.3272523665405                                1112.5595045029727                                1112.4342188771252                                1111.1454403465395                                1109.2133311107682
120                                               636.7722021964947                                 747.3423016504399                                 1105.7811853301382                                1114.7949263197725                                1114.287517830267                                 1112.9358714593764                                1110.976436836696
125                                               653.11106037941                                   762.405144989236                                  1109.1631497356516                                1117.0359920257301                                1116.1671858426148                                1114.7554939289853                                1112.7695302612406
130                                               668.1984914957071                                 777.4609015266923                                 1112.4026791101                                   1119.2488421398507                                1118.0516655690326                                1116.58475350054                                  1114.5738417991897
135                                               682.0344955453862                                 792.5095712628087                                 1115.499773453484                                 1121.4334766621346                                1119.9409570095218                                1118.4236501740406                                1116.3893714505439
140                                               694.6190725284471                                 807.5511541975851                                 1118.4544327658027                                1123.5898955925804                                1121.835060164081                                 1120.272183949487                                 1118.2161192153026
145                                               705.9592643343134                                 822.5826452059702                                 1121.2684518935184                                1125.7186960312938                                1123.734245081711                                 1122.1305778825886                                1120.0542918958254
150                                               716.8586348507035                                 837.2611235425906                                 1124.1466443055942                                1127.8880142486028                                1125.6693275863527                                1124.0242853002178                                1121.92748811705
155                                               726.7781905434496                                 851.8166046017576                                 1126.951630588684                                 1130.0521475820174                                1127.6196378468844                                1125.9362332865594                                1123.8198790115393
160                                               735.7179314125513                                 866.249088383472                                  1129.6834107427867                                1132.2110960315376                                1129.5851758633075                                1127.8664218416134                                1125.7314645792917
165                                               743.6778574580087                                 880.5585748877328                                 1132.3419847679024                                1134.364859597164                                 1131.5659416356207                                1129.8148509653797                                1127.662244820308
170                                               750.6897573782951                                 894.7391629660495                                 1134.9291062109455                                1136.514314639568                                 1133.5625444848624                                1131.782088452379                                 1129.612771415173
175                                               760.3811022390604                                 908.1174609278522                                 1137.6448757680173                                1138.759464403112                                 1135.6445152360975                                1133.8329264549607                                1131.6459977232525
180                                               770.318752025366                                  921.1451488109416                                 1140.355075136093                                 1141.0332313312624                                1137.7652158239425                                1135.9239053904894                                1133.719697539299
185                                               780.5027067372126                                 933.8222266153165                                 1143.059704315173                                 1143.3356154240187                                1139.9246462483975                                1138.055025258965                                 1135.8338708633128
190                                               790.9329663745999                                 946.1486943409783                                 1145.7587633052576                                1145.6666166813807                                1142.122806509462                                 1140.2262860603869                                1137.988517695293
195                                               801.668340071                                     958.1150495927417                                 1148.453728453041                                 1148.0279605433807                                1144.3614760012497                                1142.4394691868774                                1140.1854131713553
200                                               818.1493279359116                                 968.9992292805342                                 1151.2871158148055                                1150.568463420428                                 1146.789467978289                                 1144.8428641082937                                1142.572086766354
205                                               834.6303158008233                                 979.8834089683268                                 1154.1205031765699                                1153.108966297476                                 1149.217459955329                                 1147.2462590297105                                1144.9587603613527
210                                               851.1113036657349                                 990.7675886561195                                 1156.9538905383338                                1155.6494691745238                                1151.6454519323684                                1149.6496539511268                                1147.345433956351
215                                               867.5922915306465                                 1001.6517683439118                                1159.7872779000982                                1158.1899720515707                                1154.073443909408                                 1152.0530488725435                                1149.7321075513496
220                                               884.0620871196751                                 1012.5235497051939                                1162.6242074259499                                1160.7346061715793                                1156.5057132776674                                1154.4607299159275                                1152.123053871538
225                                               899.4615998536489                                 1022.2097173061896                                1165.7998631887576                                1163.6742983259942                                1159.3470163880038                                1157.278279595902                                 1154.9225877357521
230                                               914.8611125876229                                 1031.8958849071855                                1168.975518951565                                 1166.613990480409                                 1162.1883194983402                                1160.095829275877                                 1157.7221215999666
235                                               930.2606253215966                                 1041.5820525081817                                1172.1511747143727                                1169.5536826348234                                1165.0296226086766                                1162.9133789558518                                1160.5216554641806
240                                               945.6601380555704                                 1051.2682201091775                                1175.32683047718                                  1172.4933747892387                                1167.870925719013                                 1165.7309286358263                                1163.3211893283947
245                                               961.0326740161385                                 1060.9417107540007                                1178.5060860238618                                1175.4370509325058                                1170.7162990166412                                1168.552548158642                                 1166.1247763755796
250                                               973.8255042615452                                 1069.4029431424965                                1182.0295778101226                                1178.761703653562                                 1173.9508917832036                                1171.7633542116073                                1169.3159568208348
