% Model:              batchmodel_BILLETTA_r_0.0542379_COIL_kr_1.6756_COIL_kw_3.7744_FUNZ_freq_7167.5_FUNZ_I_eff_85.0125.mph
% Version:            COMSOL 5.6.0.401
% Date:               Jan 27 2022, 23:01
% Table:              Tabella delle sonde 1 - 
% Tempo (s)                                       Temperatura (degC), Punto: (0, 0.5)               Temperatura (degC), Punto: (0.5*BILLETTA_r, 0.5)  Temperatura (degC), Punto: (BILLETTA_r-10*FUNZ_depth_billetta, 0.5)Temperatura (degC), Punto: (BILLETTA_r-5*FUNZ_depth_billetta, 0.5)Temperatura (degC), Punto: (BILLETTA_r-2*FUNZ_depth_billetta, 0.5)Temperatura (degC), Punto: (BILLETTA_r-FUNZ_depth_billetta, 0.5)Temperatura (degC), Punto: (BILLETTA_r-0.01[mm], 0.5)
0                                                 20                                                20                                                20.00000000026057                                 20.00140873560582                                 20.308937638416182                                20.615217853683703                                20.901309013563207
5                                                 20.08508960472534                                 29.15942780848144                                 660.3261814710111                                 810.0424979379503                                 893.1846325645453                                 908.4500037359168                                 913.5701838509439
10                                                24.34572033220678                                 82.68438996609098                                 1028.0700435832532                                1137.3052353024927                                1164.2562127181845                                1167.0666052598149                                1166.9934656277178
15                                                41.121927630813275                                155.60613015163665                                1105.4690625492158                                1151.0122799584678                                1161.4572494845938                                1162.0785684015368                                1161.308243054209
20                                                74.65962862793833                                 229.31639428383943                                1124.6386292391248                                1153.545203124489                                 1159.4945494919739                                1159.493005673758                                 1158.5231874503424
25                                                120.50072134785114                                296.93441663299336                                1142.392378924273                                 1164.9804987048628                                1169.1816153556656                                1168.9142423041058                                1167.8365915574973
30                                                171.00804079378332                                357.1397950488355                                 1157.0311947171504                                1173.5791039460196                                1176.1269925186984                                1175.6158900398264                                1174.4438634273138
35                                                222.65079387539123                                410.98280919842375                                1170.3971442572565                                1183.792273108245                                 1185.4258479003406                                1184.7673661539266                                1183.5270705796975
40                                                272.53386086694013                                459.1494985068156                                 1183.0357781379862                                1194.549784945194                                 1195.6178642266964                                1194.8594539388446                                1193.5642856733211
45                                                319.39559361379384                                502.56080007135347                                1195.524195146089                                 1205.6076970116128                                1206.2413628231584                                1205.4018344815022                                1204.057428346338
50                                                362.77075158262244                                542.3167827842386                                 1209.1868885218241                                1218.0637221532052                                1218.3198694651073                                1217.406345144132                                 1216.0142147340644
55                                                402.89624745341496                                578.5274385772294                                 1223.8110265889682                                1231.7583924945066                                1231.7071187392748                                1230.7277463991682                                1229.2887398496532
60                                                440.0186988376478                                 611.7646937529883                                 1239.3949535576135                                1246.684975626195                                 1246.3893883021506                                1245.3494783034907                                1243.8615774349933
65                                                474.2941157188877                                 642.2224883401155                                 1256.1236759853982                                1262.9580657609608                                1262.4632568772122                                1261.3660201271705                                1259.8269622697512
70                                                506.32985179348145                                670.9296117644676                                 1274.4139861208432                                1280.8299386605481                                1280.1330358438368                                1278.9740064355578                                1277.3780185627415
75                                                536.0488772445415                                 697.7366489450759                                 1293.97511090448                                  1300.0433437714282                                1299.1518272685698                                1297.9285745573911                                1296.271236111506
80                                                563.9608000509137                                 723.4564656617223                                 1314.5240984379902                                1320.2109479114374                                1319.10340613554                                  1317.8098812651                                   1316.0862388954865
85                                                589.9788865491106                                 748.8013712762778                                 1335.3158239725599                                1340.5997731942284                                1339.2650116050618                                1337.8984274419463                                1336.1063244700758
90                                                614.5190578710514                                 777.1071432460043                                 1353.6272461425087                                1358.3839359285303                                1356.8038288908915                                1355.366757444971                                 1353.512103262689
95                                                637.4071519382646                                 806.9769640238029                                 1370.598606468679                                 1374.746741648541                                 1372.9060658416665                                1371.3988350446393                                1369.4841614717616
100                                               658.6431687507506                                 838.4108336096727                                 1386.2299049510702                                1389.6881903542608                                1387.5717224573855                                1385.994660240951                                 1384.0224990972938
103.81172493914724                                673.7225445515595                                 863.4249479507395                                 1397.2461504966104                                1400.123921745047                                 1397.7869787517811                                1396.1569011933243                                1394.1426154570045
