% Model:              batchmodel_BILLETTA_r_0.0542379_COIL_kr_1.9397_COIL_kw_4.5299_FUNZ_freq_7167.5_FUNZ_I_eff_61.5962.mph
% Version:            COMSOL 5.6.0.401
% Date:               Jan 28 2022, 01:16
% Table:              Tabella delle sonde 1 - 
% Tempo (s)                                       Temperatura (degC), Punto: (0, 0.5)               Temperatura (degC), Punto: (0.5*BILLETTA_r, 0.5)  Temperatura (degC), Punto: (BILLETTA_r-10*FUNZ_depth_billetta, 0.5)Temperatura (degC), Punto: (BILLETTA_r-5*FUNZ_depth_billetta, 0.5)Temperatura (degC), Punto: (BILLETTA_r-2*FUNZ_depth_billetta, 0.5)Temperatura (degC), Punto: (BILLETTA_r-FUNZ_depth_billetta, 0.5)Temperatura (degC), Punto: (BILLETTA_r-0.01[mm], 0.5)
0                                                 20                                                20                                                20.000000000035868                                20.000171100061493                                20.16875229342105                                 20.39424113918659                                 20.621453164768752
5                                                 20.09374656832341                                 25.819522880257978                                362.6384057171838                                 424.3843039881215                                 460.62148466885924                                468.3866670347269                                 471.3670045674097
10                                                23.363468136416543                                60.16633513766726                                 620.0552417574715                                 707.1783190307905                                 754.6572946121538                                 764.2611910972045                                 767.6606774992191
15                                                36.561714910958244                                116.04282879909334                                865.0965874249877                                 987.198819783718                                  1038.1143918676503                                1046.3087382087251                                1048.5244613048526
20                                                62.9061012875319                                  178.75133654786634                                983.8607242999332                                 1062.4584119734623                                1085.2863074931306                                1087.936550896682                                 1088.007988433927
25                                                99.38605459075438                                 240.06616922851242                                1037.6293910441996                                1091.5813931835746                                1104.995763334734                                 1106.1717920776819                                1105.7024095502607
30                                                141.96107830594752                                296.81284729819026                                1061.7931162788823                                1100.5017871931955                                1109.7470392891842                                1110.3271213533562                                1109.6518696577282
35                                                186.95960489566585                                348.54290719840753                                1067.906287373055                                 1097.1047474152883                                1104.0357303787614                                1104.3224409001236                                1103.5650220329599
40                                                231.49583034589006                                396.15687123947987                                1078.3844095948525                                1102.1382553046583                                1107.4563970268014                                1107.5026515912                                   1106.658487063537
45                                                272.4607549673143                                 435.79300603533943                                1088.1592942122884                                1108.2853241612697                                1112.464498990067                                 1112.331144599034                                 1111.4166395597085
50                                                312.35360619419475                                473.7492783614814                                 1097.3430999679067                                1114.1862236399165                                1117.3331653974205                                1117.0361249297644                                1116.0568524680311
55                                                349.4633534010775                                 507.6501390346891                                 1104.921730124323                                 1119.2950373821304                                1121.6697791131828                                1121.2488378221                                   1120.2191757107153
60                                                384.09127861545414                                538.7237123524146                                 1111.7078877932054                                1124.0573567408424                                1125.7996269242008                                1125.2763374701913                                1124.2039830640356
65                                                417.0915632505638                                 568.0004140207443                                 1118.0565297268845                                1128.6464924391848                                1129.8383138431927                                1129.225243060885                                 1128.114620359151
70                                                447.1698438651291                                 594.2290674420999                                 1123.8746145283299                                1133.0923252922153                                1133.8511377199138                                1133.1659846184025                                1132.0231006499125
75                                                476.2096280740054                                 619.383938174048                                  1129.5533174354373                                1137.5324233786323                                1137.8980898397745                                1137.1467410937498                                1135.9734908449414
80                                                503.4112818503155                                 642.6382220300574                                 1134.9853154908692                                1141.9623709734556                                1142.0054486803351                                1141.1983236574843                                1139.9980612393797
85                                                529.0998348638049                                 664.3279926171272                                 1140.214232582814                                 1146.3839629498189                                1146.1625327490674                                1145.3082083996                                   1144.0836948284227
90                                                553.2868935435519                                 684.5965830527105                                 1145.419678848069                                 1150.88448132257                                  1150.4286224227953                                1149.5313556537926                                1148.2837620116447
95                                                575.9789270461017                                 703.5238839188886                                 1150.7017648446958                                1155.512575078736                                 1154.8367592197278                                1153.8983990456236                                1152.6280102219048
100                                               597.1692946374527                                 721.0278857448538                                 1155.9577248439318                                1160.218304944157                                 1159.353025281809                                 1158.3778924727394                                1157.0859030534953
105                                               617.0072191352341                                 738.1613296481245                                 1161.3732855992484                                1165.1440941484252                                1164.10627180573                                  1163.0964200104204                                1161.7829745056893
110                                               635.6303516735863                                 755.8953205246211                                 1167.1197714339733                                1170.4213215208156                                1169.2153580493564                                1168.170749602089                                 1166.8350238754547
115                                               652.9247430749303                                 773.4259666743286                                 1173.0553581207623                                1175.9412301691987                                1174.58189096445                                  1173.504219413437                                 1172.146191185058
120                                               668.8903933392663                                 790.7532680972478                                 1179.1800456596152                                1181.7038200935754                                1180.2058705510117                                1179.0968294444656                                1177.7164764344984
125                                               683.527302466594                                  807.8772247933783                                 1185.4938340505319                                1187.7090912939443                                1186.0872968090412                                1184.948579695173                                 1183.5458796237767
130                                               697.0115442259696                                 825.231666004482                                  1192.128409458683                                 1194.0553890285005                                1192.314684081342                                 1191.146577088603                                 1189.7210881582264
135                                               709.4523381850661                                 843.0856984946355                                 1199.1654575667544                                1200.8037174243236                                1198.942938321853                                 1197.7448545481561                                1196.295874732008
140                                               720.6967792296035                                 861.0625784129769                                 1206.4906201245517                                1207.868671977245                                 1205.8951923414743                                1204.6677671092575                                1203.19495869605
145                                               730.7448673595817                                 879.1623057595065                                 1214.1038971320736                                1215.2502526872645                                1213.1714461402057                                1211.915314771909                                 1210.4183400503512
150                                               739.5966025750005                                 897.3848805342244                                 1222.0052885893206                                1222.9484595543822                                1220.7716997180464                                1219.487497536109                                 1217.966018794912
155                                               749.2609610866692                                 915.3321334284705                                 1230.0664371826338                                1230.807325629295                                 1228.531980438418                                 1227.2193314545302                                1225.6729228487657
160                                               760.9841223475961                                 932.7570777389686                                 1238.2077221349887                                1238.730103719815                                 1236.3505751354483                                1235.0084760394507                                1233.4366570543866
165                                               773.0214611433163                                 950.0054896933187                                 1246.5406108717666                                1246.8522378749617                                1244.3698801176256                                1242.9982058368505                                1241.4005724943372
170                                               785.3729774738296                                 967.0773692915212                                 1255.065103392969                                 1255.173728094735                                 1252.58989538495                                  1251.1885208467302                                1249.5646691686184
175                                               798.0386713391362                                 983.9727165335761                                 1263.7811996985956                                1263.6945743791352                                1261.0106209374217                                1259.5794210690901                                1257.9289470772296
180                                               814.7205919214133                                 1000.4371433842388                                1272.4195898930088                                1272.1376890510924                                1269.3531639728712                                1267.89189412728                                  1266.2145070583315
185                                               835.41515752157                                   1016.5859380876569                                1280.8213034640457                                1280.33786314068                                  1277.4511980462307                                1275.959699021102                                 1274.2554150808232
190                                               856.1097231217265                                 1032.7347327910752                                1289.2230170350826                                1288.5380372302675                                1285.5492321195902                                1284.0275039149242                                1282.296323103315
195                                               876.8042887218832                                 1048.8835274944931                                1297.624730606119                                 1296.7382113198555                                1293.6472661929492                                1292.0953088087463                                1290.3372311258063
200                                               897.4988543220398                                 1065.0323221979115                                1306.0264441771556                                1304.938385409443                                 1301.7453002663087                                1300.163113702568                                 1298.378139148298
205                                               918.4285429526782                                 1080.647159282912                                 1314.2652086002117                                1312.9802422767762                                1309.6865733454824                                1308.0743948327145                                1306.2625889563965
210                                               939.6079424753347                                 1095.6949101368386                                1322.3309139358075                                1320.8539593633736                                1317.461359425864                                 1315.8194409131956                                1313.9808733310206
215                                               960.7873419979909                                 1110.7426609907648                                1330.3966192714033                                1328.727676449971                                 1325.2361455062455                                1323.5644869936773                                1321.6991577056451
220                                               981.9667415206474                                 1125.7904118446913                                1338.4623246069996                                1336.6013935365686                                1333.0109315866275                                1331.309533074159                                 1329.4174420802697
225                                               1003.1461410433036                                1140.8381626986175                                1346.5280299425958                                1344.4751106231656                                1340.785717667009                                 1339.0545791546406                                1337.1357264548942
230                                               1023.2574883169133                                1155.1553754258875                                1354.0318227590778                                1351.7951716908024                                1348.0123171589098                                1346.2530856737153                                1344.30888367344
235                                               1042.23451761544                                  1168.6967248662372                                1360.9388400232192                                1358.5272259686212                                1354.6567186342172                                1352.8711433906342                                1350.903092125765
240                                               1061.2115469139667                                1182.238074306586                                 1367.8458572873606                                1365.25928024644                                  1361.3011201095237                                1359.489201107553                                 1357.4973005780894
245                                               1080.188576212493                                 1195.7794237469357                                1374.752874551502                                 1371.9913345242585                                1367.945521584831                                 1366.107258824472                                 1364.0915090304143
250                                               1099.1656055110197                                1209.3207731872844                                1381.6598918156428                                1378.7233888020774                                1374.589923060138                                 1372.7253165413913                                1370.6857174827392
