% Model:              batchmodel_BILLETTA_r_0.0542379_COIL_kr_2.7711_COIL_kw_3.7744_FUNZ_freq_2540.9_FUNZ_I_eff_85.0125.mph
% Version:            COMSOL 5.6.0.401
% Date:               Jan 28 2022, 04:18
% Table:              Tabella delle sonde 1 - 
% Tempo (s)                                       Temperatura (degC), Punto: (0, 0.5)               Temperatura (degC), Punto: (0.5*BILLETTA_r, 0.5)  Temperatura (degC), Punto: (BILLETTA_r-10*FUNZ_depth_billetta, 0.5)Temperatura (degC), Punto: (BILLETTA_r-5*FUNZ_depth_billetta, 0.5)Temperatura (degC), Punto: (BILLETTA_r-2*FUNZ_depth_billetta, 0.5)Temperatura (degC), Punto: (BILLETTA_r-FUNZ_depth_billetta, 0.5)Temperatura (degC), Punto: (BILLETTA_r-0.01[mm], 0.5)
0                                                 20                                                20                                                20.000000000034845                                20.0001601030217                                  20.106655815422243                                20.21679820415693                                 20.338329363242792
5                                                 20.086060872717496                                25.005438834158383                                271.40154115167513                                349.2429292751315                                 397.14014437609694                                407.32457262006005                                411.21713795717835
10                                                22.692662139122717                                57.20846053583273                                 510.40030091141307                                626.9586893584044                                 689.956906435374                                  702.1710055134735                                 706.4444506268152
15                                                35.098794287633325                                111.756079042323                                  710.8524010780851                                 867.7817444853455                                 947.0016863508623                                 960.6765226507406                                 964.6345003601665
20                                                61.44797129995152                                 174.68954827696962                                886.089892436708                                  1040.7703177033545                                1090.7742290930864                                1097.0091659778031                                1097.6665511334795
25                                                97.95571121264163                                 237.3712578376224                                 993.3532377191435                                 1101.4860331204331                                1128.0748265870347                                1130.3573846923236                                1129.5203162960352
30                                                140.33226440521622                                297.27351420619414                                1046.268819945045                                 1117.6378970041596                                1133.5481778858461                                1134.4126402089032                                1133.1089239028925
35                                                185.21266189425825                                352.73093809677744                                1094.1043460139645                                1146.4632601007215                                1156.6041273415021                                1156.5688291101255                                1154.8876843202752
40                                                230.48537612860088                                401.70627477974756                                1101.4748219296803                                1141.5828962863065                                1148.7657992920113                                1148.3525426188849                                1146.5769141504338
45                                                274.0862700654536                                 446.2506341321538                                 1108.9244189743135                                1140.7881036812123                                1145.8935855227337                                1145.205021114281                                 1143.3504203273765
50                                                315.6148975416655                                 486.93764782497556                                1117.2289551791532                                1143.2173567548002                                1146.7624569599325                                1145.8553748404574                                1143.9267329826357
55                                                355.3747584653805                                 524.861132898705                                  1125.1078224300272                                1146.3918597355523                                1148.6716985321395                                1147.5829972362517                                1145.5885487880191
60                                                392.8142795678931                                 559.7755537902768                                 1132.4674985990973                                1150.0552976679555                                1151.3242658581498                                1150.0862732538162                                1148.033814416358
65                                                428.2819207760151                                 592.1328004664562                                 1139.3859538546626                                1154.134244135797                                 1154.608529065736                                 1153.2487181430283                                1151.1448743132928
70                                                461.4845383230805                                 621.9493468351102                                 1145.843917102592                                 1158.1685938828073                                1157.9625502448184                                1156.4967887638131                                1154.3464424977997
75                                                492.51914446735                                   649.2197410627485                                 1151.8477658701381                                1162.3106129812136                                1161.5722957090566                                1160.0202920353531                                1157.8289026604466
80                                                521.7395566506564                                 674.9052711832664                                 1157.7430089248974                                1166.6458086173675                                1165.4529221027738                                1163.8245458347037                                1161.594286334404
85                                                549.3995532814291                                 699.7182196270603                                 1163.7849504760575                                1171.2245982338645                                1169.5998982921528                                1167.897408193417                                 1165.6279691967006
90                                                575.3194752303286                                 723.1543352953828                                 1169.792851223442                                 1176.0112894568083                                1174.0164320345498                                1172.2474748604113                                1169.9403043469106
95                                                599.499322497355                                  745.213618188234                                  1175.7667111670503                                1181.005882286201                                 1178.7025233299642                                1176.8747458356875                                1174.5312917850338
100                                               621.9390950825077                                 765.8960683056135                                 1181.7065303068835                                1186.2083767220406                                1183.6581721783964                                1181.779221119245                                 1179.4009315110702
105                                               642.7521792839954                                 788.1760502084986                                 1187.9741445288164                                1191.7537856362865                                1188.960914048204                                 1187.030614622427                                 1184.616269070783
110                                               661.9047206889954                                 811.1654904054434                                 1194.4615183678238                                1197.6017974430083                                1194.5875987193367                                1192.6081114533877                                1190.1572862819048
115                                               679.3698026700031                                 834.1583083186739                                 1201.0827560683183                                1203.7203616101729                                1200.519820146681                                 1198.4951623163715                                1196.0080672885547
120                                               695.1474252270187                                 857.1545039481892                                 1207.8378576302998                                1210.1094781377792                                1206.7575783302354                                1204.6917672113805                                1202.1686120907316
125                                               709.6699796064457                                 879.8441657203581                                 1214.9361982712612                                1216.874701680037                                 1213.3773105915338                                1211.2702988179285                                1208.7101825342347
130                                               723.2721288173417                                 901.9874276789739                                 1222.5398306249958                                1224.097729631358                                 1220.4381780358044                                1218.2867722817937                                1215.6879339996208
135                                               735.5708200426109                                 923.8588386321309                                 1230.463270439548                                 1231.6850517553803                                1227.8724652974197                                1225.6770730793824                                1223.0387360442392
140                                               746.5660532822537                                 945.4583985798291                                 1238.7065177149193                                1239.6366680521032                                1235.6801723763801                                1233.441201210695                                 1230.7625886680898
145                                               757.1827356811942                                 966.6848010086941                                 1247.2574339851813                                1247.9268963149761                                1243.8315932177193                                1241.5487799386588                                1238.8287654381934
150                                               772.5286404386485                                 986.9785836021427                                 1256.0489849201545                                1256.4139072944017                                1252.16267698429                                  1249.8320546034179                                1247.067580509069
155                                               789.0386551304026                                 1006.7302386506389                                1265.1279589957671                                1265.1966946614257                                1260.7879275224664                                1258.4081142374612                                1255.5974708379472
160                                               806.7127797564561                                 1025.9397661541825                                1274.494356212018                                 1274.275258416047                                 1269.707344832248                                 1267.2769588407896                                1264.4184364248276
165                                               825.5510143168093                                 1044.607166112773                                 1284.1481765689073                                1283.6495985582665                                1278.9209289136356                                1276.438588413403                                 1273.5304772697104
170                                               847.2740615544554                                 1062.9862256072188                                1293.7206339348027                                1292.911661971421                                 1288.0127208218992                                1285.476882250396                                 1282.5185011580193
175                                               871.1512138652064                                 1080.9691723040664                                1303.3683357375708                                1302.2347310637997                                1297.1593602266053                                1294.5685487138444                                1291.5587796967275
180                                               896.9635064662726                                 1098.5237110069206                                1313.1382111609628                                1311.6707318652893                                1306.413779198882                                 1303.7665404593636                                1300.7041346628516
185                                               924.7109393576542                                 1115.6498417157818                                1323.03026020498                                  1321.2196643758894                                1315.7759777387287                                1313.0708574869518                                1309.9545660563913
190                                               951.9278421307118                                 1132.5646934068805                                1332.7223677905604                                1330.5631020879846                                1324.933465218699                                 1322.1710591655901                                1319.0015293335941
195                                               977.728320813529                                  1149.3462786363552                                1342.098800766264                                 1339.5866371218303                                1333.773966469263                                 1330.9556068716674                                1327.7341671185418
200                                               1003.6527053958556                                1165.8589546708708                                1351.3607877775298                                1348.4891938338606                                1342.4926976406755                                1339.6184361013156                                1336.3452304018983
205                                               1029.7009958776916                                1182.102721510426                                 1360.5083288243582                                1357.2707722240743                                1351.0896587329362                                1348.1595468545343                                1344.8347191836651
210                                               1054.3765214185132                                1197.5737904544808                                1368.7831350492038                                1365.1979202389448                                1358.8472724486996                                1355.8662695217577                                1352.4943920795513
215                                               1074.745138686621                                 1211.4795554140478                                1374.809904769092                                 1370.9468381390047                                1364.4725325834388                                1361.454931631249                                 1358.0489373116516
220                                               1095.1137559547287                                1225.3853203736144                                1380.8366744889804                                1376.6957560390642                                1370.0977927181775                                1367.0435937407406                                1363.6034825437519
225                                               1115.482373222836                                 1239.2910853331814                                1386.8634442088687                                1382.4446739391242                                1375.7230528529167                                1372.632255850232                                 1369.1580277758521
230                                               1135.8509904909438                                1253.1968502927484                                1392.890213928757                                 1388.1935918391841                                1381.3483129876558                                1378.2209179597235                                1374.712573007952
233.72072441292673                                1151.0081927963456                                1263.544754125845                                 1397.3750037743325                                1392.4716196749164                                1385.5343215301332                                1382.3796922689999                                1378.8459594175083
