% Model:              batchmodel_BILLETTA_r_0.0542379_COIL_kr_1.9397_COIL_kw_5.8583_FUNZ_freq_4639.7_FUNZ_I_eff_61.5962.mph
% Version:            COMSOL 5.6.0.401
% Date:               Jan 28 2022, 01:51
% Table:              Tabella delle sonde 1 - 
% Tempo (s)                                       Temperatura (degC), Punto: (0, 0.5)               Temperatura (degC), Punto: (0.5*BILLETTA_r, 0.5)  Temperatura (degC), Punto: (BILLETTA_r-10*FUNZ_depth_billetta, 0.5)Temperatura (degC), Punto: (BILLETTA_r-5*FUNZ_depth_billetta, 0.5)Temperatura (degC), Punto: (BILLETTA_r-2*FUNZ_depth_billetta, 0.5)Temperatura (degC), Punto: (BILLETTA_r-FUNZ_depth_billetta, 0.5)Temperatura (degC), Punto: (BILLETTA_r-0.01[mm], 0.5)
0                                                 20                                                20                                                20.000000000012392                                20.000051519108183                                20.106462739416145                                20.254379374238965                                20.416054992519037
5                                                 20.08522561312617                                 24.44984958521684                                 254.15497805170946                                304.6467645426135                                 335.6919090392979                                 342.74172781116226                                345.5302850984807
10                                                22.025781474766745                                50.03956840380482                                 473.66067946936744                                549.7516151261292                                 591.7853545597583                                 600.2198123665353                                 603.3081545203727
15                                                30.31502653577303                                 95.61285035782026                                 657.4726044618418                                 751.4644784938858                                 805.7436564141652                                 816.1679327735529                                 819.6557905379728
20                                                49.516402359432334                                151.9774047362631                                 822.3027561463024                                 947.9956959324235                                 1002.8437197928778                                1011.8462493424805                                1014.2755510706878
25                                                80.47070445743407                                 211.46494273288408                                950.48430701729                                   1047.4656845447753                                1078.6077819733246                                1082.472337927276                                 1082.7730835834045
30                                                120.11150479561587                                269.6430377632064                                 1002.6605025924536                                1068.4137183850612                                1086.2708569358883                                1088.03739294566                                  1087.6007889098169
35                                                163.97103129229112                                324.2512056361562                                 1028.7175024048743                                1077.1175334247787                                1089.7437743225314                                1090.7690017201526                                1090.0805660149067
40                                                208.81487087789247                                374.2717178337772                                 1049.3669308669378                                1087.2381637066728                                1096.3168533786552                                1096.7578070034297                                1095.8507336919288
45                                                253.27178709679868                                419.86595801085093                                1061.9192918261915                                1092.9962596572223                                1100.0492222421453                                1100.182504574227                                 1099.1623126126533
50                                                296.0728649304325                                 461.04956144127675                                1071.0701413700458                                1097.4960620195725                                1103.1603283640857                                1103.0840721862737                                1101.9860959619696
55                                                336.579013992186                                  498.49879020653793                                1078.864222772907                                 1101.654632501893                                 1106.2256567769255                                1105.982999045042                                 1104.8219231245807
60                                                374.2673665276229                                 532.6258087302857                                 1086.9126170808818                                1106.2018643335773                                1109.6833455334013                                1109.26991143259                                  1108.0428089827947
65                                                409.3421031278448                                 563.368421631193                                  1094.581210813551                                 1110.8228145777398                                1113.327760940107                                 1112.75735213498                                  1111.4681418234945
70                                                442.12943055627886                                591.7212717488391                                 1100.8017065183512                                1114.6828811023565                                1116.4477400290298                                1115.7590219709296                                1114.422207093267
75                                                472.47592693376816                                617.2165577049356                                 1106.0765468820878                                1118.1745947859977                                1119.3777576522325                                1118.5977018323806                                1117.2228075116786
80                                                500.69814198200766                                640.476770421545                                  1110.813864360825                                 1121.4804504715153                                1122.2325317879558                                1121.378091657497                                 1119.971026073701
85                                                527.13381524753                                   662.16607033644                                   1115.4491117797843                                1124.7951591987417                                1125.1344596309991                                1124.2118999938307                                1122.774712265667
90                                                551.552802110931                                  681.8318810405387                                 1119.685560118754                                 1127.9860397385582                                1128.0001365102112                                1127.023005695888                                 1125.5603746080028
95                                                574.3919546931185                                 700.196798530461                                  1123.8498220708934                                1131.1658403301712                                1130.8693726337578                                1129.8395766977524                                1128.35209528612
100                                               595.5503639329193                                 717.0939093814193                                 1127.8664529292705                                1134.308517105591                                 1133.7329721879096                                1132.6551064503033                                1131.144311523498
105                                               615.1239238154226                                 732.9284637920155                                 1131.7686924574468                                1137.446265052357                                 1136.6233005195268                                1135.5019558432073                                1133.9693022023848
110                                               633.632376024065                                  749.4566561321866                                 1135.805342983499                                 1140.7402893590315                                1139.6736024315146                                1138.5087916342486                                1136.9538350523712
115                                               650.8037603954256                                 765.7595396961598                                 1139.8462161389361                                1144.1062377582798                                1142.8141562149394                                1141.60828762353                                  1140.0315775595282
120                                               666.6380769295042                                 781.837114483936                                  1143.8913119237582                                1147.5441102501031                                1146.0449618698012                                1144.800443811052                                 1143.2025297238556
125                                               681.1353256263012                                 797.6893804955142                                 1147.9406303379656                                1151.053906834501                                 1149.3660193961                                   1148.085260196815                                 1146.466691545354
130                                               694.3835571908204                                 813.4697305715155                                 1152.0274439220616                                1154.657136224458                                 1152.7963241827806                                1151.481400308743                                 1149.8425650270715
135                                               706.6342517720586                                 829.6162674439134                                 1156.2467818236628                                1158.4152290961488                                1156.3901286431742                                1155.0421687374492                                1153.3829934311188
140                                               717.679235533055                                  845.7663321630379                                 1160.519979454882                                 1162.2773334852432                                1160.1025229381034                                1158.723440246013                                 1157.0442334056852
145                                               727.5185084738097                                 861.9199247288897                                 1164.847036815721                                 1166.2434493917417                                1163.9335070675693                                1162.5252148344339                                1160.82628495077
150                                               736.1520705943223                                 878.0770451414679                                 1169.2279539061788                                1170.3135768156444                                1167.8830810315717                                1166.4474925027116                                1164.7291480663735
155                                               744.4351013910897                                 894.0602390478231                                 1173.7231619065274                                1174.5306194906138                                1171.9885684221113                                1170.526657794182                                 1168.7887729904937
160                                               754.8100647511316                                 909.3626820321996                                 1178.5052573021458                                1179.017114054303                                 1176.3565685273725                                1174.8666279958106                                1173.107836597867
165                                               765.2551029611164                                 924.4039204632237                                 1183.4313657041384                                1183.671625375031                                 1180.8988390629165                                1179.381380968512                                 1177.6013435555965
170                                               775.7702160210441                                 939.1839543408945                                 1188.5014871125054                                1188.4941534527984                                1185.615380028743                                 1184.0709167122868                                1182.269293863682
175                                               786.3554039309146                                 953.7027836652127                                 1193.7156215272466                                1193.4846982876052                                1190.5061914248513                                1188.935235227134                                 1187.1116875221228
180                                               798.8741815740171                                 967.7741152417051                                 1199.163631249136                                 1198.7300007274616                                1195.6570751373333                                1194.0600110207852                                1192.214160666268
185                                               816.8602895903338                                 981.2042095831918                                 1204.9276646101662                                1204.2911526283356                                1201.123395807852                                 1199.5000426622555                                1197.6316512001317
190                                               834.8463976066504                                 994.634303924678                                  1210.6916979711964                                1209.852304529209                                 1206.5897164783705                                1204.9400743037254                                1203.0491417339954
195                                               852.832505622967                                  1008.0643982661646                                1216.455731332227                                 1215.413456430083                                 1212.0560371488887                                1210.3801059451953                                1208.4666322678595
200                                               870.8186136392836                                 1021.4944926076511                                1222.2197646932573                                1220.9746083309565                                1217.5223578194073                                1215.8201375866652                                1213.8841228017232
205                                               888.8678633215078                                 1034.6485584340762                                1228.0669718437243                                1226.6240813163358                                1223.0781962369742                                1221.3497301887733                                1219.3910306272173
210                                               907.101478803631                                  1046.996655376994                                 1234.157036099713                                 1232.5314408677232                                1228.8954153261238                                1227.1408296407635                                1225.159025806986
215                                               925.335094285754                                  1059.3447523199125                                1240.2471003557016                                1238.4388004191105                                1234.712634415274                                 1232.9319290927533                                1230.9270209867545
220                                               943.5687097678771                                 1071.6928492628304                                1246.3371646116902                                1244.3461599704979                                1240.5298535044235                                1238.723028544744                                 1236.6950161665231
225                                               961.8023252500001                                 1084.0409462057482                                1252.4272288676789                                1250.2535195218848                                1246.3470725935736                                1244.5141279967338                                1242.4630113462918
230                                               979.4320931536023                                 1096.0963320315345                                1258.5146558069046                                1256.1612706499418                                1252.1654293362326                                1250.3063913027659                                1248.2320728537425
235                                               995.2987013395899                                 1107.2970378536538                                1264.5943821096712                                1262.0701651331005                                1257.9871078854399                                1256.102052917638                                 1254.0042479052104
240                                               1011.165309525578                                 1118.4977436757727                                1270.6741084124378                                1267.9790596162593                                1263.8087864346471                                1261.8977145325098                                1259.7764229566778
245                                               1027.0319177115657                                1129.6984494978915                                1276.7538347152044                                1273.887954099418                                 1269.630464983854                                 1267.693376147381                                 1265.5485980081457
250                                               1042.898525897553                                 1140.8991553200103                                1282.8335610179715                                1279.7968485825772                                1275.4521435330612                                1273.4890377622532                                1271.3207730596137
