% Model:              batchmodel_BILLETTA_r_0.0542379_COIL_kr_2.7711_COIL_kw_5.3284_FUNZ_freq_7167.5_FUNZ_I_eff_61.5962.mph
% Version:            COMSOL 5.6.0.401
% Date:               Jan 28 2022, 05:11
% Table:              Tabella delle sonde 1 - 
% Tempo (s)                                       Temperatura (degC), Punto: (0, 0.5)               Temperatura (degC), Punto: (0.5*BILLETTA_r, 0.5)  Temperatura (degC), Punto: (BILLETTA_r-10*FUNZ_depth_billetta, 0.5)Temperatura (degC), Punto: (BILLETTA_r-5*FUNZ_depth_billetta, 0.5)Temperatura (degC), Punto: (BILLETTA_r-2*FUNZ_depth_billetta, 0.5)Temperatura (degC), Punto: (BILLETTA_r-FUNZ_depth_billetta, 0.5)Temperatura (degC), Punto: (BILLETTA_r-0.01[mm], 0.5)
0                                                 20                                                20                                                20.000000000035868                                20.00017109989261                                 20.168752237643787                                20.394241044997443                                20.621453047253
5                                                 20.099696135021247                                26.014521153779015                                376.84757528996806                                441.06037502906474                                478.3822593040004                                 486.14660567130784                                489.09038624756806
10                                                23.325098101402887                                60.94269233014376                                 635.1846019707527                                 722.0993900310721                                 767.3123177602118                                 776.3888031629241                                 779.6022733975752
15                                                37.335913674959784                                118.42103898362927                                873.1630742536089                                 992.1384152453626                                 1041.1960465828092                                1048.994809112868                                 1051.04793590109
20                                                63.90790202453019                                 181.33003531515237                                993.6818347569769                                 1072.3971569169667                                1093.6674541183115                                1095.8679495548486                                1095.7404966735426
25                                                99.77228150476924                                 243.1647318471786                                 1038.1549840072462                                1087.61368204859                                  1099.8077596036346                                1100.8244228481562                                1100.3105227237165
30                                                142.04123199308145                                301.29393993134215                                1058.921858178246                                 1093.0520178081065                                1101.5281057755392                                1102.060013021703                                 1101.3921149327475
35                                                187.68377402560458                                354.6286688161874                                 1072.65962577969                                  1099.9260718699543                                1106.2481757633527                                1106.4411580886422                                1105.6482505610506
40                                                234.16373312722226                                402.90004717345687                                1082.5072615969752                                1105.4806844730006                                1110.4700865653026                                1110.4575469023412                                1109.5871896446633
45                                                278.64669211882824                                446.5096024340412                                 1091.3163323290705                                1110.7435161645562                                1114.6479791010202                                1114.4670817647698                                1113.5319370021853
50                                                320.61396113325975                                485.5591786246815                                 1099.7820690856215                                1116.0708733000251                                1119.0233328837667                                1118.6927082912393                                1117.6985814117152
55                                                359.9154675788993                                 521.0056814656551                                 1106.9755461878435                                1120.7142259943175                                1122.8931050907358                                1122.4405283984588                                1121.397778850138
60                                                396.64185691537136                                552.6703686766583                                 1113.1692737782446                                1124.9080710786875                                1126.4821476107195                                1125.9332363382532                                1124.851026461502
65                                                431.02025967901466                                582.5949257795976                                 1119.566659698803                                 1129.5306853453076                                1130.5542173598183                                1129.915765461004                                 1128.79533409733
70                                                462.9771678876981                                 610.103750302233                                  1125.7751335897938                                1134.2960930187214                                1134.860939946716                                 1134.1459133472354                                1132.991093023783
75                                                492.51258154142204                                635.1968422445642                                 1131.7946954512172                                1139.2042940989281                                1139.402315371411                                 1138.6236799969465                                1137.438303240861
80                                                519.8486313177846                                 658.1214693219799                                 1137.6336202314392                                1144.1854146467936                                1144.0891076677967                                1143.2572702586695                                1142.044502004317
85                                                545.7562813399345                                 679.735840492552                                  1143.3206283592613                                1148.9969384065757                                1148.6115994699185                                1147.7280844269212                                1146.488772548791
90                                                569.700567936102                                  699.4444538365797                                 1148.8357910395757                                1153.807144786797                                 1153.1847003103044                                1152.2571953936213                                1150.9937955490054
95                                                591.681491106287                                  717.2473093540622                                 1154.1791082723803                                1158.6160337874571                                1157.8084101889544                                1156.8446031587687                                1155.5595710049602
100                                               612.290744954609                                  734.8283000641491                                 1159.7783448774294                                1163.6901934113685                                1162.6992376661083                                1161.6988928111873                                1160.3915328661765
105                                               631.406675100903                                  751.8412116644137                                 1165.5455509095723                                1168.9748122314518                                1167.8126678234785                                1166.7771785260643                                1165.4474431931185
110                                               648.9113045337205                                 767.9502952186805                                 1171.395434974681                                 1174.4167356604949                                1173.1055313397674                                1172.0378708313383                                1170.686340814725
115                                               664.9361705935394                                 783.8484592471651                                 1177.4079319705565                                1180.075172542191                                 1178.6299127254842                                1177.5318465028126                                1176.1585618615195
120                                               679.7310030492903                                 800.8512228565704                                 1183.7348020246645                                1186.0625336247003                                1184.4846968503316                                1183.355697469588                                 1181.9596718223515
125                                               693.114042873178                                  818.001121204382                                  1190.265590651165                                 1192.2970037988866                                1190.597913048346                                 1189.4391219202257                                1188.0201159524322
130                                               705.0852900652028                                 835.2981542905999                                 1197.0002978500584                                1198.7785830647522                                1196.9695613195272                                1195.782119854724                                 1194.3398942517624
135                                               716.0077181142948                                 852.8279334806083                                 1204.0767226945077                                1205.6000503267092                                1203.680322614567                                 1202.4640681346914                                1200.9984746301047
140                                               725.7337076949343                                 870.5556411020419                                 1211.438823057863                                 1212.7236729136143                                1210.6973844336908                                1209.452684626226                                 1207.9635379247734
145                                               734.2329732531441                                 888.4741339675699                                 1219.0751013476115                                1220.1417095975166                                1218.0140149704125                                1216.7413463326075                                1215.228453542229
150                                               742.3420035973858                                 906.21858528376                                   1226.927988578219                                 1227.785129037547                                 1225.5578507304026                                1224.257201206447                                 1222.720241531354
155                                               750.9025180430284                                 923.4218870203666                                 1234.9395557892499                                1235.5844682446145                                1233.2560757353863                                1231.9269416615207                                1230.3654656024219
160                                               759.1747932399948                                 940.4066626185007                                 1243.1607123561903                                1243.6007729783432                                1241.1726824332077                                1239.814992182663                                 1238.228663348027
165                                               767.1912667946475                                 957.1715301376863                                 1251.5888975681291                                1251.831359261676                                 1249.3049493307308                                1247.91862507421                                  1246.3071042596425
170                                               778.5594747265383                                 973.5627975950694                                 1259.9393229377465                                1259.9777296099733                                1257.3502066067786                                1255.9344807032844                                1254.2971158730043
175                                               791.2832269072629                                 989.6655087483083                                 1268.3695730224777                                1268.2050543026066                                1265.475933256966                                 1264.0304197651712                                1262.3667319851825
180                                               805.3625233368215                                 1005.4796635974025                                1276.8796478223212                                1276.5133333395752                                1273.6821292812933                                1272.2064422598696                                1270.5159525961772
185                                               821.76404636715                                   1021.1457141224745                                1285.3544356759894                                1284.7872624623305                                1281.8539386489724                                1280.347944008351                                 1278.6304545618227
190                                               840.9290626355115                                 1036.7277731862882                                1293.741390950901                                 1292.9742081223944                                1289.9389324164372                                1288.402611031162                                 1286.6580521881456
195                                               862.3011382160374                                 1052.1449949489047                                1302.1067732963352                                1301.1405408303349                                1298.0032230889942                                1296.4364108647237                                1294.664551244537
200                                               885.5834509008486                                 1067.4126335983492                                1310.4342682844972                                1309.2701831905115                                1306.030936406431                                 1304.4335454480129                                1302.634229751612
205                                               908.1350520720642                                 1082.6664118861959                                1318.5787197768045                                1317.2200880364153                                1313.880832581242                                 1312.25345296889                                  1310.4272028266855
210                                               931.5133577405028                                 1097.8262916076478                                1326.6257290200092                                1325.074612915148                                 1321.636203315862                                 1319.9790253152369                                1318.12596315988
215                                               955.718367906164                                  1112.8922727627064                                1334.5752960141099                                1332.8337578267083                                1329.2970486102913                                1327.6102624870537                                1325.730510751196
220                                               980.7500825690478                                 1127.8643553513707                                1342.427420759108                                 1340.4975227710975                                1336.8633684645288                                1335.1471644843405                                1333.2408456006328
225                                               1005.8701357152271                                1142.6214341847076                                1350.0789896511783                                1347.9640941229077                                1344.2344552480063                                1342.4894018762866                                1340.556993744622
230                                               1025.9697009059728                                1156.4541556789782                                1356.9358334065764                                1354.6463262549764                                1350.8296431976923                                1349.0585818367317                                1347.1027302731773
235                                               1046.0692660967193                                1170.2868771732492                                1363.792677161974                                 1361.3285583870452                                1357.424831147378                                 1355.6277617971773                                1353.648466801732
240                                               1066.1688312874653                                1184.1195986675198                                1370.6495209173727                                1368.0107905191135                                1364.020019097064                                 1362.1969417576224                                1360.194203330287
245                                               1086.2683964782113                                1197.9523201617908                                1377.5063646727708                                1374.6930226511822                                1370.6152070467501                                1368.7661217180676                                1366.7399398588414
249.39699185842514                                1103.9439213785304                                1210.116792919825                                 1383.5362619061661                                1380.5693667073447                                1376.4150045906604                                1374.5430478785893                                1372.4962499035319
