% Model:              batchmodel_BILLETTA_r_0.0542379_COIL_kr_1.6756_COIL_kw_3.7744_FUNZ_freq_4639.7_FUNZ_I_eff_85.0125.mph
% Version:            COMSOL 5.6.0.401
% Date:               Jan 27 2022, 22:53
% Table:              Tabella delle sonde 1 - 
% Tempo (s)                                       Temperatura (degC), Punto: (0, 0.5)               Temperatura (degC), Punto: (0.5*BILLETTA_r, 0.5)  Temperatura (degC), Punto: (BILLETTA_r-10*FUNZ_depth_billetta, 0.5)Temperatura (degC), Punto: (BILLETTA_r-5*FUNZ_depth_billetta, 0.5)Temperatura (degC), Punto: (BILLETTA_r-2*FUNZ_depth_billetta, 0.5)Temperatura (degC), Punto: (BILLETTA_r-FUNZ_depth_billetta, 0.5)Temperatura (degC), Punto: (BILLETTA_r-0.01[mm], 0.5)
0                                                 20                                                20                                                20.000000000093905                                20.00055065599804                                 20.197566797412378                                20.397376732259147                                20.59965044798372
5                                                 20.0930377735433                                  26.046091207108134                                420.93601021740903                                525.4238973329103                                 583.0994516865551                                 594.5775160543689                                 598.7899705072768
10                                                23.409401043537116                                67.43847151276151                                 789.3041698330766                                 964.0267963522082                                 1035.8129403260932                                1046.9535304008332                                1049.9485906597824
15                                                37.75734293427513                                 133.31694772192844                                1005.8874542560455                                1106.9999606679767                                1132.937278369543                                 1135.6423080939103                                1135.384987282412
20                                                69.32728598138544                                 203.33087076447794                                1071.2234698987622                                1132.2212258159302                                1146.2325412631353                                1147.161103226284                                 1146.2745264563805
25                                                110.98137343977896                                269.1575960903631                                 1102.6014372487634                                1142.8771559282109                                1151.3174683166817                                1151.4639617590742                                1150.3102076269429
30                                                158.23930961586143                                327.0981994465244                                 1117.8724233166704                                1148.2367397347252                                1154.0051686763404                                1153.7727535723134                                1152.4881500619363
35                                                205.61979843717103                                379.73277919969576                                1130.8477585069554                                1154.5567505926533                                1158.5060083987837                                1158.0081370042208                                1156.6248764144698
40                                                251.5645707678283                                 427.6180849856596                                 1141.812293309476                                 1160.8137405061316                                1163.462336898221                                 1162.7703003721422                                1161.3104670796943
45                                                295.50404058847414                                471.1862420113588                                 1151.6582863410035                                1167.2196467153103                                1168.9038707917957                                1168.0634201961348                                1166.540637190872
50                                                337.29772095250553                                511.5865085096956                                 1161.2358378867893                                1174.0859208680904                                1174.9966945410888                                1174.032872922453                                 1172.4534895268657
55                                                377.12851760995875                                549.0889134861502                                 1170.5678297310365                                1181.3733214891458                                1181.6852926065003                                1180.6210083578794                                1178.990832682186
60                                                414.4865278907614                                 583.5917409099111                                 1179.8720851391813                                1189.076641060355                                 1188.908252849711                                 1187.7588539502763                                1186.0812997733142
65                                                449.31462748950685                                615.0835955521433                                 1189.1730068128973                                1197.195296184389                                 1196.6586952797925                                1195.4386827168983                                1193.716895580988
70                                                481.8975020929546                                 644.0369243185469                                 1198.621852416064                                 1205.7835271402091                                1204.9642284381657                                1203.6848668228286                                1201.921608132116
75                                                512.4750235428747                                 671.0954165547181                                 1208.5073095711577                                1214.917368639618                                 1213.8441684060158                                1212.5095888010642                                1210.7062793921368
80                                                540.9614294308367                                 696.0276891390887                                 1218.7387626087684                                1224.6022363479142                                1223.3287810156417                                1221.9458777165232                                1220.1040166742127
85                                                567.7422276328156                                 719.8580868950522                                 1229.883183623369                                 1235.2268520988255                                1233.7530055248271                                1232.318947478942                                 1230.4346006611945
90                                                592.6521520483897                                 742.1474761887732                                 1241.697513334097                                 1246.6245719776284                                1244.9732544520666                                1243.4893798351159                                1241.5609423083747
95                                                615.853226257991                                  765.5170550977449                                 1254.353058697698                                 1258.8949337907093                                1257.0655464067                                   1255.5290617415249                                1253.5527370818754
100                                               637.3259488550339                                 789.6513322020506                                 1267.8292009461788                                1272.025957015061                                 1270.0207316723404                                1268.4293407738564                                1266.4015963285242
105                                               657.1483147264003                                 814.6729345967818                                 1281.8229385197433                                1285.6851070994967                                1283.500182273548                                 1281.8514787974323                                1279.7695927370396
110                                               675.4027153204689                                 840.9610740528532                                 1296.0986726139722                                1299.6044882827355                                1297.2284196585574                                1295.5194691268102                                1293.3811672298098
115                                               692.0356157509747                                 868.2693529231093                                 1310.8094865335888                                1313.9581692259458                                1311.3844395026163                                1309.612650598779                                 1307.415367804771
120                                               707.0470160179177                                 896.5977712075495                                 1325.9553802785936                                1328.746149929128                                 1325.9682418057255                                1324.1310232133378                                1321.8721944619224
125                                               720.4369161212979                                 925.9463289061747                                 1341.5363538489864                                1343.9684303922822                                1340.9798265678842                                1339.074586970487                                 1336.7516472012649
130                                               736.3453853854145                                 952.9255847265766                                 1354.6528472594273                                1356.6562349124251                                1353.4623393901256                                1351.4965768046945                                1349.1185857278224
135                                               752.4197807430384                                 979.4616285319274                                 1366.9525695609418                                1368.4966051858846                                1365.096047547614                                 1363.0715266087832                                1360.640938021881
140                                               768.4560725578611                                 1005.7214977363402                                1378.5784159861764                                1379.6358475132356                                1376.0266698388482                                1373.944657961793                                 1371.4633527740743
145                                               784.4542608298831                                 1031.7051923398144                                1389.5303865351302                                1390.0739618944776                                1386.254206263829                                 1384.1159708637233                                1381.5858299844035
148.2860785507582                                 794.9477712936952                                 1048.6316871062759                                1396.3612182882443                                1396.552238530015                                 1392.5930215257                                   1390.4185253444425                                1387.8573131758285
