% Model:              batchmodel_BILLETTA_r_0.0542379_COIL_kr_1.9397_COIL_kw_3.7744_FUNZ_freq_2540.9_FUNZ_I_eff_127.5152.mph
% Version:            COMSOL 5.6.0.401
% Date:               Jan 28 2022, 00:42
% Table:              Tabella delle sonde 1 - 
% Tempo (s)                                       Temperatura (degC), Punto: (0, 0.5)               Temperatura (degC), Punto: (0.5*BILLETTA_r, 0.5)  Temperatura (degC), Punto: (BILLETTA_r-10*FUNZ_depth_billetta, 0.5)Temperatura (degC), Punto: (BILLETTA_r-5*FUNZ_depth_billetta, 0.5)Temperatura (degC), Punto: (BILLETTA_r-2*FUNZ_depth_billetta, 0.5)Temperatura (degC), Punto: (BILLETTA_r-FUNZ_depth_billetta, 0.5)Temperatura (degC), Punto: (BILLETTA_r-0.01[mm], 0.5)
0                                                 20                                                20                                                20.000000000641478                                20.00676195401161                                 20.21544984417011                                 20.37050016101142                                 20.5300546447084
5                                                 20.101155776813982                                29.65701925902067                                 556.3430458847118                                 734.4506707156844                                 827.3168855147843                                 845.9022863371353                                 852.156449703452
10                                                24.007727868430095                                85.71143448412136                                 982.1624075114154                                 1164.442342720044                                 1208.1536707489695                                1212.588994139911                                 1212.1778698425205
15                                                41.290689530747954                                164.7258592122809                                 1152.0525591128057                                1234.2035706433917                                1251.4510015191254                                1252.1217478624085                                1250.3409613367226
20                                                76.92950539302967                                 245.91717426843786                                1208.9041979513759                                1257.3081551689347                                1265.6767623243286                                1265.0727878676707                                1262.8265863600395
25                                                126.00624984603263                                321.50243688757155                                1237.632048070613                                 1270.3237746554528                                1274.5731744107834                                1273.3744372815413                                1270.9035538828948
30                                                181.35752934554165                                390.505840459606                                  1255.9129135720927                                1279.9452258598794                                1281.9496514552134                                1280.4228549204804                                1277.8196227152353
35                                                237.4691658825351                                 453.0286233684617                                 1271.151452384226                                 1289.783709362745                                 1290.371324385244                                 1288.627112838038                                 1285.9234752113762
40                                                291.3091925809905                                 509.71623630364513                                1286.4174591325705                                1301.5280341391872                                1301.1615397133837                                1299.255510508559                                 1296.4605087330788
45                                                342.491595824412                                  561.3206928325055                                 1302.2033539378021                                1315.0360483733916                                1314.017704774334                                 1311.983906839686                                 1309.1002833238645
50                                                390.7654759189371                                 608.2731802719304                                 1318.8427941635632                                1330.354094618353                                 1328.9104395314112                                1326.7723448712372                                1323.7993041233917
55                                                435.47684183612853                                651.890275899923                                  1337.2815684246239                                1347.7621988835808                                1345.937058967419                                 1343.691935815029                                 1340.6192108236132
60                                                477.06834415078515                                692.8355543430336                                 1356.3600996578334                                1365.9130196183273                                1363.7260607878534                                1361.3750298625273                                1358.1992109940552
64.4601581044499                                  511.65832879479717                                727.6526985679346                                 1373.4725899259302                                1382.0775848164935                                1379.5419544593815                                1377.0950887350032                                1373.8264325981372
