% Model:              batchmodel_BILLETTA_r_0.0542379_COIL_kr_1.6756_COIL_kw_4.5299_FUNZ_freq_8940.8_FUNZ_I_eff_61.5962.mph
% Version:            COMSOL 5.6.0.401
% Date:               Jan 27 2022, 23:28
% Table:              Tabella delle sonde 1 - 
% Tempo (s)                                       Temperatura (degC), Punto: (0, 0.5)               Temperatura (degC), Punto: (0.5*BILLETTA_r, 0.5)  Temperatura (degC), Punto: (BILLETTA_r-10*FUNZ_depth_billetta, 0.5)Temperatura (degC), Punto: (BILLETTA_r-5*FUNZ_depth_billetta, 0.5)Temperatura (degC), Punto: (BILLETTA_r-2*FUNZ_depth_billetta, 0.5)Temperatura (degC), Punto: (BILLETTA_r-FUNZ_depth_billetta, 0.5)Temperatura (degC), Punto: (BILLETTA_r-0.01[mm], 0.5)
0                                                 20                                                20                                                20.000000000084242                                20.000326614129506                                20.213315208811707                                20.492228596458858                                20.76039249765779
5                                                 20.0684343146238                                  26.17632853409293                                 447.2454510584274                                 519.8594655175408                                 560.6798935808159                                 569.0492624730209                                 572.1817965234892
10                                                23.456109059802998                                65.7389199340306                                  773.1388586662569                                 895.4756269590656                                 952.8065792420058                                 962.9388076334268                                 966.1503602913609
15                                                38.17424863926681                                 127.93803543692809                                969.4253921993057                                 1055.4847974228446                                1081.8157260567978                                1085.078447040491                                 1085.4552007035345
20                                                64.97711296820563                                 194.21932876695928                                1031.2804518372695                                1080.872984210298                                 1094.2867717771246                                1095.663253474101                                 1095.3904273151174
25                                                103.40671149485979                                257.6442068536313                                 1061.187127965704                                 1094.9889658523057                                1103.405935157342                                 1103.9816008033981                                1103.4163349665355
30                                                148.87867261451146                                315.9972151960595                                 1075.0789305347303                                1100.9106566175728                                1107.0744669576343                                1107.3252568999683                                1106.646809499533
35                                                197.38304258332522                                368.53046287927                                   1089.2617340398                                   1112.3891551917163                                1117.4675643810606                                1117.5295480269679                                1116.768039054848
40                                                243.9444528669336                                 415.90257264193065                                1100.1675565537034                                1119.1285595466888                                1122.941382382527                                 1122.8058876831642                                1121.9682427997423
45                                                288.27020742861475                                458.403668400407                                  1107.4800979953066                                1121.4675907109358                                1123.9465541962236                                1123.619224242339                                 1122.7162859237392
50                                                330.21295034280956                                496.58922953924696                                1111.0610228164246                                1121.5640216025758                                1123.1089177022573                                1122.6522723463909                                1121.7084393503687
55                                                369.46851359951233                                531.5859123114968                                 1115.7290621676048                                1123.7997813158677                                1124.6608766563077                                1124.1042064850753                                1123.1245607281207
60                                                405.93017527344705                                563.790014793213                                  1122.9206666322789                                1129.7159266538574                                1130.1466037396463                                1129.5150442402414                                1128.500246288942
65                                                439.6654711173767                                 592.9507516952839                                 1131.7268217674678                                1138.3372462813409                                1138.5889158274776                                1137.9102319164872                                1136.8637402554136
70                                                471.0686111345227                                 619.669145599309                                  1140.5470707914533                                1147.1326961193536                                1147.2581354803815                                1146.54019120361                                  1145.464241783643
75                                                500.4996662225601                                 644.4941697396332                                 1147.9195585879943                                1153.790423840148                                 1153.6609789208178                                1152.893460894909                                 1151.7891730062684
80                                                527.6434024903199                                 666.9452105206352                                 1155.1241061023375                                1160.3344036382227                                1159.9802594559928                                1159.1687682238826                                1158.03823876783
85                                                552.8906109078692                                 687.6727111467486                                 1162.2348259584278                                1166.8454771101824                                1166.2881834593186                                1165.4361862559804                                1164.280548916141
90                                                576.519439945171                                  707.1396295570468                                 1169.3044683847352                                1173.381183882394                                 1172.6361443708302                                1171.7455900329346                                1170.565292915392
95                                                598.2840361418107                                 724.9367605117427                                 1176.286407828335                                 1179.8906650870904                                1178.9787158932809                                1178.052895358992                                 1176.8489925469585
100                                               618.4884471583812                                 742.2587401236989                                 1183.5606024824974                                1186.751876960635                                 1185.6875871211314                                1184.7279084220831                                1183.5000888027785
105                                               637.2790818721169                                 759.6808246920328                                 1191.3100146247943                                1194.1468177729757                                1192.941738490853                                 1191.9487029776951                                1190.695998051889
110                                               654.5005118504048                                 776.5923191099213                                 1199.340410540935                                 1201.8822772053754                                1200.5511634315699                                1199.526234992244                                 1198.2483741456126
115                                               670.3623872023193                                 794.1821778051393                                 1207.7807448956478                                1210.054416137808                                 1208.6047130935026                                1207.5487598426894                                1206.2457984568637
120                                               684.9252983627778                                 812.7940174168267                                 1216.6682865425241                                1218.691025777085                                 1217.1280661174037                                1216.041783986897                                 1214.7138716587547
125                                               698.1028687059747                                 831.9379842923391                                 1225.9499056793893                                1227.7524874824953                                1226.084615498446                                 1224.9689458808411                                1223.6160978957132
130                                               709.9121334493985                                 851.3059365560285                                 1235.4826737506687                                1237.0689974819607                                1235.2962913353877                                1234.1507491734997                                1232.772213698558
135                                               720.355231488938                                  870.859184746408                                  1245.248645033033                                 1246.6192356725678                                1244.7407356524695                                1243.564656787932                                 1242.1595856730646
140                                               729.4265876136907                                 890.6985761785019                                 1255.294596554239                                 1256.4587746844882                                1254.4762263821835                                1253.2694134988274                                1251.8372096529738
145                                               738.2332242177415                                 910.1958646265185                                 1265.3437481550818                                1266.2955783652474                                1264.2061073452733                                1262.9677598162625                                1261.5077206499714
150                                               746.7585418299993                                 929.3604704555004                                 1275.4002500716147                                1276.1340257099755                                1273.934826812792                                 1272.6641530577544                                1271.1755775634938
155                                               754.7214003281434                                 948.3519434827878                                 1285.5343935718652                                1286.0482824086043                                1283.7377237796595                                1282.4340854353895                                1280.916299398065
160                                               764.4464302890934                                 967.0154355987896                                 1295.519351953572                                 1295.813761255105                                 1293.3920523934062                                1292.0555443458197                                1290.5086595035814
165                                               775.6147180758911                                 985.3721902536676                                 1305.3862433347272                                1305.4612731333223                                1302.92837092451                                  1301.558987465843                                 1299.983007732737
170                                               787.7850161548976                                 1003.4515997935115                                1315.1781226092676                                1315.033447849356                                 1312.3889596643012                                1310.9865559058085                                1309.3813360109166
175                                               803.8054899605596                                 1021.4458553560793                                1324.8074914283966                                1324.447873217477                                 1321.6940002558003                                1320.2591162639324                                1318.6250630308969
180                                               822.9799404788968                                 1039.3079781812944                                1334.2957376874315                                1333.724693882988                                 1330.8630033147724                                1329.3960117271058                                1327.7333970268423
185                                               844.9291408563441                                 1057.0123784492775                                1343.6545115956983                                1342.8748828439866                                1339.9065964768201                                1338.4077787306796                                1336.71680092395
190                                               869.1206904037989                                 1074.6298100151384                                1352.7279030423115                                1351.7416774478834                                1348.6691215310047                                1347.1392436461938                                1345.4205633200463
195                                               895.7352620034202                                 1092.136262198224                                 1361.5688209165114                                1360.3782758982838                                1357.2034018830382                                1355.6430654338305                                1353.8971863164716
200                                               924.8168680244602                                 1109.5258859362361                                1370.1901539570072                                1368.7976374116038                                1365.5223054476273                                1363.932071948952                                 1362.1594595573793
200.2392369629462                                 926.2701916080902                                 1110.3550053900271                                1370.5971576269735                                1369.195036128589                                 1365.9149441446439                                1364.3232942263767                                1362.5494143870956
