% Model:              batchmodel_BILLETTA_r_0.0542379_COIL_kr_2.4069_COIL_kw_5.8583_FUNZ_freq_6066_FUNZ_I_eff_85.0125.mph
% Version:            COMSOL 5.6.0.401
% Date:               Jan 28 2022, 03:43
% Table:              Tabella delle sonde 1 - 
% Tempo (s)                                       Temperatura (degC), Punto: (0, 0.5)               Temperatura (degC), Punto: (0.5*BILLETTA_r, 0.5)  Temperatura (degC), Punto: (BILLETTA_r-10*FUNZ_depth_billetta, 0.5)Temperatura (degC), Punto: (BILLETTA_r-5*FUNZ_depth_billetta, 0.5)Temperatura (degC), Punto: (BILLETTA_r-2*FUNZ_depth_billetta, 0.5)Temperatura (degC), Punto: (BILLETTA_r-FUNZ_depth_billetta, 0.5)Temperatura (degC), Punto: (BILLETTA_r-0.01[mm], 0.5)
0                                                 20                                                20.000000000000057                                20.000000000164448                                20.000972820245067                                20.260086415433534                                20.520356977763015                                20.77142912171422
5                                                 20.091970934463518                                28.527983827036167                                585.1018069397554                                 712.4748871081983                                 780.3631922650333                                 794.0132651096425                                 798.8180789319587
10                                                24.571957207078924                                79.58839026363609                                 953.1923839479531                                 1084.1944372448165                                1121.0814604910875                                1125.4309086551298                                1125.883995097482
15                                                41.63546057209999                                 150.84816336810093                                1057.5861094669135                                1105.093358208329                                 1116.9728877046036                                1117.9231605222299                                1117.284377638216
20                                                75.54793917441299                                 222.14474402251477                                1121.4614908701428                                1162.557932878673                                 1171.4269827613598                                1171.719892989609                                 1170.7270520195234
25                                                121.15774775511284                                286.6679125191479                                 1130.8158165351397                                1158.2890673468082                                1163.6090496578045                                1163.4304215425782                                1162.3020064938592
30                                                169.88322368451242                                345.5133584353439                                 1142.2792132800855                                1162.909712112311                                 1166.378115234796                                 1165.9355936300703                                1164.7145772915987
35                                                217.82215703393717                                396.2308871438779                                 1153.7125417850561                                1170.5679367426524                                1172.979177921351                                 1172.3742358689228                                1171.0847539018546
40                                                263.69856376644304                                442.575513668095                                  1164.5965311128639                                1178.58637378099                                  1180.182606764683                                 1179.4479153097209                                1178.0991810896066
45                                                307.3044916633896                                 485.0319000391197                                 1175.3355114403412                                1187.1414993787562                                1188.1028156856955                                1187.262062378721                                 1185.8600307169636
50                                                348.87808844013534                                524.4819749369607                                 1186.194835888467                                 1196.281324460971                                 1196.729681006172                                 1195.7985871840997                                1194.346797498507
55                                                387.87992362533544                                560.8729557403267                                 1197.663330885754                                 1206.4662556540497                                1206.5162448362703                                1205.5095966228719                                1204.011252017846
60                                                424.72036240333887                                594.6929692320992                                 1209.6437936488937                                1217.5295297699672                                1217.2774589606915                                1216.2076831201362                                1214.6654755941772
65                                                459.3190897114822                                 626.17132619161                                   1222.473369755423                                 1229.6251652071787                                1229.115726171241                                 1227.986976073165                                 1226.3999538244675
70                                                491.65948985889133                                655.3554667489801                                 1236.221808347162                                 1242.7850255042645                                1242.052231698644                                 1240.866949101418                                 1239.2334064937486
75                                                521.8350193082824                                 682.3323154474733                                 1250.831823069781                                 1256.9820987428702                                1256.067782740237                                 1254.8296354035015                                1253.1483748723317
80                                                550.3256156066376                                 708.2039065939335                                 1266.630148651719                                 1272.3597644360739                                1271.2490893959912                                1269.9524707253731                                1268.2179871976173
85                                                576.9033302534606                                 732.4468240286537                                 1283.4616009614665                                1288.8499238380837                                1287.5549683132162                                1286.198676610572                                 1284.407510883742
90                                                601.7153500090867                                 757.1554168256899                                 1301.0527993719843                                1306.101444736792                                 1304.6131856362308                                1303.1934366294                                   1301.3417985206838
95                                                624.8227170779902                                 783.198266399064                                  1319.290365777139                                 1323.96870340735                                  1322.269366235921                                 1320.7813045916591                                1318.8652666520352
100                                               646.1799375085562                                 809.8586321730087                                 1338.1343729704504                                1342.4342866208972                                1340.5136778507149                                1338.95376608582                                  1336.970010231998
105                                               665.9691565964009                                 838.8400993890338                                 1355.6540346546549                                1359.4517581476598                                1357.2871200240807                                1355.6552748339122                                1353.6065630497287
110                                               684.1071299039565                                 869.36409182974                                   1372.7317629658191                                1375.956384706381                                 1373.5307016048919                                1371.8252610486402                                1369.7115765924837
112.17976861301163                                691.4975992218259                                 883.1539575856651                                 1380.038534980254                                 1382.991115216923                                 1380.446302615348                                 1378.7082576900261                                1376.5662429154522
