% Model:              batchmodel_BILLETTA_r_0.0335556_COIL_kr_1.4848_COIL_kw_5.8583_FUNZ_freq_2540.9_FUNZ_I_eff_61.5962.mph
% Version:            COMSOL 5.6.0.280
% Date:               Jan 27 2022, 16:53
% Table:              Tabella delle sonde 1 - 
% Tempo (s)                                       Temperatura (degC), Punto: (0, 0.5)               Temperatura (degC), Punto: (0.5*BILLETTA_r, 0.5)  Temperatura (degC), Punto: (BILLETTA_r-10*FUNZ_depth_billetta, 0.5)Temperatura (degC), Punto: (BILLETTA_r-5*FUNZ_depth_billetta, 0.5)Temperatura (degC), Punto: (BILLETTA_r-2*FUNZ_depth_billetta, 0.5)Temperatura (degC), Punto: (BILLETTA_r-FUNZ_depth_billetta, 0.5)Temperatura (degC), Punto: (BILLETTA_r-0.01[mm], 0.5)
0                                                 20                                                20                                                20.000000000002615                                20.00000826846275                                 20.02830774235582                                 20.093757738812997                                20.16740136017603
5                                                 24.646940971851166                                45.93489182780394                                 176.22269249180277                                217.67445297847763                                244.29359833025535                                250.61533961985901                                253.1762248212002
10                                                55.65175395056224                                 114.63082710756441                                315.2744251689875                                 370.17881932654086                                402.85721513393446                                409.8903739183821                                 412.5925546261823
15                                                113.72461324274735                                197.76118101108403                                446.3468017344028                                 511.60010691518676                                547.54836071599                                   555.1332961859471                                 557.9388187570751
20                                                184.49155096782476                                282.67758055301806                                567.5271828731818                                 643.4230531712017                                 683.1540540372695                                 691.0146269060285                                 693.7117121406142
25                                                259.0086904989847                                 366.8694103057961                                 683.9688055640546                                 775.6638835524531                                 827.5933026139627                                 837.0872040163375                                 839.9757456364042
30                                                330.0803002559653                                 443.84915440767907                                789.2760586057767                                 896.6891651634813                                 948.2748225564925                                 956.7751315183938                                 958.8915689852853
35                                                396.8391110027528                                 514.109001074575                                  898.595066233058                                  1005.4292413513637                                1046.7403512571354                                1052.567821951884                                 1053.3484601644636
40                                                457.00038700648986                                574.8016021246065                                 962.2078516517826                                 1045.7425081500105                                1072.072239236606                                 1075.0308380506149                                1074.6893134611128
45                                                512.859899532802                                  628.7262394867008                                 1005.3896919268244                                1066.576105970354                                 1082.5623388613553                                1083.7514001321756                                1082.753729574944
50                                                563.1646763112974                                 674.855357013122                                  1032.7033226139702                                1077.5478156740733                                1087.9616117664473                                1088.3014564062619                                1086.999205374576
55                                                607.5648734623226                                 714.1589832578944                                 1051.5251814639291                                1085.247106070089                                 1092.2329808919176                                1092.0556251869134                                1090.5653529154838
60                                                647.2536200925533                                 750.6095051555044                                 1066.4530584737677                                1091.8023860822614                                1096.2549906518966                                1095.6923725792085                                1094.0589570321695
65                                                681.4745592171238                                 786.9659340664087                                 1078.3590579641345                                1097.6541110986254                                1100.2667153534967                                1099.4190824162906                                1097.6758354315707
70                                                710.4493090606012                                 823.1046094714926                                 1088.1200692276207                                1102.9512989162354                                1104.1994442160303                                1103.1363443781538                                1101.3069233784117
75                                                733.6059267679382                                 858.8413945912472                                 1096.4514942920373                                1107.7851173258896                                1107.9575837422349                                1106.722631367028                                 1104.8228239397877
80                                                754.4714090247504                                 893.4448475044707                                 1103.4541200770782                                1112.2384743887305                                1111.6191338993467                                1110.2544956513852                                1108.2989405914736
85                                                779.4091903404202                                 925.2959401368831                                 1110.0333307493693                                1116.5643931463092                                1115.2428076474807                                1113.7621632021815                                1111.7554608200157
90                                                807.1943454969831                                 955.0501841908396                                 1115.963358743537                                 1120.7337966098057                                1118.8565637035322                                1117.2816937780403                                1115.2311773400288
95                                                842.7282321878614                                 982.4350024051952                                 1121.7956582929883                                1124.9971979622196                                1122.6168857447296                                1120.9550469150427                                1118.862586501214
100                                               882.6184442349999                                 1007.6938084594909                                1127.387846616392                                 1129.302803277178                                 1126.5005536593853                                1124.7633514374293                                1122.6323796047277
105                                               921.54312467494                                   1031.3535462169425                                1133.1506635319183                                1133.8915689244159                                1130.696610290805                                 1128.8873585767883                                1126.7178795784157
110                                               959.016146861927                                  1052.2451349832736                                1138.920093418536                                 1138.7112497540752                                1135.1859677765833                                1133.3129559235695                                1131.1066747852528
115                                               984.2592056059015                                 1067.8470590720817                                1144.7127978141539                                1143.829778511275                                 1140.0514417828404                                1138.1249244959836                                1135.883818329119
120                                               1009.5022643498761                                1083.4489831608907                                1150.5055022097717                                1148.9483072684743                                1144.9169157890979                                1142.9368930683977                                1140.660961872985
125                                               1034.7453230938504                                1099.0509072496993                                1156.29820660539                                  1154.066836025674                                 1149.7823897953554                                1147.7488616408118                                1145.4381054168512
130                                               1059.8050658606767                                1114.570828949868                                 1162.1035531606171                                1159.202543373356                                 1154.6663078240326                                1152.5794106745848                                1150.233802206063
135                                               1077.9766514865996                                1127.0094843705347                                1168.3839329526886                                1164.9837418153857                                1160.2432659614592                                1158.108126554403                                 1155.7266431907892
140                                               1096.148237112523                                 1139.4481397912014                                1174.6643127447596                                1170.7649402574157                                1165.8202240988862                                1163.6368424342213                                1161.2194841755163
145                                               1114.0400752670744                                1151.7577504834612                                1180.9609494376896                                1176.5701398083602                                1171.4233762922072                                1169.1919917647965                                1166.7387188979956
150                                               1127.79455836235                                  1162.1588404040149                                1187.4980192994562                                1182.7303063190107                                1177.4139282684305                                1175.1380814341237                                1172.648306619525
155                                               1141.5490414576252                                1172.559930324569                                 1194.035089161223                                 1188.8904728296611                                1183.4044802446533                                1181.0841711034504                                1178.5578943410542
160                                               1155.0322671478866                                1182.8181309451506                                1200.5569270261803                                1195.0450273523065                                1189.392662999047                                 1187.028396516811                                 1184.465770125771
165                                               1166.0941630493262                                1191.8008562713067                                1206.9427992476667                                1201.1494874868104                                1195.3596973265712                                1192.9559809890497                                1190.3583646185339
170                                               1177.1560589507653                                1200.7835815974627                                1213.3286714691535                                1207.2539476213142                                1201.326731654096                                 1198.8835654612876                                1196.2509591112967
175                                               1187.886330336019                                 1209.5538247526133                                1219.6297210105795                                1213.283908259048                                 1207.223491454175                                 1204.7419191041167                                1202.075153434515
180                                               1196.5477902297357                                1216.998515858179                                 1225.4016114377469                                1218.8491100882243                                1212.681849559428                                 1210.1683820740336                                1207.4726390861179
185                                               1205.2092501234529                                1224.443206963745                                 1231.1735018649142                                1224.4143119174                                   1218.140207664681                                 1215.5948450439505                                1212.8701247377207
190                                               1213.87071001717                                  1231.8878980693112                                1236.9453922920811                                1229.9795137465762                                1223.5985657699339                                1221.021308013867                                 1218.2676103893232
195                                               1222.5321699108868                                1239.3325891748773                                1242.7172827192485                                1235.5447155757524                                1229.0569238751864                                1226.4477709837838                                1223.6650960409256
200                                               1230.9829751142893                                1246.627019884796                                 1248.406221166455                                 1241.0329121867017                                1234.4407302562322                                1231.8002713502874                                1228.989067488828
205                                               1238.119628851809                                 1252.9840638272526                                1253.5776707037298                                1246.0407182577492                                1239.3594520122683                                1236.691362272024                                 1233.8544267956381
210                                               1245.2562825893287                                1259.3411077697087                                1258.7491202410038                                1251.0485243287967                                1244.2781737683054                                1241.5824531937606                                1238.7197861024483
215                                               1252.3929363268485                                1265.6981517121658                                1263.9205697782777                                1256.0563303998442                                1249.1968955243415                                1246.4735441154971                                1243.585145409259
220                                               1259.5295900643682                                1272.055195654622                                 1269.0920193155525                                1261.0641364708918                                1254.115617280378                                 1251.3646350372337                                1248.4505047160692
225                                               1266.4879536069634                                1278.2732071709506                                1274.170371997679                                 1265.983287484656                                 1258.9476258026275                                1256.1695049175032                                1253.2300350539122
230                                               1272.3340688503981                                1283.62387665787                                  1278.6679478241904                                1270.3493714230472                                1263.2386811511183                                1260.4364921241677                                1257.4741286292738
235                                               1278.1801840938328                                1288.9745461447897                                1283.1655236507017                                1274.7154553614373                                1267.5297364996095                                1264.7034793308321                                1261.718222204635
240                                               1284.0262993372671                                1294.325215631709                                 1287.6630994772136                                1279.081539299828                                 1271.8207918481003                                1268.9704665374966                                1265.9623157799965
245                                               1289.8724145807018                                1299.6758851186282                                1292.160675303725                                 1283.4476232382185                                1276.111847196591                                 1273.2374537441606                                1270.2064093553572
250                                               1295.6479013596413                                1304.9682355459108                                1296.6151359668443                                1287.7721432712433                                1280.3620540616162                                1277.4637848872485                                1274.4100079672571
