% Model:              batchmodel_BILLETTA_r_0.0335556_COIL_kr_1.6756_COIL_kw_4.5299_FUNZ_freq_2540.9_FUNZ_I_eff_61.5962.mph
% Version:            COMSOL 5.6.0.280
% Date:               Jan 27 2022, 17:30
% Table:              Tabella delle sonde 1 - 
% Tempo (s)                                       Temperatura (degC), Punto: (0, 0.5)               Temperatura (degC), Punto: (0.5*BILLETTA_r, 0.5)  Temperatura (degC), Punto: (BILLETTA_r-10*FUNZ_depth_billetta, 0.5)Temperatura (degC), Punto: (BILLETTA_r-5*FUNZ_depth_billetta, 0.5)Temperatura (degC), Punto: (BILLETTA_r-2*FUNZ_depth_billetta, 0.5)Temperatura (degC), Punto: (BILLETTA_r-FUNZ_depth_billetta, 0.5)Temperatura (degC), Punto: (BILLETTA_r-0.01[mm], 0.5)
0                                                 20                                                20                                                20.000000000002615                                20.000008268459112                                20.02830774482294                                 20.09375772516819                                 20.1674013452822
5                                                 23.08511845200951                                 43.80874153791848                                 177.80733624594257                                219.86997381158722                                246.59640024422697                                252.981666370119                                  255.57624026222823
10                                                50.20917524009377                                 112.85071081969096                                311.4404755936572                                 363.17445346366287                                393.1826937592158                                 399.7176022755359                                 402.25905544197224
15                                                107.27853178134495                                194.47200250752053                                446.53290681572867                                514.4306982977341                                 552.6964191670777                                 560.4843025819243                                 563.3215099335688
20                                                180.03749075440294                                282.14532575735245                                584.970352578265                                  667.7583684788118                                 712.6436780628892                                 721.1845600975969                                 724.0376384491725
25                                                257.4762032489152                                 370.4535751116375                                 703.1905189307719                                 801.219172526677                                  855.0673237182933                                 864.9191203644137                                 867.8567650136018
30                                                333.76933628047254                                453.4581567467633                                 821.3392778406322                                 941.8847077294503                                 994.8082246184046                                 1003.2850569629985                                1005.2353032351645
35                                                406.015114534472                                  528.5895439827124                                 932.1323161358829                                 1035.5077145261257                                1070.7969752907889                                1075.1694281513219                                1075.3118030783207
40                                                471.93337205625494                                594.6545873492713                                 993.6990151651488                                 1063.9108111149708                                1082.1802656728923                                1083.650556905778                                 1082.7406904026539
45                                                531.4957275081914                                 650.8779736237958                                 1026.1872446713014                                1074.909640139589                                 1086.380388786843                                 1086.8855011541668                                1085.6451824495657
50                                                584.7035523808029                                 698.2066377109336                                 1048.4195025568815                                1084.0454840660182                                1091.4991715492324                                1091.3891274279135                                1089.9237205814143
55                                                630.8349009124629                                 738.2271288841157                                 1064.2273512103743                                1090.9180099608407                                1095.7059026853126                                1095.1904456199109                                1093.574358936538
60                                                669.8760147328086                                 774.6773345476721                                 1075.7072408519161                                1096.4296853799478                                1099.4627030502766                                1098.678108592368                                 1096.9586088780557
65                                                701.5552743687823                                 810.8797594982101                                 1085.062429546574                                 1101.3626245299752                                1103.0592974652077                                1102.0658215173926                                1100.2635882989553
70                                                725.3928140419085                                 847.241675097852                                  1093.1318046212841                                1105.8918024606664                                1106.5089833113566                                1105.3448917904925                                1103.473866020177
75                                                744.765109532458                                  881.5512782351306                                 1100.4662122613722                                1110.3016169050074                                1110.0205828034182                                1108.7120810909319                                1106.7808625808298
80                                                763.7332306986858                                 913.4785429325149                                 1107.1494592473205                                1114.6052303409829                                1113.584169063476                                 1112.154177236167                                 1110.1701972215783
85                                                787.0204364024497                                 942.9143395241546                                 1113.3572823538843                                1118.8555543724528                                1117.2160676972967                                1115.6821928885197                                1113.6510168346458
90                                                819.4498292446596                                 970.2770478022152                                 1119.245774385542                                 1123.0984959557813                                1120.9305311344187                                1119.3058489026557                                1117.2315714025021
95                                                860.2761680536152                                 996.1682650584238                                 1124.953487627672                                 1127.4003072836176                                1124.774176165587                                 1123.0687901833458                                1120.9543656693022
100                                               900.6864293345526                                 1020.354688981476                                 1130.679827722508                                 1131.8946573896278                                1128.8591485329393                                1127.0795466386776                                1124.9262875776558
105                                               939.623882000969                                  1042.8228487267525                                1136.4531171954886                                1136.5995576637083                                1133.2001990192202                                1131.352333613811                                 1129.161317644613
110                                               974.9699214388085                                 1062.6298082590629                                1142.2809200141023                                1141.5643548703656                                1137.8583943680505                                1135.94975292882                                  1133.7223259531252
115                                               1002.8416408737556                                1079.3569158282453                                1148.1843055832678                                1146.7577097963099                                1142.7874180536865                                1140.823383798051                                 1138.5603052343931
120                                               1030.7133603087027                                1096.0840233974282                                1154.0876911524329                                1151.951064722255                                 1147.716441739322                                 1145.697014667282                                 1143.3982845156615
125                                               1053.5957021991003                                1110.6182556112794                                1160.2337462716                                   1157.4958258376628                                1153.0271579099572                                1150.9557738546118                                1148.6210574568959
130                                               1074.12351346559                                  1124.11765088757                                  1166.4943192603546                                1163.2064185878044                                1158.5179980813973                                1156.3962784422451                                1154.0254178703522
135                                               1094.2629733212402                                1137.44517578643                                  1172.77761323607                                  1168.9488264540187                                1164.0431967245995                                1161.8714128501447                                1159.4643508304785
140                                               1109.9467252919476                                1148.8007645096272                                1179.3215939968181                                1175.0562616114657                                1169.9626035752976                                1167.7438687532394                                1165.2999481633883
145                                               1125.630477262654                                 1160.1563532328246                                1185.8655747575658                                1181.1636967689128                                1175.8820104259953                                1173.6163246563337                                1171.1355454962986
150                                               1140.6341879545284                                1171.1795402472662                                1192.419530884003                                 1187.3048966508672                                1181.8428003517624                                1179.5312227185718                                1177.013752209713
155                                               1154.224159942013                                 1181.5116969144333                                1198.9942248112234                                1193.5162900627815                                1187.8896216064377                                1185.534353840988                                 1182.9805396200122
160                                               1166.8960332757206                                1191.395090292045                                 1205.5823861118147                                1199.7732679841665                                1193.9923126247468                                1191.5947845573933                                1189.004852383693
165                                               1178.6498079556509                                1200.829720380103                                 1212.1840147857774                                1206.0758304150227                                1200.1508734066902                                1197.7125148677874                                1195.0866905007565
170                                               1189.485483981804                                 1209.8155871786066                                1218.7991108331116                                1212.4239773553495                                1206.365303952267                                 1203.8875447721712                                1201.226053971202
175                                               1199.7068651827917                                1218.4230090020942                                1225.2812990695338                                1218.6577438972809                                1212.4726638151033                                1209.9572825378987                                1207.2615423634984
180                                               1209.5086943559709                                1226.6970609417558                                1231.5367508129611                                1224.6745901426884                                1218.36850573239                                  1215.8175044328755                                1213.0896955873795
185                                               1218.6229223387468                                1234.5757004439706                                1237.6946143554032                                1230.6156547328924                                1224.1965936928932                                1221.611666772249                                 1218.8529188610828
190                                               1227.0495491311199                                1242.0589275087377                                1243.7548896968606                                1236.4809376678922                                1229.9569276966117                                1227.3397695560197                                1224.5512121846077
195                                               1234.7885747330893                                1249.1467421360576                                1249.7175768373327                                1242.270438947689                                 1235.6495077435457                                1233.0018127841877                                1230.1845755579548
200                                               1242.2277029122952                                1255.9885495237472                                1255.49908943615                                  1247.8853401184106                                1241.1704448069659                                1238.4929946047914                                1235.6477265458047
205                                               1249.6154575816877                                1262.6801206378805                                1261.0458473989538                                1253.2622970733523                                1246.4531444671347                                1243.7461354634715                                1240.87317753268
210                                               1256.6097638216543                                1269.0896337751374                                1266.4315997917906                                1258.4884983246866                                1251.5892690534747                                1248.8537030844986                                1245.9538202663625
215                                               1263.210621632194                                 1275.2170889355193                                1271.65634661466                                  1263.563943872413                                 1256.5788185659862                                1253.8156974678723                                1250.889654746854
220                                               1269.4180310133074                                1281.062486119025                                 1276.7200878675621                                1268.4886337165308                                1261.4217930046684                                1258.6321186135933                                1255.680680974152
225                                               1275.4100966607907                                1286.7098270702386                                1281.6140460054867                                1273.2478948755524                                1266.1017169147854                                1263.2862091467218                                1260.310029648756
230                                               1281.3009863481075                                1292.2129581636377                                1286.3325944908179                                1277.8323217489165                                1270.6080292834704                                1267.7672273393268                                1264.7668872974127
235                                               1286.9335565172555                                1297.4977638181417                                1290.8834778394844                                1282.2548604552376                                1274.9552665695473                                1272.0899583912524                                1269.0661378721315
240                                               1292.3078071682348                                1302.5642440337497                                1295.2666960514862                                1286.5155109945158                                1279.1434287730176                                1276.254402302497                                 1273.2077813729125
245                                               1297.423738301045                                 1307.412398810463                                 1299.4822491268233                                1290.6142733667516                                1283.1725158938793                                1280.2605590730623                                1277.1918177997559
250                                               1302.4199044342886                                1312.119331367819                                 1303.5489926742616                                1294.566244406561                                 1287.0564858428843                                1284.122233629243                                 1281.0320263765648
