% Model:              batchmodel_BILLETTA_r_0.0335556_COIL_kr_2.7711_COIL_kw_4.5299_FUNZ_freq_8940.8_FUNZ_I_eff_61.5962.mph
% Version:            COMSOL 5.6.0.280
% Date:               Jan 27 2022, 20:42
% Table:              Tabella delle sonde 1 - 
% Tempo (s)                                       Temperatura (degC), Punto: (0, 0.5)               Temperatura (degC), Punto: (0.5*BILLETTA_r, 0.5)  Temperatura (degC), Punto: (BILLETTA_r-10*FUNZ_depth_billetta, 0.5)Temperatura (degC), Punto: (BILLETTA_r-5*FUNZ_depth_billetta, 0.5)Temperatura (degC), Punto: (BILLETTA_r-2*FUNZ_depth_billetta, 0.5)Temperatura (degC), Punto: (BILLETTA_r-FUNZ_depth_billetta, 0.5)Temperatura (degC), Punto: (BILLETTA_r-0.01[mm], 0.5)
0                                                 20                                                20                                                20.000000000082366                                20.00031744432283                                 20.212715138975113                                20.491919993153317                                20.759126248952896
5                                                 26.814415268386085                                70.68095270681044                                 459.48657555591615                                531.9370898698319                                 572.4071184066257                                 580.6575616220816                                 583.7345888524106
10                                                84.02754484161892                                 200.1434356772981                                 791.4784945296884                                 906.5978031500359                                 960.5186777930436                                 970.3851167755018                                 973.5444580671875
15                                                186.36579203477783                                333.48866560188594                                993.6001350346709                                 1066.706089463822                                 1087.4113275904983                                1089.7989069144974                                1089.8669586540154
20                                                289.8878940362175                                 444.3254568505088                                 1057.7098001230765                                1100.3426747131457                                1110.6287137257646                                1111.41548053417                                  1110.9015141958726
25                                                382.1616042803472                                 532.0300950754635                                 1074.1199489331116                                1100.7733272457003                                1107.0427092089085                                1107.2995641591024                                1106.6217105773171
30                                                461.8129860026213                                 603.5372973224701                                 1092.5230478769704                                1111.2923728094793                                1115.178399654305                                 1115.0713897438773                                1114.257539950167
35                                                530.6308277402662                                 662.5132896014186                                 1107.110343173918                                 1121.1417489348519                                1123.5469798383174                                1123.2036267271765                                1122.2952681486968
40                                                589.3636860305768                                 711.4568336743923                                 1119.4315899924445                                1130.1284967906745                                1131.5162005120578                                1131.008857834884                                 1130.031285315305
45                                                639.3788512990138                                 757.3967548859231                                 1131.5204929205497                                1139.5172378922693                                1140.0676826335307                                1139.422153426172                                 1138.3829570877338
50                                                680.4809474439847                                 799.3411634947596                                 1143.0703103598698                                1149.1441988422803                                1149.085532219447                                 1148.3350947449198                                1147.2445960918167
55                                                713.6977509080293                                 841.9703548478263                                 1154.8687194031468                                1159.45113735121                                  1158.9042802434142                                1158.0650662719763                                1156.9269709813807
60                                                738.872281308624                                  884.5694706126343                                 1166.795411930631                                 1170.3705802882228                                1169.4728311577746                                1168.5635913784276                                1167.3826156148252
65                                                766.074013724288                                  925.1912371263608                                 1179.659579743773                                 1182.443597807383                                 1181.2536076537617                                1180.2808075940716                                1179.056553901405
70                                                796.3593474908765                                 963.6888450970199                                 1193.554422778243                                 1195.7315079732089                                1194.2985081162988                                1193.2671372203959                                1191.998599873701
75                                                839.1712762986302                                 999.2505492603208                                 1209.3095273703348                                1211.0099127361268                                1209.3672747709375                                1208.2803582143315                                1206.9662882322268
80                                                887.494857926588                                  1034.0101732132202                                1225.6700176609402                                1226.8794032336277                                1225.0221170442378                                1223.8786792533037                                1222.518451673176
85                                                934.6775772250259                                 1067.0591640896018                                1242.8831341133432                                1243.636740072131                                 1241.570582494951                                 1240.3698521754                                   1238.961400001032
90                                                981.0789751520853                                 1098.9366251970641                                1260.6801729416297                                1261.0021198819686                                1258.7310471925553                                1257.4724961222732                                1256.0144037680343
95                                                1021.6764535087165                                1128.1910293108026                                1278.2271577080714                                1278.1433197626156                                1275.673688234283                                 1274.3577373226822                                1272.8495447903788
100                                               1056.5946907165162                                1154.8787243180977                                1295.5294600146285                                1295.0651554940605                                1292.40318485617                                  1291.0302459707864                                1289.4715031437963
105                                               1091.5129279243165                                1181.5664193253924                                1312.831762321186                                 1311.9869912255053                                1309.1326814780568                                1307.7027546188906                                1306.0934614972143
110                                               1126.4311651321163                                1208.2541143326875                                1330.134064627744                                 1328.9088269569506                                1325.8621780999433                                1324.3752632669953                                1322.7154198506319
115                                               1158.8656954326148                                1233.4040065926597                                1346.2517963583323                                1344.6619563223871                                1341.4338267170588                                1339.8931884669114                                1338.1855585105495
120                                               1186.2401304164555                                1255.4209090232803                                1359.9561837421725                                1358.0340617466304                                1354.6465733038567                                1353.0588625692067                                1351.3090767139306
125                                               1213.6145654002962                                1277.4378114539004                                1373.6605711260127                                1371.4061671708741                                1367.8593198906551                                1366.224536671502                                 1364.4325949173117
130                                               1240.9890003841365                                1299.4547138845205                                1387.3649585098533                                1384.7782725951179                                1381.072066477453                                 1379.3902107737977                                1377.5561131206928
130.41650183325893                                1243.269300855176                                 1301.288729929528                                 1388.5065390036652                                1385.8921738798635                                1382.1726931126104                                1380.4869162537366                                1378.6493069987955
