% Model:              batchmodel_BILLETTA_r_0.0335556_COIL_kr_1.6756_COIL_kw_3.7744_FUNZ_freq_7167.5_FUNZ_I_eff_61.5962.mph
% Version:            COMSOL 5.6.0.280
% Date:               Jan 27 2022, 17:26
% Table:              Tabella delle sonde 1 - 
% Tempo (s)                                       Temperatura (degC), Punto: (0, 0.5)               Temperatura (degC), Punto: (0.5*BILLETTA_r, 0.5)  Temperatura (degC), Punto: (BILLETTA_r-10*FUNZ_depth_billetta, 0.5)Temperatura (degC), Punto: (BILLETTA_r-5*FUNZ_depth_billetta, 0.5)Temperatura (degC), Punto: (BILLETTA_r-2*FUNZ_depth_billetta, 0.5)Temperatura (degC), Punto: (BILLETTA_r-FUNZ_depth_billetta, 0.5)Temperatura (degC), Punto: (BILLETTA_r-0.01[mm], 0.5)
0                                                 20                                                19.999999999999943                                20.000000000036437                                20.000171289130492                                20.168973808439375                                20.392846651328057                                20.61689479262094
5                                                 25.92053601174308                                 64.13392059412251                                 388.29935892964795                                451.97911028331305                                488.3817443395776                                 495.99335844935445                                498.8902437639962
10                                                74.57948283105702                                 181.8631781975693                                 688.1741153806319                                 787.3929211037811                                 841.4823273227045                                 851.9191827720941                                 855.4176150634927
15                                                169.10939268020724                                311.81062083570896                                937.9140441631326                                 1040.35241501453                                  1074.6189770061842                                1079.142068145798                                 1079.8830715776803
20                                                274.5453716433756                                 428.71297791823304                                1027.0872482142663                                1080.374951696232                                 1094.2489933264683                                1095.553684196529                                 1095.1538758989668
25                                                371.71896757402953                                523.9543604493182                                 1060.9764584357363                                1093.7770446695272                                1101.6379109965078                                1102.0574665497043                                1101.3484106597894
30                                                455.50376105730106                                599.3676328985059                                 1081.0030078471368                                1103.9958533947224                                1108.9366326534391                                1108.9143625085399                                1108.0430558920498
35                                                526.5889991880205                                 659.8277032481492                                 1095.8739216084628                                1112.8601238515262                                1115.9899960440243                                1115.6872976043242                                1114.7079483981765
40                                                586.8936682064492                                 709.6456924131588                                 1109.0066345508721                                1121.5920829988395                                1123.369112268796                                 1122.8516911410015                                1121.785563480917
45                                                637.2266606860691                                 752.8151573730755                                 1120.2206622572685                                1129.6542791464894                                1130.4561484932997                                1129.7807503124427                                1128.647464455507
50                                                677.9373747485092                                 792.4135670865968                                 1130.202100517568                                 1137.4757603880785                                1137.5980166803197                                1136.8083206844985                                1135.6223732528465
55                                                709.7698248153221                                 833.5689724357263                                 1139.8812495590446                                1145.4904612227874                                1145.080873373544                                 1144.1983656408174                                1142.9662199818213
60                                                734.6241974670501                                 873.8043195033193                                 1149.631736497534                                 1153.9076696413113                                1153.0595468863557                                1152.0969808984305                                1150.821774398683
65                                                755.7305059180454                                 912.4571219398237                                 1159.5641859505513                                1162.8258667722307                                1161.629676355678                                 1160.5992524328863                                1159.2837242658388
70                                                778.6014438710989                                 948.3249689514597                                 1170.0641088532743                                1172.5060234131633                                1171.0145763243818                                1169.922476723635                                 1168.5668396038018
75                                                823.6841767832431                                 980.3253534159259                                 1182.639339861083                                 1184.5118395039299                                1182.7879315110122                                1181.6389755897403                                1180.239602514779
80                                                869.215096662674                                  1012.2722872505668                                1195.2518634423495                                1196.5575584426383                                1194.6017806186132                                1193.3959810062838                                1191.95278799377
85                                                914.7460165421052                                 1044.2192210852077                                1207.8643870236165                                1208.6032773813467                                1206.4156297262139                                1205.1529864228278                                1203.6659734727605
90                                                956.6917685048708                                 1072.9311706731346                                1222.4963635606318                                1222.7831087094078                                1220.3923722452391                                1219.0751045437187                                1217.542610223255
95                                                998.424215356856                                  1101.4506498693931                                1237.248490574963                                 1237.0899123551417                                1234.4977994533651                                1233.126039393977                                 1231.5479648535993
100                                               1034.8852911793401                                1127.7214868040905                                1252.5002293565317                                1251.9280186326173                                1249.1400897613512                                1247.7131819924975                                1246.087587389412
105                                               1069.5802593536255                                1153.2389439683297                                1267.9193568797223                                1266.9441312837998                                1263.962249409095                                 1262.479974363332                                 1260.806209777209
110                                               1101.4271281175243                                1177.436600691257                                 1283.232946430945                                 1281.873168181657                                 1278.7018031180414                                1277.1644184910601                                1275.4421002894837
115                                               1130.9833544066396                                1200.5727807894282                                1298.4616548995718                                1296.7321726156324                                1293.3749193032872                                1291.7826323521413                                1290.0114519908584
120                                               1159.7803565548566                                1223.270208540071                                 1313.5131106111198                                1311.419959374955                                 1307.8791798764005                                1306.2324647934197                                1304.4126979660086
125                                               1186.1001346618214                                1244.5360592307875                                1327.9862196032163                                1325.5490909004816                                1321.8324922389097                                1320.1328962360112                                1318.26544248547
130                                               1210.765996865122                                 1264.846119073642                                 1342.0731960448443                                1339.3052368742547                                1335.4179646352163                                1333.6665207067313                                1331.751980611953
135                                               1233.7779431647573                                1284.2003880686343                                1355.774039936004                                 1352.688397296276                                 1348.635597065318                                 1346.8333382055812                                1344.8723123454574
140                                               1255.1359735607284                                1302.5988662157638                                1369.088751276695                                 1365.6985721665442                                1361.4853895292163                                1359.63334873256                                  1357.626437685983
140.15082627147513                                1255.7545460977144                                1303.1390102933356                                1369.4843933576408                                1366.0852321002048                                1361.8672914368462                                1360.0137650056554                                1358.005479152314
