% Model:              batchmodel_BILLETTA_r_0.0335556_COIL_kr_2.7711_COIL_kw_3.7744_FUNZ_freq_4639.7_FUNZ_I_eff_61.5962.mph
% Version:            COMSOL 5.6.0.280
% Date:               Jan 27 2022, 20:23
% Table:              Tabella delle sonde 1 - 
% Tempo (s)                                       Temperatura (degC), Punto: (0, 0.5)               Temperatura (degC), Punto: (0.5*BILLETTA_r, 0.5)  Temperatura (degC), Punto: (BILLETTA_r-10*FUNZ_depth_billetta, 0.5)Temperatura (degC), Punto: (BILLETTA_r-5*FUNZ_depth_billetta, 0.5)Temperatura (degC), Punto: (BILLETTA_r-2*FUNZ_depth_billetta, 0.5)Temperatura (degC), Punto: (BILLETTA_r-FUNZ_depth_billetta, 0.5)Temperatura (degC), Punto: (BILLETTA_r-0.01[mm], 0.5)
0                                                 20                                                19.999999999999943                                20.00000000001296                                 20.000053176733445                                20.10682544938311                                 20.254010627578225                                20.414185288853673
5                                                 25.410767684503526                                54.71640075543746                                 278.0579451350932                                 330.53845466702603                                363.0953677306393                                 370.3492230518933                                 373.2038383783877
10                                                68.89601833891385                                 153.02528813660763                                510.8833987609828                                 588.4464076355191                                 631.1112014064718                                 639.6745292344488                                 642.7654210644992
15                                                148.81825211044622                                266.3692975180305                                 712.699678415109                                  818.2294106984094                                 875.8836672873168                                 886.7133230320723                                 890.203173255475
20                                                240.98640042045633                                373.99152986220804                                891.3066295837908                                 1003.8820435381193                                1047.2342887127202                                1053.6182942844498                                1054.9312627048766
25                                                329.90407840174146                                469.31900961004555                                987.7433872259684                                 1062.1645737662648                                1082.9335746441502                                1085.0899087117377                                1084.7870881469144
30                                                412.52529150712246                                551.389747700225                                  1033.468574436863                                 1080.393082249088                                 1092.0313407633912                                1092.8454519953516                                1092.0726345838957
35                                                485.12015640716174                                618.8256706141178                                 1060.1885500453059                                1091.8970405880114                                1098.9431737032164                                1099.0675749131374                                1098.045932574923
40                                                548.5483628638544                                 674.2710990955618                                 1077.4817037227567                                1100.22618260415                                  1104.6302135329934                                1104.3545547246213                                1103.1848123825816
45                                                602.9815761768484                                 719.5314412526343                                 1089.6246231802565                                1107.036310889936                                 1109.8460327745674                                1109.323618553974                                 1108.0583772501927
50                                                648.573627897231                                  758.0372246449646                                 1099.4814525187894                                1113.2489953644676                                1114.937273449365                                 1114.2362337642721                                1112.8983812641181
55                                                685.9154607815792                                 794.8964859306592                                 1108.460548425472                                 1119.2008686177637                                1119.955904865254                                 1119.1045757720758                                1117.703768044515
60                                                715.9120804794462                                 834.203617688216                                  1117.2698683383205                                1125.3971224599145                                1125.339702780694                                 1124.3552141289715                                1122.8962808146525
65                                                738.9869193273212                                 874.6341885127277                                 1125.6870382102825                                1131.711866680067                                 1130.991716892789                                 1129.895639928358                                 1128.3851274514527
70                                                765.0541318027307                                 910.8628904625092                                 1133.6527186860176                                1138.0208743842018                                1136.7673887680298                                1135.5785133952386                                1134.0223367559684
75                                                789.9653003102081                                 945.1180125173863                                 1141.1917393590488                                1144.3761263069482                                1142.7272065449142                                1141.4654864754739                                1139.8698248832002
80                                                831.1806438588011                                 974.6546445506923                                 1149.0781672052908                                1151.3394838387667                                1149.3689538327558                                1148.0437343306608                                1146.409807728981
85                                                872.7333244124708                                 1004.117146145033                                 1156.9758754903178                                1158.3145135358404                                1156.0224436381436                                1154.6337081912202                                1152.9614780381057
90                                                912.9636466791986                                 1030.4517246441865                                1165.818425375539                                 1166.4477899580638                                1163.889488410406                                 1162.4425774946403                                1160.7304373082516
95                                                953.0148951078069                                 1056.3627196111534                                1174.7889257666347                                1174.7379162209163                                1171.9208728686926                                1170.4165096916613                                1168.6642419221316
100                                               987.7411945369394                                 1079.4940998085617                                1184.7943788551497                                1184.186579093156                                 1181.139849930316                                 1179.5793739043315                                1177.7839019063672
105                                               1020.9746767481876                                1101.8462318314823                                1195.089974667389                                 1193.9600306907364                                1190.6917613892952                                1189.0755480104926                                1187.2360092652084
110                                               1050.1237150222569                                1122.2852888620973                                1205.9281688850638                                1204.3389115062114                                1200.8678144211735                                1199.1981538195746                                1197.314503043276
115                                               1077.3625538445776                                1141.8296452045247                                1217.020123759642                                 1215.0009374885403                                1211.3357639532123                                1209.6137271693738                                1207.6859431839312
120                                               1103.2443790179386                                1160.7347445283203                                1228.1448636228088                                1225.7153891418907                                1221.8622427003484                                1220.0887857690732                                1218.1172332362362
125                                               1126.7740253601905                                1178.5317880650455                                1239.3264313271657                                1236.5207128020775                                1232.490173028947                                 1230.6669530926124                                1228.6522640986173
130                                               1148.5634949961545                                1195.5090755337264                                1250.5500411093603                                1247.3932649176259                                1243.1931587387703                                1241.3214017758287                                1239.2640439474258
135                                               1168.612787925831                                 1211.6666069343628                                1261.8156929693937                                1258.3330454885354                                1253.971199829819                                 1252.052131818723                                 1249.9525727826622
140                                               1187.3223776119644                                1227.1100089947695                                1272.9580688920364                                1269.167675977622                                 1264.6495057361712                                1262.683927049019                                 1260.5424307967664
145                                               1205.2549816032565                                1241.9877010707414                                1283.7448754622674                                1279.654942013853                                 1274.9824728712206                                1272.9705858475631                                1270.7871302363997
150                                               1221.9047126308592                                1256.166253055611                                 1294.384946190908                                 1290.0125961214217                                1285.1909006892133                                1283.1334453043173                                1280.9082654282875
155                                               1237.2715706947724                                1269.6456649493775                                1304.878281077958                                 1300.2406383003272                                1295.274789190149                                 1293.1725054192807                                1290.9058363724293
160                                               1251.539012640441                                 1282.4882426359895                                1315.1732250633381                                1310.2852031806488                                1305.1800359123781                                1303.0337689073717                                1300.7260356276088
165                                               1265.613966412891                                 1295.0019983193788                                1325.0144188151303                                1319.8800046549823                                1314.6391826738623                                1312.4502975320938                                1310.1028634598183
170                                               1278.8638380890293                                1306.9720895200358                                1334.5799787564329                                1329.2107807130674                                1323.8387850014947                                1321.6082841516286                                1319.2218581096645
175                                               1291.288627668855                                 1318.39851623796                                  1343.8699048872468                                1338.277531354904                                 1332.7788428952758                                1330.5077287659756                                1328.0830195771482
180                                               1302.888335152369                                 1329.2812784731518                                1352.884197207571                                 1347.0802565804934                                1341.4593563552066                                1339.1486313751352                                1336.6863478622686
185                                               1314.1139099202724                                1339.3758829410867                                1360.937100606136                                 1354.946672065471                                 1349.2179974049782                                1346.8721159394086                                1344.376329055347
190                                               1324.6974364136763                                1348.8275866434842                                1368.4360321274244                                1362.2761916647005                                1356.4482646888596                                1354.0696302575248                                1351.5424134649693
195                                               1334.632812848657                                 1357.6396978123926                                1375.3902707053767                                1369.0779120392663                                1363.15912014886                                  1360.750089563432                                 1358.193470832192
200                                               1343.9200392252137                                1365.81221644781                                  1381.7998163399925                                1375.3518331891692                                1369.350563784979                                 1366.9134938571292                                1364.3295011570144
205                                               1352.5591155433467                                1373.3451425497378                                1387.6646690312718                                1381.0979551144096                                1375.0225955972164                                1372.5598431386175                                1369.9505044394373
205.08244675888332                                1352.6961364090366                                1373.463995432805                                 1387.7568117829828                                1381.1882816526777                                1375.1117707292105                                1372.6486145338831                                1370.0388748912633
