% Model:              batchmodel_BILLETTA_r_0.0335556_COIL_kr_1.6756_COIL_kw_3.2356_FUNZ_freq_7167.5_FUNZ_I_eff_85.0125.mph
% Version:            COMSOL 5.6.0.280
% Date:               Jan 27 2022, 17:15
% Table:              Tabella delle sonde 1 - 
% Tempo (s)                                       Temperatura (degC), Punto: (0, 0.5)               Temperatura (degC), Punto: (0.5*BILLETTA_r, 0.5)  Temperatura (degC), Punto: (BILLETTA_r-10*FUNZ_depth_billetta, 0.5)Temperatura (degC), Punto: (BILLETTA_r-5*FUNZ_depth_billetta, 0.5)Temperatura (degC), Punto: (BILLETTA_r-2*FUNZ_depth_billetta, 0.5)Temperatura (degC), Punto: (BILLETTA_r-FUNZ_depth_billetta, 0.5)Temperatura (degC), Punto: (BILLETTA_r-0.01[mm], 0.5)
0                                                 20                                                19.999999999999943                                20.000000000263583                                20.001403403000893                                20.308775914349496                                20.611489731532913                                20.89265439281496
5                                                 27.719234341593562                                88.73462068512168                                 680.1502803512722                                 835.6805814243543                                 919.6385338475385                                 934.575234172741                                  939.4697401448776
10                                                101.49749506540434                                256.4794659887407                                 1046.97771794983                                  1121.468888997439                                 1139.5223758775637                                1141.2482322683645                                1140.8846572679136
15                                                225.1166384995422                                 406.0137084710667                                 1110.9572063390146                                1146.3292962846308                                1153.8985827606612                                1154.1220635742206                                1153.235791927556
20                                                343.59384687125964                                521.2105836760801                                 1140.0591927874011                                1161.50037319201                                  1165.3066754934498                                1164.9836707001923                                1163.8947704384977
25                                                443.44837887675646                                611.3819155691406                                 1161.823762172878                                 1176.1824150449274                                1178.0301180779975                                1177.4089659095835                                1176.1956309795892
30                                                526.4418770347505                                 683.5100508454568                                 1181.0649391672305                                1191.6136208413855                                1192.3783755491017                                1191.578482633673                                 1190.2760056423858
35                                                595.4114478702251                                 743.3626676854415                                 1200.9136460816835                                1209.2325224768288                                1209.3201775196212                                1208.3942301190887                                1207.015434325766
40                                                651.7590376226661                                 802.8214820881675                                 1222.8374146436781                                1229.7731838373543                                1229.4042585278935                                1228.3793580276251                                1226.9292012040064
45                                                696.5173649182399                                 866.5897278133453                                 1247.7893947439188                                1253.8460904450685                                1253.1332068107167                                1252.0175476429158                                1250.4905963372457
50                                                728.9623862177798                                 930.3009158209981                                 1276.3278234408112                                1281.7218985941386                                1280.6906699753004                                1279.4784357809212                                1277.8629907992054
55                                                756.707330617147                                  990.7361802681852                                 1308.0936930800717                                1312.835403661391                                 1311.455028330764                                 1310.132993527332                                 1308.4158524269633
60                                                796.3492589941242                                 1048.6495887221827                                1341.8380569652254                                1345.834432095036                                 1344.0553273885826                                1342.6102326115215                                1340.7805996219604
65                                                863.5542866074755                                 1104.354029908513                                 1373.749236160757                                 1376.7017415359578                                1374.46116497814                                  1372.8885125759675                                1370.9476651013683
69.45287096345055                                 939.1913815780287                                 1152.0335478045668                                1395.4127789241666                                1397.2425950829834                                1394.591922680841                                 1392.9204794328903                                1390.9002390996548
