% Model:              batchmodel_BILLETTA_r_0.0335556_COIL_kr_1.9397_COIL_kw_4.5299_FUNZ_freq_2540.9_FUNZ_I_eff_85.0125.mph
% Version:            COMSOL 5.6.0.280
% Date:               Jan 27 2022, 18:34
% Table:              Tabella delle sonde 1 - 
% Tempo (s)                                       Temperatura (degC), Punto: (0, 0.5)               Temperatura (degC), Punto: (0.5*BILLETTA_r, 0.5)  Temperatura (degC), Punto: (BILLETTA_r-10*FUNZ_depth_billetta, 0.5)Temperatura (degC), Punto: (BILLETTA_r-5*FUNZ_depth_billetta, 0.5)Temperatura (degC), Punto: (BILLETTA_r-2*FUNZ_depth_billetta, 0.5)Temperatura (degC), Punto: (BILLETTA_r-FUNZ_depth_billetta, 0.5)Temperatura (degC), Punto: (BILLETTA_r-0.01[mm], 0.5)
0                                                 20                                                20                                                20.00000000003564                                 20.000157572675334                                20.10673427607651                                 20.215180146621947                                20.333855635396503
5                                                 25.873012494923444                                60.47884911374672                                 284.83057868319486                                361.98714073210465                                407.36446641129396                                416.9925149221432                                 420.6719138716861
10                                                73.84285092963705                                 172.19676902284857                                545.6422747987791                                 659.9070580795421                                 721.4462516045388                                 733.6994054267411                                 737.9430725629597
15                                                161.4673354229871                                 297.660157274845                                  763.5302211794852                                 928.759028658635                                  1004.0513464007694                                1015.9452950652873                                1019.0271121611307
20                                                263.4387129099481                                 416.51698800642566                                960.6277258844042                                 1085.993403262887                                 1118.1750913484348                                1121.2617833842446                                1120.7204448030684
25                                                361.8993268202254                                 519.657096883994                                  1048.9219373333226                                1117.14736144768                                  1131.6753743388758                                1132.3105144608162                                1130.9326076286502
30                                                449.70904324487117                                604.4393425682377                                 1088.4024699585298                                1129.8483511472277                                1137.247577610297                                 1136.8825489958276                                1135.1604369393704
35                                                525.4635457992509                                 673.4202613007416                                 1111.143324241411                                 1138.347956942494                                 1141.9806320837706                                1141.0811988851983                                1139.1691073577485
40                                                590.5115333832105                                 730.613301222118                                  1125.7921196706075                                1144.7068111718354                                1146.184458073823                                 1144.976907265776                                 1142.95031779583
45                                                644.8539490505291                                 782.3960344546734                                 1137.4099658057658                                1150.8248049014078                                1150.8350900648193                                1149.411015406145                                 1147.2978392383002
50                                                688.6839560746829                                 836.4747835932945                                 1147.518467792553                                 1157.1304997382645                                1156.0986201739834                                1154.513657004794                                 1152.3295728293115
55                                                721.8885306731779                                 889.5691615860466                                 1156.8753880703712                                1163.7595555371363                                1161.956915849742                                 1160.2460873408845                                1158.000164278607
60                                                746.9074511900363                                 938.5489596906319                                 1166.022685201588                                 1170.893387968491                                 1168.5011247809402                                1166.6870905273518                                1164.3840652460217
65                                                773.4235422790067                                 982.6811944413608                                 1175.5706115600115                                1178.9068276841713                                1176.0419152932704                                1174.1374704670052                                1171.777686253035
70                                                815.105526140345                                  1023.4305570856903                                1186.0381506498647                                1188.166824210099                                 1184.9005327540513                                1182.9108275108974                                1180.4908265048293
75                                                875.3230277860088                                 1060.8615703016135                                1197.7541597482273                                1198.920645320034                                 1195.3006981379217                                1193.2268248604405                                1190.7408734589208
80                                                935.0457120633108                                 1094.9043155356244                                1211.120349783017                                 1211.4484917795312                                1207.495110095445                                 1205.3358370063852                                1202.7788817714727
85                                                995.0467867943802                                 1125.561185308004                                 1226.1190963846448                                1225.7380226307391                                1221.4726403078726                                1219.2268447633637                                1216.5938113904567
90                                                1041.5120136509872                                1152.7932897962319                                1243.237113977701                                 1242.18698531551                                  1237.59252434256                                  1235.2504221036716                                1232.5306922673453
95                                                1086.578800511461                                 1179.864493374591                                 1260.4805224603183                                1258.7582342902947                                1253.8317534819103                                1251.392407597803                                 1248.585179706126
100                                               1123.1476339562673                                1205.1790827667337                                1278.0039282196153                                1275.600406502057                                 1270.3318256048888                                1267.7914277678938                                1264.8927258146527
105                                               1157.4203569159567                                1230.0190425564301                                1295.602988039524                                 1292.5157810079077                                1286.90237638083                                  1284.2598976025852                                1281.2686472879923
110                                               1187.7991332824722                                1253.4005741801443                                1312.8344363450378                                1309.1001244206477                                1303.151885353409                                 1300.4084911344717                                1297.3247189618132
115                                               1216.2360952606487                                1276.0548239243312                                1329.8825659247054                                1325.5193908544898                                1319.2412987576204                                1316.397570304151                                 1313.221289489958
120                                               1240.5745527689128                                1295.577705717349                                 1343.9440840301327                                1339.0829691848744                                1332.5453489765337                                1329.6202733779933                                1326.3670430351603
125                                               1261.5219924954736                                1312.5097584698192                                1355.5345416083514                                1350.283810275636                                 1343.5448473377655                                1340.554134119047                                 1337.2368275355939
130                                               1282.4694322220348                                1329.4418112222893                                1367.1249991865707                                1361.4846513663974                                1354.5443456989983                                1351.4879948601006                                1348.106612036027
135                                               1303.416871948596                                 1346.3738639747594                                1378.7154567647895                                1372.6854924571594                                1365.5438440602306                                1362.4218556011538                                1358.976396536461
138.4640836558659                                 1317.929608666399                                 1358.1046734147776                                1386.7455196969327                                1380.4456225680506                                1373.1644805594046                                1369.9970172588737                                1366.5071651026078
