% Model:              batchmodel_BILLETTA_r_0.0335556_COIL_kr_2.7711_COIL_kw_5.3284_FUNZ_freq_4639.7_FUNZ_I_eff_61.5962.mph
% Version:            COMSOL 5.6.0.280
% Date:               Jan 27 2022, 20:46
% Table:              Tabella delle sonde 1 - 
% Tempo (s)                                       Temperatura (degC), Punto: (0, 0.5)               Temperatura (degC), Punto: (0.5*BILLETTA_r, 0.5)  Temperatura (degC), Punto: (BILLETTA_r-10*FUNZ_depth_billetta, 0.5)Temperatura (degC), Punto: (BILLETTA_r-5*FUNZ_depth_billetta, 0.5)Temperatura (degC), Punto: (BILLETTA_r-2*FUNZ_depth_billetta, 0.5)Temperatura (degC), Punto: (BILLETTA_r-FUNZ_depth_billetta, 0.5)Temperatura (degC), Punto: (BILLETTA_r-0.01[mm], 0.5)
0                                                 20                                                19.999999999999943                                20.00000000001296                                 20.000053176744586                                20.106825456270883                                20.254010639051614                                20.41418530282317
5                                                 25.410704238781136                                54.71751303561672                                 278.11771936693685                                330.63308821931173                                363.22426922795216                                370.48564098681106                                373.34215507629176
10                                                68.24238600828534                                 152.68569070304972                                509.01967466104895                                584.8055416468655                                 627.1301008608335                                 635.7583296050155                                 638.8944358768008
15                                                145.98043481526435                                265.45447949599793                                710.2538881807051                                 812.9090222408253                                 869.1627331327992                                 879.7737684391694                                 883.1715662907062
20                                                239.03266213054496                                375.4111558045281                                 896.8947071421845                                 1013.4283067434741                                1058.463244315984                                 1065.140394049215                                 1066.534378577759
25                                                331.04558627445124                                473.78699353928516                                998.1639946010604                                 1068.2730717261088                                1087.0769410495345                                1088.909621447207                                 1088.48426755551
30                                                415.4350952493188                                 556.2503725326159                                 1036.6319145605657                                1081.6694021287972                                1092.7817783950313                                1093.5192191333108                                1092.718537206365
35                                                489.2063258662072                                 623.4381010968051                                 1059.478667696851                                 1091.52641192717                                  1098.86209042477                                  1099.0358049139822                                1098.0312563141192
40                                                552.6210630925368                                 678.056862354516                                  1078.0740245384031                                1100.5051848988505                                1104.8164565999032                                1104.5267334591776                                1103.3517809782943
45                                                606.7144833953307                                 722.6943319999626                                 1090.3980097245853                                1107.4430653163977                                1110.1315879508716                                1109.5900624040796                                1108.3176501644193
50                                                651.7986958840673                                 760.9939407130743                                 1099.6059199901742                                1113.2481361139098                                1114.915018305533                                 1114.2116982963303                                1112.8732661660556
55                                                688.8984317632478                                 801.2911713759132                                 1109.308302581138                                 1119.70176178768                                  1120.367925178804                                 1119.5034638371585                                1118.0973830592397
60                                                717.8292965350284                                 842.0938255816546                                 1118.826647020801                                 1126.4920672764165                                1126.2950071213322                                1125.2878615985792                                1123.8189857386337
65                                                744.0903810787745                                 880.1367497359844                                 1127.3520087392235                                1132.9449055967552                                1132.0881093153043                                1130.9692027191668                                1129.4482739098676
70                                                765.869633042898                                  916.4958724566812                                 1135.150949963222                                 1139.2824206727241                                1137.9476300432589                                1136.743777717817                                 1135.1795976998665
75                                                794.8297350922902                                 950.1080178334972                                 1142.9673226230175                                1145.8728560998206                                1144.1293054672606                                1142.8501181713377                                1141.2450127037623
80                                                829.8380236940196                                 981.0852017273481                                 1150.7325611531355                                1152.6831361136237                                1150.6106090173944                                1149.2673031605223                                1147.6241985934348
85                                                869.185103041982                                  1010.0507518489372                                1158.8953760756249                                1160.0201740789817                                1157.6532507463066                                1156.249622495071                                 1154.5682143142003
90                                                912.8185255596253                                 1037.0729145112932                                1167.5292435874794                                1167.9319712836868                                1165.2972355986303                                1163.8357890651973                                1162.115226258913
95                                                955.5421099811982                                 1062.4045511506392                                1176.7582157132006                                1176.5295237494197                                1173.6490498301432                                1172.131311447708                                 1170.3700551940078
100                                               995.0175424536436                                 1086.2036785996634                                1186.6867404952445                                1185.8943423261449                                1182.782822086136                                 1181.2090151121724                                1179.4048538222178
105                                               1031.2065609447081                                1108.5202151104595                                1197.2002359245575                                1195.90459457703                                  1192.576827810789                                 1190.9477582501154                                1189.0992310093334
110                                               1062.564159699234                                 1129.4990410394926                                1208.26827642742                                  1206.5088207672252                                1202.9749251249568                                1201.291054457156                                 1199.396907129168
115                                               1090.7319152396353                                1149.2712737498446                                1219.6444670821752                                1217.4603977339812                                1213.7312699163763                                1211.993781670738                                 1210.053835329959
120                                               1116.7789955646244                                1168.1484828164516                                1230.9471808311423                                1228.3596362132375                                1224.4433512544633                                1222.6541816909912                                1220.6699851356293
125                                               1140.1672913931184                                1185.9738561385234                                1242.368489511392                                 1239.4076987003177                                1235.3137517714563                                1233.4744583028782                                1231.4466907725605
130                                               1160.8968027251185                                1202.7473937160598                                1253.9083931229247                                1250.60458519522                                  1246.3424714673556                                1244.4546115063995                                1242.3839522407525
135                                               1179.58842081158                                  1218.6121058205904                                1265.4275498719044                                1261.8051534941642                                1257.3823654480116                                1255.447097968578                                 1253.3339756552418
140                                               1198.1080594076293                                1233.9977695384596                                1276.50720724832                                  1272.5732195889723                                1267.991231183485                                 1266.0085177638134                                1263.8526081270124
145                                               1215.0570850844288                                1248.5822367541623                                1287.4612496733034                                1283.235734033111                                 1278.5005305320697                                1276.471230282557                                 1274.2727734454866
150                                               1230.435497841977                                 1262.365507467698                                 1298.2896771468568                                1293.792696826582                                 1288.9102634937658                                1286.8352355248098                                1284.5944716106656
155                                               1244.3300113521232                                1275.3750061735395                                1308.973937508721                                 1304.2246137313828                                1299.2007655646585                                1297.0808839144538                                1294.7981046342256
160                                               1258.480560446113                                 1288.1610132616643                                1319.1417763134523                                1314.1403272404718                                1308.9774628030318                                1306.8139010403543                                1304.490433228998
165                                               1271.7807959499064                                1300.3736292737653                                1329.029894034456                                 1323.7885574651218                                1318.4912476829463                                1316.2849889180525                                1313.9215012200434
170                                               1284.2307178635033                                1312.0128542098428                                1338.6382906717317                                1333.1693044053336                                1327.742120204401                                 1325.4941475475493                                1323.0913086073601
175                                               1295.8303261869037                                1323.078688069896                                 1347.96696622528                                  1342.2825680611063                                1336.7300803673966                                1334.441376928844                                 1331.99985539095
180                                               1307.219117600575                                 1333.5408631396335                                1356.4649277822905                                1350.5851213958595                                1344.9191350880596                                1342.5933737999949                                1340.116540087583
185                                               1318.138315373768                                 1343.4116274578496                                1364.355138415125                                 1358.296784966718                                 1352.52617765479                                  1350.1659429944566                                1347.6560742373717
190                                               1328.5023329669611                                1352.6950318804825                                1371.7113398305814                                1365.490261140491                                 1359.6229422839783                                1357.230458738396                                 1354.689470476038
195                                               1338.3111703801546                                1361.391076407533                                 1378.533532028659                                 1372.165549917178                                 1366.2094289756237                                1363.7869210318145                                1361.2167288035816
196.71259644538748                                1341.5432397169157                                1364.2345939759075                                1380.7474853841322                                1374.3328237602454                                1368.3481049296588                                1365.915824502982                                 1363.336069772743
