% Model:              batchmodel_BILLETTA_r_0.0335556_COIL_kr_1.4848_COIL_kw_4.5299_FUNZ_freq_7167.5_FUNZ_I_eff_85.0125.mph
% Version:            COMSOL 5.6.0.280
% Date:               Jan 27 2022, 16:39
% Table:              Tabella delle sonde 1 - 
% Tempo (s)                                       Temperatura (degC), Punto: (0, 0.5)               Temperatura (degC), Punto: (0.5*BILLETTA_r, 0.5)  Temperatura (degC), Punto: (BILLETTA_r-10*FUNZ_depth_billetta, 0.5)Temperatura (degC), Punto: (BILLETTA_r-5*FUNZ_depth_billetta, 0.5)Temperatura (degC), Punto: (BILLETTA_r-2*FUNZ_depth_billetta, 0.5)Temperatura (degC), Punto: (BILLETTA_r-FUNZ_depth_billetta, 0.5)Temperatura (degC), Punto: (BILLETTA_r-0.01[mm], 0.5)
0                                                 20                                                20                                                20.00000000009635                                 20.000511750508224                                20.151272402674465                                20.416957690550646                                20.627558298322526
5                                                 26.225373300752153                                87.05987006659211                                 677.7505422964784                                 825.180539898969                                  900.5360666956173                                 914.5838466073893                                 919.2460494642513
10                                                100.27055068579358                                256.4311497083979                                 1046.426701298999                                 1121.2824097044545                                1139.373213087354                                 1141.078493201925                                 1140.7063588633896
15                                                224.53060623635304                                405.8263591944524                                 1112.1093643728072                                1146.985116938502                                 1154.3954126088342                                1154.5955687906771                                1153.7006114222372
20                                                343.2922062390742                                 521.4753753103562                                 1140.1869611577185                                1161.3735253810855                                1165.1178119988936                                1164.786847114864                                 1163.6957763953428
25                                                443.4106234751591                                 611.9890023055184                                 1162.0796449384943                                1176.2555031340762                                1178.053792336665                                 1177.4257152164828                                1176.2100584087193
30                                                526.4366255301037                                 683.8471151900807                                 1181.2877027629852                                1191.7599499452363                                1192.5031118555994                                1191.6999573897565                                1190.3960985784097
35                                                595.4047646961468                                 744.0937220793243                                 1201.0250944024074                                1209.3269093413855                                1209.4090839363685                                1208.4818036020606                                1207.1019114299056
40                                                651.7252340909695                                 802.5457141033247                                 1222.777705864828                                 1229.7113260027477                                1229.3418680482787                                1228.3169807268669                                1226.8669519329992
45                                                696.9900283016224                                 865.8398958615365                                 1247.7481347941311                                1253.764213824048                                 1253.0398411708766                                1251.922670850504                                 1250.3954052301428
50                                                732.7038484505825                                 930.7828332637945                                 1276.7905258502565                                1282.0802569838197                                1281.0170605569065                                1279.7995065703722                                1278.181541453595
55                                                770.1046912367527                                 994.3444614647909                                 1308.7197865813937                                1313.35772198707                                  1311.9459986856177                                1310.6185411572214                                1308.8984354562704
60                                                818.9236734909817                                 1053.7017349735152                                1342.6544725302792                                1346.5784029664992                                1344.7748527183094                                1343.324792133642                                 1341.491847985892
65                                                883.3265911171328                                 1109.5262532382835                                1371.9835302253182                                1374.902399300634                                 1372.6668216843832                                1371.0988590404081                                1369.1638096299062
69.31442778056301                                 951.5681676421517                                 1154.844511856984                                 1393.4795115370507                                1395.2925260508496                                1392.6516227687966                                1390.9859471318446                                1388.9717583938832
