% Model:              batchmodel_BILLETTA_r_0.0335556_COIL_kr_1.6756_COIL_kw_3.2356_FUNZ_freq_4639.7_FUNZ_I_eff_61.5962.mph
% Version:            COMSOL 5.6.0.280
% Date:               Jan 27 2022, 17:09
% Table:              Tabella delle sonde 1 - 
% Tempo (s)                                       Temperatura (degC), Punto: (0, 0.5)               Temperatura (degC), Punto: (0.5*BILLETTA_r, 0.5)  Temperatura (degC), Punto: (BILLETTA_r-10*FUNZ_depth_billetta, 0.5)Temperatura (degC), Punto: (BILLETTA_r-5*FUNZ_depth_billetta, 0.5)Temperatura (degC), Punto: (BILLETTA_r-2*FUNZ_depth_billetta, 0.5)Temperatura (degC), Punto: (BILLETTA_r-FUNZ_depth_billetta, 0.5)Temperatura (degC), Punto: (BILLETTA_r-0.01[mm], 0.5)
0                                                 20                                                19.999999999999886                                20.000000000012562                                20.000051603819315                                20.10664671819137                                 20.25339176106121                                 20.412421422094667
5                                                 24.65125949336226                                 52.72929104542976                                 272.8458431650372                                 325.0458263246793                                 357.3530885504633                                 364.529952868033                                  367.3325674912213
10                                                63.19149374144075                                 147.6183910495821                                 508.22265631200867                                586.2525885562801                                 628.83979055003                                   637.3747107579006                                 640.4584533889944
15                                                138.25474711945134                                259.0292512818304                                 711.5291333877617                                 817.3063039901175                                 874.6343950334011                                 885.0867001076014                                 888.3922882833873
20                                                231.1799904115756                                 370.04783516951363                                896.9753030700771                                 1014.0855728965206                                1059.3602540117167                                1066.0595652538336                                1067.4589479378706
25                                                324.8434457014905                                 469.93201834799584                                998.5485197991248                                 1069.3034722196053                                1088.3345412230328                                1090.1713034941363                                1089.739032333529
30                                                410.74203210897906                                553.5124957961408                                 1038.4224999974563                                1082.5517311599865                                1093.2899008873596                                1093.9653905464143                                1093.1425426534593
35                                                485.49202591047083                                620.9707744105024                                 1059.8736168231003                                1091.3694167124063                                1098.508233402718                                 1098.6540826752525                                1097.6415835068065
40                                                549.8596255052711                                 676.0193163410048                                 1076.5148046246572                                1099.681456960051                                 1104.2571595503505                                1104.0092335842364                                1102.8496514420935
45                                                604.8381762610791                                 721.7451682684523                                 1089.7672136393248                                1106.8973688591846                                1109.6386398829122                                1109.1080262780506                                1107.8407305930505
50                                                650.6211522559386                                 761.2251655939991                                 1100.7738625992365                                1113.8405753372354                                1115.3221397160355                                1114.5904306040397                                1113.2414479944568
55                                                687.6952715932931                                 799.3006057189369                                 1110.0725473722478                                1120.2073528579836                                1120.77474441702                                  1119.893744827244                                 1118.4809810997886
60                                                716.565310001947                                  837.5472301269073                                 1118.2070119231157                                1126.1116949711804                                1125.9834248948673                                1124.9867517749663                                1123.5221087047858
65                                                738.3102166973919                                 875.2007502232392                                 1126.048625104083                                 1132.0421808654187                                1131.3120202335376                                1130.213697800481                                 1128.7016226732003
70                                                758.6992897076974                                 910.5485385605326                                 1133.7126401993537                                1138.1417240217038                                1136.9077987439923                                1135.7216090422971                                1134.1659968277518
75                                                781.3305162527398                                 943.4004007858395                                 1141.3155120900965                                1144.485234961916                                 1142.8333720696346                                1141.5711023740027                                1139.9749966657123
80                                                812.9254389742404                                 973.7739695292881                                 1149.0225458353748                                1151.17308758003                                  1149.1716580901298                                1147.8423982462123                                1146.2076946640454
85                                                853.780091518994                                  1002.6000709947372                                1157.0362538015802                                1158.3227848512824                                1156.0155906512118                                1154.624711993366                                 1152.9518037974212
90                                                898.9495751672465                                 1029.826855205412                                 1165.4893649261548                                1166.0412570146937                                1163.463312148856                                 1162.0145986067491                                1160.303051014213
95                                                940.4759532571017                                 1055.460049761578                                 1174.6290076534979                                1174.5218056704516                                1171.6903774230354                                1170.1844956575596                                1168.4323023642974
100                                               980.8378429818946                                 1079.4879727582256                                1184.374488925443                                 1183.701869160444                                 1180.6401523821091                                1179.0788024247004                                1177.2844731217128
105                                               1014.3980814001301                                1100.5439629518114                                1194.949490909129                                 1193.8188702521911                                1190.5545335562583                                1188.939971463241                                 1187.1019688713532
110                                               1043.240714403441                                 1120.1640321941236                                1205.8352904113444                                1204.27823098103                                  1200.8199371774122                                1199.1529783821884                                1197.2709361784314
115                                               1072.0833474067513                                1139.7841014364367                                1216.7210899135594                                1214.7375917098689                                1211.085340798566                                 1209.3659853011359                                1207.4399034855096
120                                               1096.7343775132117                                1157.7256287933242                                1227.6916122642624                                1225.3290438030053                                1221.4987556995275                                1219.729839310307                                 1217.7611278699642
125                                               1118.9756510697312                                1174.7021608006303                                1238.710841862312                                 1235.9964353489336                                1231.9972624280695                                1230.1804154572023                                1228.1698849951185
130                                               1141.216924626251                                 1191.6786928079368                                1249.7300714603616                                1246.663826894861                                 1242.4957691566105                                1240.6309916040977                                1238.5786421202724
135                                               1160.7707800749222                                1207.2543536073345                                1260.473574513941                                 1257.0908216543567                                1252.7650848307471                                1250.8541395362945                                1248.7606178940423
140                                               1179.2357444442819                                1222.2624078414933                                1271.105358377371                                 1267.4204121746384                                1262.9415366167254                                1260.9851378497005                                1258.850706145824
145                                               1197.700708813641                                 1237.2704620756526                                1281.7371422408005                                1277.7500026949206                                1273.1179884027042                                1271.1161361631066                                1268.9407943976062
150                                               1212.9181891657972                                1250.2385370995912                                1291.4886377477787                                1287.242685075592                                 1282.4736426628187                                1280.4298352108863                                1278.2159910479545
155                                               1227.26377663742                                  1262.6589132463673                                1301.0037911675472                                1296.5106722014998                                1291.6089270872785                                1289.524103644938                                 1287.2724035004653
160                                               1241.6093641090424                                1275.079289393143                                 1310.5189445873152                                1305.7786593274077                                1300.7442115117387                                1298.6183720789895                                1296.3288159529757
165                                               1255.9549515806652                                1287.4996655399186                                1320.0340980070837                                1315.0466464533151                                1309.879495936199                                 1307.7126405130416                                1305.3852284054865
170                                               1270.3005390522876                                1299.9200416866947                                1329.5492514268517                                1324.314633579223                                 1319.0147803606592                                1316.8069089470932                                1314.4416408579968
175                                               1282.2989948802751                                1310.4848960223035                                1337.6895692164094                                1332.2516514149702                                1326.8393820814645                                1324.5958783068631                                1322.197198437097
180                                               1293.6672867539764                                1320.551575078755                                 1345.46076759182                                  1339.8313271846287                                1334.3120883312213                                1332.0343976062773                                1329.603499146347
185                                               1305.0355786276787                                1330.618254135206                                 1353.2319659672303                                1347.4110029542862                                1341.7847945809785                                1339.4729169056914                                1337.0097998555975
190                                               1316.40387050138                                  1340.6849331916574                                1361.0031643426405                                1354.9906787239443                                1349.2575008307354                                1346.9114362051055                                1344.4161005648484
195                                               1327.7721623750817                                1350.7516122481084                                1368.7743627180512                                1362.5703544936023                                1356.7302070804922                                1354.3499555045191                                1351.8224012740989
200                                               1335.8728510799583                                1357.4615605039467                                1373.7316486035807                                1367.4184865725601                                1361.5142284322696                                1359.1124649490744                                1356.56398626292
205                                               1343.0962452626095                                1363.2702850212172                                1377.933448009925                                 1371.533246759871                                 1365.5763847315552                                1363.156512369389                                 1360.590141505827
210                                               1350.3196394452607                                1369.0790095384882                                1382.135247416269                                 1375.6480069471818                                1369.6385410308403                                1367.2005597897037                                1364.616296748734
215                                               1357.5430336279119                                1374.8877340557592                                1386.337046822613                                 1379.762767134493                                 1373.7006973301259                                1371.2446072100183                                1368.6424519916409
220                                               1364.766427810563                                 1380.6964585730298                                1390.538846228957                                 1383.8775273218039                                1377.762853629411                                 1375.2886546303334                                1372.6686072345478
221.0582824807951                                 1366.2953061136386                                1381.9259128515087                                1391.4281843688664                                1384.7484430455852                                1378.622635398568                                 1376.144603537618                                 1373.5207691462538
