% Model:              batchmodel_BILLETTA_r_0.0335556_COIL_kr_2.7711_COIL_kw_3.7744_FUNZ_freq_7167.5_FUNZ_I_eff_61.5962.mph
% Version:            COMSOL 5.6.0.280
% Date:               Jan 27 2022, 20:28
% Table:              Tabella delle sonde 1 - 
% Tempo (s)                                       Temperatura (degC), Punto: (0, 0.5)               Temperatura (degC), Punto: (0.5*BILLETTA_r, 0.5)  Temperatura (degC), Punto: (BILLETTA_r-10*FUNZ_depth_billetta, 0.5)Temperatura (degC), Punto: (BILLETTA_r-5*FUNZ_depth_billetta, 0.5)Temperatura (degC), Punto: (BILLETTA_r-2*FUNZ_depth_billetta, 0.5)Temperatura (degC), Punto: (BILLETTA_r-FUNZ_depth_billetta, 0.5)Temperatura (degC), Punto: (BILLETTA_r-0.01[mm], 0.5)
0                                                 20                                                19.999999999999943                                20.000000000035243                                20.00016607269947                                 20.168280564543238                                20.39395350473211                                 20.620167542982358
5                                                 26.09567266465291                                 66.2073403698318                                  404.85303568404686                                472.1183800802696                                 510.7803678590634                                 518.7906283023977                                 521.8047485049107
10                                                76.96848125921122                                 187.71210069227334                                717.7645664689194                                 825.7426267980626                                 882.6191196930494                                 893.2781860036156                                 896.7647435866921
15                                                174.31744937460917                                320.420528090454                                  945.707578430916                                  1044.546665134626                                 1077.4421696215227                                1081.669922860145                                 1082.2919574151388
20                                                281.3859989925137                                 436.18673662519996                                1027.8200894910437                                1075.727951182761                                 1088.1110996525372                                1089.2912076067737                                1088.8768489760573
25                                                378.32666122697594                                529.4334212517317                                 1060.526618149922                                 1093.1013354525512                                1100.9567757567397                                1101.384638179884                                 1100.680645409459
30                                                461.02100967821366                                603.0767755708752                                 1077.1810862003472                                1099.8255481871747                                1104.7999461358254                                1104.8041511282372                                1103.9520392604572
35                                                531.0422902158938                                 662.4901640533353                                 1091.0826990275073                                1108.2736208122674                                1111.545448330744                                 1111.2772861546446                                1110.319287330322
40                                                590.3577663314863                                 711.700148823381                                  1107.9194758312879                                1120.5742851818923                                1122.3881972366462                                1121.8789317277824                                1120.8175862738626
45                                                639.7323429978035                                 753.9158093985044                                 1120.3242283966306                                1129.7723812215713                                1130.5792745749313                                1129.9042429293609                                1128.7707783323049
50                                                679.7332616533254                                 793.6195106619001                                 1130.7020264383755                                1137.9004202997548                                1138.0003978383643                                1137.2067337741996                                1136.0186539368924
55                                                711.0412085872052                                 833.9891972776178                                 1139.7568572188898                                1145.3787433507164                                1144.9759995565723                                1144.0949906953547                                1142.8636190568418
60                                                735.0397284351178                                 874.1745039429615                                 1149.3272651751672                                1153.6434816689302                                1152.8101104793182                                1151.8503802122223                                1150.5766691021167
65                                                756.2606404035702                                 912.6660482837352                                 1159.262159321166                                 1162.5476952592285                                1161.3608038131497                                1160.3323286367445                                1159.0180092050587
70                                                781.6669838995364                                 948.1459873340219                                 1170.066509891045                                 1172.5432597058157                                1171.0624847822173                                1169.9718771697794                                1168.6165817565688
75                                                826.7034133216999                                 980.4416532553633                                 1182.5425580133574                                1184.4323296748357                                1182.7138749057808                                1181.5656870697112                                1180.1664920271464
80                                                871.7398427438633                                 1012.7373191767043                                1195.0186061356694                                1196.3213996438553                                1194.3652650293443                                1193.1594969696434                                1191.716402297724
85                                                916.3829548142954                                 1044.5566881176192                                1207.7912663507736                                1208.5256199478736                                1206.3366206556698                                1205.0737115734341                                1203.5865374631971
90                                                958.6386171605983                                 1073.4849181613636                                1222.3643720737937                                1222.6428135215356                                1220.2501777840062                                1218.9327936448572                                1217.4004486497693
95                                                1000.8609661364188                                1102.3972523120074                                1236.9385787458236                                1236.7613521437702                                1234.165138422652                                 1232.793282342357                                 1231.2157609819296
100                                               1032.2234496657961                                1126.1276652784345                                1251.871685100963                                 1251.3183647573096                                1248.5376310638244                                1247.1123187552184                                1245.4878344385488
105                                               1063.5859331951733                                1149.858078244862                                 1266.804791456103                                 1265.875377370849                                 1262.9101237049977                                1261.4313551680802                                1259.759907895168
110                                               1094.948416724551                                 1173.5884912112897                                1281.7378978112424                                1280.432389984389                                 1277.28261634617                                  1275.750391580942                                 1274.0319813517867
115                                               1126.3109002539281                                1197.3189041777173                                1296.6710041663814                                1294.9894025979288                                1291.6551089873428                                1290.0694279938039                                1288.304054808406
120                                               1153.006653174511                                 1218.595442030532                                 1311.1060497678204                                1309.081335408422                                 1305.5718757694876                                1303.9338260026302                                1302.1214730229167
125                                               1177.943704085887                                 1238.9472136059621                                1325.3533964164662                                1322.9979984524298                                1319.3168979083034                                1317.6268891859295                                1315.7675500663122
130                                               1202.880754997263                                 1259.2989851813923                                1339.6007430651116                                1336.9146614964375                                1333.0619200471187                                1331.3199523692283                                1329.4136271097072
135                                               1226.655151965524                                 1278.8063394510646                                1353.0902941063891                                1350.0889673541346                                1346.073538551841                                 1344.2821933485498                                1342.331063988333
140                                               1246.2747144325385                                1295.29610265145                                  1363.8718034702324                                1360.6104019355657                                1356.4642819971205                                1354.6327842101873                                1352.6446484364842
145                                               1265.8942768995526                                1311.7858658518353                                1374.6533128340757                                1371.131836516996                                 1366.8550254424003                                1364.9833750718249                                1362.9582328846354
150                                               1285.513839366567                                 1328.2756290522211                                1385.4348221979194                                1381.6532710984275                                1377.2457688876802                                1375.3339659334615                                1373.2718173327867
151.4449804838825                                 1291.183816339997                                 1333.0411062539015                                1388.550636321429                                 1384.69392462495                                  1380.2486531859718                                1378.3252462918058                                1376.252402982077
