% Model:              batchmodel_BILLETTA_r_0.0335556_COIL_kr_1.9397_COIL_kw_3.2356_FUNZ_freq_2540.9_FUNZ_I_eff_85.0125.mph
% Version:            COMSOL 5.6.0.280
% Date:               Jan 27 2022, 18:09
% Table:              Tabella delle sonde 1 - 
% Tempo (s)                                       Temperatura (degC), Punto: (0, 0.5)               Temperatura (degC), Punto: (0.5*BILLETTA_r, 0.5)  Temperatura (degC), Punto: (BILLETTA_r-10*FUNZ_depth_billetta, 0.5)Temperatura (degC), Punto: (BILLETTA_r-5*FUNZ_depth_billetta, 0.5)Temperatura (degC), Punto: (BILLETTA_r-2*FUNZ_depth_billetta, 0.5)Temperatura (degC), Punto: (BILLETTA_r-FUNZ_depth_billetta, 0.5)Temperatura (degC), Punto: (BILLETTA_r-0.01[mm], 0.5)
0                                                 20                                                20                                                20.00000000003564                                 20.000157572640205                                20.10673427147435                                 20.215180139293636                                20.333855625841693
5                                                 25.874313147047076                                60.490153676284876                                284.9765570714061                                 362.155278737465                                  407.4604079553088                                 417.06446846190613                                420.73423670784246
10                                                73.85766896773015                                 172.25422308073922                                546.7154831947898                                 662.255779765135                                  725.2786697456223                                 737.83822793276                                   742.1750288523823
15                                                161.5649556743437                                 298.0816809547214                                 767.4393965384098                                 934.2398750038839                                 1009.0375170305914                                1020.7521336847304                                1023.7483384536173
20                                                263.7460360180204                                 417.32545946618814                                962.8691904915737                                 1086.919170167329                                 1118.5963879005103                                1121.615520858858                                 1121.051831942787
25                                                362.4134613707805                                 520.5138706565656                                 1049.3887300792271                                1117.167720014564                                 1131.577483612361                                 1132.1964723377705                                1130.8136698558037
30                                                450.31612335072305                                605.1776487839174                                 1088.6061823525602                                1129.8825520668252                                1137.240932093348                                 1136.8704329754773                                1135.1465710222124
35                                                526.0770630796482                                 674.0244430881249                                 1111.2502620001437                                1138.3739167091207                                1141.9867033116598                                1141.0845565988948                                1139.171565970019
40                                                591.0723539602958                                 731.114727531545                                  1125.8955275495787                                1144.7564297592003                                1146.2199856802708                                1145.0103954581                                   1142.9830210841587
45                                                645.3281479591434                                 782.876487248522                                  1137.529631184695                                 1150.9059364015193                                1150.9048844577724                                1149.478964255602                                 1147.364934154832
50                                                689.0588569774563                                 836.9701903212748                                 1147.6169676343252                                1157.2012191892845                                1156.1614509236224                                1154.575188912675                                 1152.3904586372773
55                                                722.1597438270504                                 890.0384787009731                                 1156.9616460987272                                1163.82435847016                                  1162.0155486477415                                1160.3036733070257                                1158.0571995564965
60                                                747.1366208705756                                 938.97426521353                                   1166.1080410878349                                1170.9621599166799                                1168.564933787878                                 1166.7500001677                                   1164.446451688298
65                                                773.7183558721703                                 983.0691879640088                                 1175.6615740930793                                1178.9852495276405                                1176.1163255106212                                1174.2110762527855                                1171.850759038437
70                                                815.5745342691122                                 1023.7880878503205                                1186.1384762034777                                1188.2574940895083                                1184.9878245168616                                1182.9973573741513                                1180.5767866151473
75                                                875.931171452644                                  1061.187544070846                                 1197.8672589331318                                1199.0259566590594                                1195.402967943854                                 1193.3283255889392                                1190.8417420554329
80                                                935.6813652034756                                 1095.2034057378569                                1211.247219853365                                 1211.5687159018516                                1207.6124661040976                                1205.4524087775476                                1202.894773875002
85                                                995.6018703993335                                 1125.8378480743054                                1226.2608360376735                                1225.873519918288                                 1221.6052741555645                                1219.3586694985206                                1216.724922087728
90                                                1041.9856896033489                                1153.0583715496941                                1243.3879377281023                                1242.331163826897                                 1237.733610136636                                 1235.3906346137392                                1232.6701358056762
95                                                1086.97700673073                                  1180.1188525538441                                1260.639778680707                                 1258.9104011927752                                1253.980583886706                                 1251.5402970684522                                1248.7322424302474
100                                               1123.499786203694                                 1205.4216456887993                                1278.1651343596927                                1275.7546995898715                                1270.4827843114776                                1267.9414309672416                                1265.0418800571838
105                                               1157.7343946618103                                1230.249517343852                                 1295.7643928179527                                1292.6706166056188                                1287.0539461441217                                1284.4105116229425                                1281.4183997466434
110                                               1188.0843905483712                                1253.620449090684                                 1312.9939379741336                                1309.253390252079                                 1303.3019789667942                                1300.5576389970734                                1297.473003854289
115                                               1216.4972206345842                                1276.2648388435896                                1330.0391157187569                                1325.6700330605972                                1319.3888748792374                                1316.544215769342                                 1313.3670761600602
120                                               1240.8148746316942                                1295.7729001730504                                1344.0881445463606                                1339.2217822557332                                1332.681399753792                                 1329.7554770025258                                1326.501454104966
125                                               1261.7442542442564                                1312.68602027716                                  1355.6582141285144                                1350.4031704618728                                1343.6619127386025                                1340.6704925198928                                1337.3525110134487
130                                               1282.673633856819                                 1329.599140381269                                 1367.2282837106682                                1361.5845586680125                                1354.642425723414                                 1351.5855080372598                                1348.2035679219316
135                                               1303.603013469381                                 1346.5122604853786                                1378.7983532928215                                1372.7659468741522                                1365.6229387082249                                1362.5005235546273                                1359.054624830415
138.46408816150935                                1318.1032566981035                                1358.2299683107449                                1386.8143015062974                                1380.512609776978                                 1373.2304317158219                                1370.0626387619072                                1366.572428385723
