% Model:              batchmodel_BILLETTA_r_0.0335556_COIL_kr_1.9397_COIL_kw_5.3284_FUNZ_freq_8940.8_FUNZ_I_eff_61.5962.mph
% Version:            COMSOL 5.6.0.280
% Date:               Jan 27 2022, 18:55
% Table:              Tabella delle sonde 1 - 
% Tempo (s)                                       Temperatura (degC), Punto: (0, 0.5)               Temperatura (degC), Punto: (0.5*BILLETTA_r, 0.5)  Temperatura (degC), Punto: (BILLETTA_r-10*FUNZ_depth_billetta, 0.5)Temperatura (degC), Punto: (BILLETTA_r-5*FUNZ_depth_billetta, 0.5)Temperatura (degC), Punto: (BILLETTA_r-2*FUNZ_depth_billetta, 0.5)Temperatura (degC), Punto: (BILLETTA_r-FUNZ_depth_billetta, 0.5)Temperatura (degC), Punto: (BILLETTA_r-0.01[mm], 0.5)
0                                                 20                                                20                                                20.000000000086743                                20.000332677600454                                20.213799966760803                                20.491703404951807                                20.758145451870746
5                                                 27.182255061528224                                71.15037026609593                                 461.0277246069651                                 533.1749340829235                                 573.1990889331702                                 581.374110875418                                  584.4285781713871
10                                                86.73681477619925                                 200.48273694598402                                794.6403327752911                                 915.6944443722269                                 971.9722285731767                                 981.6836402495245                                 984.677464658988
15                                                187.45831616359953                                333.59201505490523                                992.9443642617144                                 1065.4155726759168                                1086.0916900400102                                1088.5010217403992                                1088.5824384452767
20                                                290.84199648435936                                445.2311665099312                                 1056.554504595374                                 1097.829887054399                                 1107.6078921064613                                1108.3326736290205                                1107.8040162404695
25                                                383.5666885816338                                 534.1870062253093                                 1082.3497655125116                                1108.3048914730412                                1114.1282499199701                                1114.2916650877805                                1113.5679203272525
30                                                461.9680359722513                                 604.1645874532371                                 1092.978226965317                                 1111.5558020938183                                1115.3821304162643                                1115.2646347413965                                1114.4466633094298
35                                                525.5824867574158                                 658.4607347058567                                 1106.8142250193023                                1120.8446520103867                                1123.282364792546                                 1122.946368037702                                 1122.0411619918432
40                                                580.7015020174043                                 704.6469378561474                                 1119.307084627866                                 1129.9705299408452                                1131.3620598824873                                1130.8567816787495                                1129.880337100381
45                                                627.5117819951131                                 745.1122280095088                                 1130.5599635123076                                1138.7624935345339                                1139.382532755002                                 1138.7491309901657                                1137.7153453955639
50                                                666.6841958662972                                 784.5938671242085                                 1141.3326609558126                                1147.7069638970515                                1147.7436000172952                                1147.0095561981448                                1145.9269723745933
55                                                700.0933569093372                                 825.2110222706923                                 1152.1765078636176                                1157.102362922269                                 1156.6659987920102                                1155.8467470323149                                1154.71941731908
60                                                726.7875329438308                                 867.0055550517937                                 1163.5200412518243                                1167.37610384245                                  1166.5745466112062                                1165.684361717244                                 1164.5150922239318
65                                                751.2479393686871                                 908.4843752988648                                 1175.5334442078365                                1178.5837539750346                                1177.4905886153638                                1176.5385672245852                                1175.3283299894133
70                                                780.2062014472814                                 947.1717150139804                                 1188.6381639281499                                1191.020041462904                                 1189.6698630412498                                1188.658754591016                                 1187.4057792316362
75                                                816.3626781991053                                 983.7257033055079                                 1203.2481392395125                                1205.1357955262697                                1203.5740844846505                                1202.5083142449007                                1201.2114262877944
80                                                865.6148787187486                                 1018.6180407295243                                1219.4794900533084                                1220.8903089466885                                1219.11880450921                                  1217.9974662380068                                1216.6549902740817
85                                                914.258792584936                                  1052.855054180332                                 1236.0542866946093                                1236.9988080275698                                1235.0187103751177                                1233.841309506765                                 1232.4523358840706
90                                                960.840121451968                                  1084.869987976671                                 1253.7936431825074                                1254.3076055352494                                1252.1229842542257                                1250.8878438099819                                1249.4492880707921
95                                                1005.8411695872397                                1116.1723852716705                                1271.461066723411                                 1271.551000390005                                 1269.1634912999198                                1267.870731966541                                 1266.3824925535255
100                                               1040.9351691819097                                1143.0077701151163                                1288.6775303916643                                1288.3843748957293                                1285.8042332271734                                1284.4546116104398                                1282.9160518434333
105                                               1076.0291687765798                                1169.8431549585616                                1305.8939940599175                                1305.2177494014531                                1302.4449751544266                                1301.038491254339                                 1299.4496111333415
110                                               1111.1231683712494                                1196.6785398020074                                1323.1104577281712                                1322.0511239071775                                1319.0857170816798                                1317.6223708982384                                1315.9831704232492
115                                               1146.2171679659195                                1223.5139246454528                                1340.3269213964245                                1338.8844984129014                                1335.726459008933                                 1334.2062505421372                                1332.516729713157
120                                               1174.0885756213047                                1245.8464399743716                                1354.2118229347402                                1352.4335629936545                                1349.1141235863975                                1347.5462911560726                                1345.8141844672664
125                                               1201.6370745745248                                1267.9776403510991                                1367.9477765036004                                1365.835792163478                                 1362.3563491034938                                1360.7413057378017                                1358.966958984071
130                                               1229.1855735277445                                1290.1088407278266                                1381.6837300724605                                1379.2380213333017                                1375.5985746205906                                1373.9363203195312                                1372.119733500876
132.2963687217384                                 1241.8378757931478                                1300.2731199917548                                1387.9922929002164                                1385.3933133067321                                1381.680381117324                                 1379.9964440732037                                1378.1604575017695
