% Model:              batchmodel_BILLETTA_r_0.0335556_COIL_kr_1.9397_COIL_kw_3.7744_FUNZ_freq_7167.5_FUNZ_I_eff_85.0125.mph
% Version:            COMSOL 5.6.0.280
% Date:               Jan 27 2022, 18:28
% Table:              Tabella delle sonde 1 - 
% Tempo (s)                                       Temperatura (degC), Punto: (0, 0.5)               Temperatura (degC), Punto: (0.5*BILLETTA_r, 0.5)  Temperatura (degC), Punto: (BILLETTA_r-10*FUNZ_depth_billetta, 0.5)Temperatura (degC), Punto: (BILLETTA_r-5*FUNZ_depth_billetta, 0.5)Temperatura (degC), Punto: (BILLETTA_r-2*FUNZ_depth_billetta, 0.5)Temperatura (degC), Punto: (BILLETTA_r-FUNZ_depth_billetta, 0.5)Temperatura (degC), Punto: (BILLETTA_r-0.01[mm], 0.5)
0                                                 20                                                19.999999999999943                                20.000000000271086                                20.001449048066775                                20.309492383459713                                20.61403182666112                                 20.89764336056072
5                                                 28.28858682597945                                 91.16628565955943                                 680.8619909364562                                 832.0429387115665                                 906.5300391134632                                 919.9621661856594                                 924.4124076296267
10                                                108.83460075904276                                257.4042487112006                                 1037.4129836778643                                1119.915598444241                                 1140.4241702940585                                1142.485392267884                                 1142.2297265279153
15                                                227.6209528249815                                 399.39880027711877                                1120.4898848536545                                1160.344574227357                                 1168.8537100842518                                1169.162610258737                                 1168.270500207534
20                                                338.3464014700306                                 510.1779035897051                                 1137.5559505727142                                1160.6328732315783                                1164.8810018749655                                1164.6201985920375                                1163.5524824179424
25                                                434.9948268416889                                 599.9680081008551                                 1157.3731902564177                                1172.7699381711486                                1174.9199205237828                                1174.347644364951                                 1173.1569830235962
30                                                516.9641018654297                                 673.0880238950002                                 1176.875244073237                                 1188.0455683082123                                1188.992852986859                                 1188.2250849889201                                1186.9405037939564
35                                                586.9161358890682                                 736.5069620218112                                 1197.6721547693542                                1206.1423583411852                                1206.2859678778027                                1205.3738327509882                                1204.0063551185895
40                                                645.2306068374972                                 797.3509975941628                                 1220.4726536087182                                1227.3748655423406                                1227.0050300415146                                1225.9837691429102                                1224.5389582607945
45                                                692.23752591672                                   862.5603609739313                                 1245.932481091278                                 1252.0099031531713                                1251.3100853413025                                1250.1994336095563                                1248.677589467491
50                                                729.238896005942                                  926.8815452845128                                 1274.8129553437889                                1280.1539191334814                                1279.1145281335153                                1277.9038988281304                                1276.2920647324372
55                                                762.9612586850748                                 989.7824859344813                                 1306.5409968842314                                1311.2795666923112                                1309.9076485132487                                1308.5900324283084                                1306.877744725422
60                                                809.8303049970972                                 1048.8572421643507                                1340.2517802929501                                1344.250975970665                                 1342.4825333186309                                1341.0422574260392                                1339.2177230466068
65                                                873.0367338454147                                 1104.5867405269696                                1370.5266599107345                                1373.526205280003                                 1371.3194923280848                                1369.7583499948623                                1367.8286348570296
68.97442136367947                                 936.227262499105                                  1146.4509831888531                                1391.2826287990733                                1393.2695439556437                                1390.684400389203                                 1389.0306459646945                                1387.0251307871044
