% Model:              batchmodel_BILLETTA_r_0.0335556_COIL_kr_1.9397_COIL_kw_5.8583_FUNZ_freq_4639.7_FUNZ_I_eff_85.0125.mph
% Version:            COMSOL 5.6.0.280
% Date:               Jan 27 2022, 19:01
% Table:              Tabella delle sonde 1 - 
% Tempo (s)                                       Temperatura (degC), Punto: (0, 0.5)               Temperatura (degC), Punto: (0.5*BILLETTA_r, 0.5)  Temperatura (degC), Punto: (BILLETTA_r-10*FUNZ_depth_billetta, 0.5)Temperatura (degC), Punto: (BILLETTA_r-5*FUNZ_depth_billetta, 0.5)Temperatura (degC), Punto: (BILLETTA_r-2*FUNZ_depth_billetta, 0.5)Temperatura (degC), Punto: (BILLETTA_r-FUNZ_depth_billetta, 0.5)Temperatura (degC), Punto: (BILLETTA_r-0.01[mm], 0.5)
0                                                 20                                                19.999999999999886                                20.00000000008947                                 20.000505080438472                                20.196684705408245                                20.39500479242946                                 20.593696683886265
5                                                 27.57643411163184                                 79.34044958414194                                 502.24799398326206                                617.9934711051784                                 679.5670281939111                                 691.5194958630276                                 695.8004036077012
10                                                90.97263083783406                                 227.02103368618634                                884.8921764385137                                 1048.7148617204953                                1103.2673563513777                                1110.602509692018                                 1112.0015819166479
15                                                204.48986003468485                                373.98900464613416                                1055.458370274439                                 1123.6179345208357                                1139.4817221466624                                1140.6862997099215                                1139.9076488187898
20                                                321.0731322649714                                 494.4031978615286                                 1108.1481700354852                                1144.3947549710529                                1151.7321753167334                                1151.7108145420561                                1150.4991843030193
25                                                421.8528698354843                                 588.4232004295061                                 1128.6639093338472                                1152.083809458692                                 1155.801296131362                                 1155.26416181773                                  1153.8732362780434
30                                                506.55864581019                                   663.1158040059134                                 1145.3645532364544                                1161.3659504049274                                1163.0992572160985                                1162.27066736417                                  1160.7657096102562
35                                                578.0214228176585                                 725.1955218942384                                 1160.6548476816374                                1171.984899910165                                 1172.407405621405                                 1171.3735033461016                                1169.7768880553663
40                                                637.1964961997897                                 782.8768650246367                                 1175.286342073432                                 1183.6027120153385                                1183.1576717456733                                1181.9770359934805                                1180.303800381368
45                                                684.5326545463873                                 840.4042666408553                                 1190.1799800099925                                1196.6157022605644                                1195.5930041268284                                1194.3018538211713                                1192.5590002273157
50                                                721.0650477254526                                 899.0790500328584                                 1206.137308398586                                 1211.3265221922547                                1209.883665126058                                 1208.5002679876193                                1206.6895856745095
55                                                748.872361518843                                  954.2510311152847                                 1223.7929618233866                                1228.080828462842                                 1226.3037074955237                                1224.837866815678                                 1222.9606355021301
60                                                784.4125328571216                                 1005.0170491931034                                1243.7719160716138                                1247.3322280730517                                1245.2457348872285                                1243.6940682955506                                1241.741697811884
65                                                833.5150536091047                                 1052.254591671393                                 1265.965661385199                                 1268.9055645340272                                1266.5153771398832                                1264.8719050916375                                1262.8352584514014
70                                                900.1571827851616                                 1096.6619255891533                                1290.226716858867                                 1292.543154020977                                 1289.8236277130013                                1288.0779169060138                                1285.9464779027085
75                                                972.2072538438309                                 1139.0946733151732                                1315.8879890527642                                1317.504458120945                                 1314.414703976151                                 1312.5558239038196                                1310.3208347763075
80                                                1038.6388311010637                                1180.2878157536134                                1341.8521526898598                                1342.679515258943                                 1339.1896817078905                                1337.2114261321922                                1334.8684682372236
85                                                1098.4455745433033                                1219.9851921307977                                1366.3315883960586                                1366.28513004047                                  1362.393482439982                                 1360.2995450036974                                1357.852748088224
88.93075407540603                                 1139.9475231561614                                1249.9299472313905                                1383.0335267904115                                1382.2442876011364                                1378.0591095415707                                1375.8851259284816                                1373.3667670675563
