% Model:              batchmodel_BILLETTA_r_0.0335556_COIL_kr_1.4848_COIL_kw_4.5299_FUNZ_freq_2540.9_FUNZ_I_eff_61.5962.mph
% Version:            COMSOL 5.6.0.280
% Date:               Jan 27 2022, 16:30
% Table:              Tabella delle sonde 1 - 
% Tempo (s)                                       Temperatura (degC), Punto: (0, 0.5)               Temperatura (degC), Punto: (0.5*BILLETTA_r, 0.5)  Temperatura (degC), Punto: (BILLETTA_r-10*FUNZ_depth_billetta, 0.5)Temperatura (degC), Punto: (BILLETTA_r-5*FUNZ_depth_billetta, 0.5)Temperatura (degC), Punto: (BILLETTA_r-2*FUNZ_depth_billetta, 0.5)Temperatura (degC), Punto: (BILLETTA_r-FUNZ_depth_billetta, 0.5)Temperatura (degC), Punto: (BILLETTA_r-0.01[mm], 0.5)
0                                                 20                                                20.000000000000057                                20.000000000002615                                20.000008268462636                                20.02830774485119                                 20.093757733980908                                20.16740135854127
5                                                 24.646940024010576                                45.93488481447088                                 176.2226200655988                                 217.67434617802843                                244.2934666457296                                 250.61520274097427                                253.17608629996164
10                                                55.65173792627627                                 114.63077804666875                                315.2742574757507                                 370.1786260904512                                 402.85701371797313                                409.8901713008754                                 412.59235167022655
15                                                113.72457706029257                                197.76113293972656                                446.34692962403176                                511.6003397948873                                 547.5486296170146                                 555.1335741160318                                 557.9391000067304
20                                                184.4915324849389                                 282.67761718490203                                567.5276787967383                                 643.4237306317339                                 683.1547969220804                                 691.0153851116366                                 693.7124750264754
25                                                259.0087228292822                                 366.8695528985047                                 683.9694777752605                                 775.6647992322218                                 827.594370248262                                  837.0882933383115                                 839.9768397189415
30                                                330.0803777114037                                 443.8493234804455                                 789.276375782497                                  896.6894128298935                                 948.2750762762886                                 956.7753860835777                                 958.8918230110881
35                                                396.8392102846841                                 514.109157433052                                  898.5952795285251                                 1005.4293768481358                                1046.7404363755527                                1052.5678965089464                                1053.3485305090112
40                                                457.00047610145293                                574.8017128242915                                 962.2079169929124                                 1045.7425298116045                                1072.0722472441998                                1075.0308442470832                                1074.6893190526307
45                                                512.8599875657447                                 628.7263338081946                                 1005.3897369785587                                1066.5761216789929                                1082.5623440653935                                1083.7514037377987                                1082.7537326249712
50                                                563.1647579270791                                 674.8554359552206                                 1032.7033571533339                                1077.5478274745014                                1087.9616169121305                                1088.3014605865346                                1086.9992092182029
55                                                607.5649464095101                                 714.1590516052265                                 1051.5252071565778                                1085.247116006743                                 1092.2329862107254                                1092.055629819998                                 1090.5653573017516
60                                                647.2536779727265                                 750.609548279149                                  1066.4530721984775                                1091.8023925323264                                1096.2549949881732                                1095.692376586609                                 1094.0589609136819
65                                                681.4745981181674                                 786.9659774427777                                 1078.3590690249107                                1097.65411736538                                  1100.2667199667821                                1099.419086753263                                 1097.675839658723
70                                                710.4493406237262                                 823.1046604559123                                 1088.1200768729059                                1102.9513053438236                                1104.199449829528                                 1103.136349820717                                 1101.306928739687
75                                                733.6059664801204                                 858.841435048685                                  1096.4515028640499                                1107.7851228345253                                1107.9575880750663                                1106.7226354941554                                1104.822827979392
80                                                754.4714220448742                                 893.4448872894262                                 1103.4541251148853                                1112.2384774427105                                1111.619136358468                                 1110.254498014443                                 1108.2989429142071
85                                                779.4092290940595                                 925.2959744786018                                 1110.0333366832192                                1116.5643964710453                                1115.2428102110744                                1113.762165647166                                 1111.755463217019
90                                                807.194372748715                                  955.0502115708813                                 1115.9633631065813                                1120.7337992373505                                1118.856565816067                                 1117.2816958089047                                1115.2311793366143
95                                                842.7281857291445                                 982.4350137703037                                 1121.7956623061518                                1124.9972004115248                                1122.616887712867                                 1120.9550488058294                                1118.86258835949
100                                               882.6183349969834                                 1007.6937960398401                                1127.3878478355032                                1129.3028039980632                                1126.500554195005                                 1124.763351941876                                 1122.632380096682
105                                               921.5429694131323                                 1031.353517365641                                 1133.1506622883567                                1133.891567751737                                 1130.696609114681                                 1128.887357401663                                 1126.717878407318
110                                               959.0160706390917                                 1052.2451347335677                                1138.9200897723022                                1138.7112446555466                                1135.1859622761044                                1133.3129503792284                                1131.1066692460222
115                                               984.2591221192951                                 1067.847047215147                                 1144.712793296313                                 1143.8297733644922                                1140.0514364851897                                1138.1249191918323                                1135.8838130413892
120                                               1009.5021735994986                                1083.4489596967264                                1150.505496820323                                 1148.9483020734383                                1144.9169106942754                                1142.9368880044353                                1140.6609568367562
125                                               1034.7452250797023                                1099.0508721783058                                1156.298200344334                                 1154.0668307823835                                1149.7823849033603                                1147.7488568170393                                1145.4381006321237
130                                               1059.8050219736147                                1114.570809873307                                 1162.1035417955704                                1159.2025323186103                                1154.6662969444951                                1152.5793998544614                                1150.2337914452892
135                                               1077.9765960538384                                1127.009457181607                                 1168.3839210638498                                1164.9837307182243                                1160.2432551894226                                1158.1081158638813                                1155.7266325656465
140                                               1096.1481701340622                                1139.4481044899062                                1174.6643003321296                                1170.7649291178377                                1165.8202134343505                                1163.6368318733012                                1161.2194736860038
145                                               1114.040046624299                                 1151.7577301559054                                1180.9609335645982                                1176.5701243054405                                1171.423361022658                                 1169.1919765782973                                1166.738703796134
150                                               1127.7945187817168                                1162.1588134497347                                1187.4980022683421                                1182.7302900689547                                1177.413912387954                                 1175.1380656585843                                1172.6482909366082
155                                               1141.548990939134                                 1172.5598967435644                                1194.0350709720856                                1188.890455832469                                 1183.4044637532497                                1181.0841547388718                                1178.5578780770825
160                                               1155.0322432013636                                1182.8181104654013                                1200.556909667106                                 1195.045010266173                                 1189.3926461098836                                1187.0283797083184                                1184.4657534069215
165                                               1166.094129763656                                 1191.8008296998278                                1206.9427796467512                                1201.149468516765                                 1195.3596787042043                                1192.9559624839958                                1190.3583462311976
170                                               1177.1560163259483                                1200.7835489342542                                1213.3286496263968                                1207.253926767357                                 1201.3267112985245                                1198.8835452596736                                1196.2509390554737
175                                               1187.8863182916143                                1209.5538115314794                                1219.6297070093874                                1213.283894352442                                 1207.2234776836776                                1204.7419053974209                                1202.0751398007387
180                                               1196.5477718396733                                1216.99849814551                                  1225.4015950396206                                1218.849093980789                                 1212.6818336688152                                1210.1683662660143                                1207.4726233646902
185                                               1205.2092253877317                                1224.443184759541                                 1231.1734830698533                                1224.4142936091353                                1218.140189653952                                 1215.5948271346083                                1212.8701069286417
190                                               1213.8706789357902                                1231.8878713735717                                1236.9453711000856                                1229.9794932374816                                1223.5985456390895                                1221.0212880032018                                1218.2675904925932
195                                               1222.5321324838492                                1239.3325579876023                                1242.7172591303183                                1235.544692865828                                 1229.0569016242266                                1226.4477488717953                                1223.6650740565447
200                                               1230.9829566918202                                1246.6270022396038                                1248.4062050636753                                1241.0328964389955                                1234.4407147515535                                1231.8002559323122                                1228.9890521581892
205                                               1238.1196059309436                                1252.9840426552846                                1253.577652212045                                 1246.040700233223                                 1239.3594342798583                                1236.6913446387416                                1233.8544092595644
210                                               1245.256255170067                                 1259.3410830709659                                1258.7490993604151                                1251.0485040274507                                1244.278153808163                                 1241.58243334517                                  1238.719766360939
215                                               1252.3929044091906                                1265.6981234866462                                1263.9205465087848                                1256.0563078216783                                1249.196873336468                                 1246.4735220515995                                1243.5851234623142
220                                               1259.529553648314                                 1272.0551639023274                                1269.0919936571545                                1261.0641116159063                                1254.1155928647727                                1251.364610758028                                 1248.4504805636889
225                                               1266.4879341277497                                1278.2731885705734                                1274.1703550697707                                1265.9832709359112                                1258.947609508612                                 1256.169488713288                                 1253.2300189395432
230                                               1272.3340462897108                                1283.6238553698777                                1278.667928716381                                 1270.3493527544547                                1263.2386627688893                                1260.4364738413406                                1257.474110445126
235                                               1278.1801584516716                                1288.974522169182                                 1283.165502362991                                 1274.7154345729987                                1267.5297160291666                                1264.7034589693935                                1261.7182019507081
240                                               1284.0262706136332                                1294.3251889684866                                1287.6630760096014                                1279.0815163915427                                1271.820769289444                                 1268.970444097446                                 1265.9622934562908
245                                               1289.8723827755944                                1299.6758557677908                                1292.1606496562122                                1283.4475982100862                                1276.1118225497212                                1273.2374292254985                                1270.2063849618735
250                                               1295.647875178333                                 1304.9682106809955                                1296.6151134291454                                1287.7721212216138                                1280.3620323368768                                1277.463763276729                                 1274.4099864710538
