% Model:              batchmodel_BILLETTA_r_0.0335556_COIL_kr_1.9397_COIL_kw_5.8583_FUNZ_freq_7167.5_FUNZ_I_eff_85.0125.mph
% Version:            COMSOL 5.6.0.280
% Date:               Jan 27 2022, 19:07
% Table:              Tabella delle sonde 1 - 
% Tempo (s)                                       Temperatura (degC), Punto: (0, 0.5)               Temperatura (degC), Punto: (0.5*BILLETTA_r, 0.5)  Temperatura (degC), Punto: (BILLETTA_r-10*FUNZ_depth_billetta, 0.5)Temperatura (degC), Punto: (BILLETTA_r-5*FUNZ_depth_billetta, 0.5)Temperatura (degC), Punto: (BILLETTA_r-2*FUNZ_depth_billetta, 0.5)Temperatura (degC), Punto: (BILLETTA_r-FUNZ_depth_billetta, 0.5)Temperatura (degC), Punto: (BILLETTA_r-0.01[mm], 0.5)
0                                                 20                                                19.999999999999943                                20.000000000271086                                20.001449048440634                                20.309492402183878                                20.614031854969767                                20.897643395950638
5                                                 28.288917103961012                                91.17133458581384                                 681.1532662469479                                 832.5135989748511                                 907.0175267958715                                 920.4513736320176                                 924.9009438651734
10                                                108.8414550705304                                 257.41739869452874                                1037.2877570873165                                1119.8671944923417                                1140.3906648410448                                1142.4536421982966                                1142.1985703550308
15                                                227.63002394305073                                399.41164347822064                                1120.7156900355922                                1160.5800991138408                                1169.0858476681028                                1169.3938178832523                                1168.5008756714078
20                                                338.3571946751214                                 510.1969356524726                                 1137.5996858346361                                1160.6710698300271                                1164.917281307596                                 1164.6561173320488                                1163.5882039216358
25                                                435.00775105091486                                599.9884460473602                                 1157.3952907348612                                1172.7889959854733                                1174.9376394375527                                1174.365109582127                                 1173.1743232898775
30                                                516.978486158332                                  673.1067486672836                                 1176.8849947979534                                1188.0549233163115                                1189.0020742672496                                1188.2342710102475                                1186.94965874546
35                                                586.9303866380865                                 736.5224971379952                                 1197.6748557575033                                1206.1453555475196                                1206.289132335859                                 1205.3770221184514                                1204.0095469441176
40                                                645.2433684471698                                 797.3631379578088                                 1220.4725688834674                                1227.3748658129002                                1227.0050650333892                                1225.9838097979                                   1224.5390009240464
45                                                692.2476894513486                                 862.5701658642068                                 1245.931577110126                                 1252.0089813537443                                1251.309155279515                                 1250.1985034784975                                1248.676661120062
50                                                729.2473203009022                                 926.8890442663538                                 1274.8117276069015                                1280.152676883868                                 1279.113281252418                                 1277.9026531267805                                1276.2908219225455
55                                                762.968994435765                                  989.788041642972                                  1306.54017222139                                  1311.278739626729                                 1309.9068252421725                                1308.5892113191853                                1306.8769260887007
60                                                809.8397837753138                                 1048.8617533764377                                1340.251516519635                                 1344.2506891954727                                1342.48224270952                                  1341.0419669282142                                1339.2174332401287
65                                                873.0471064927254                                 1104.590663004457                                 1370.5268787008986                                1373.5263733453294                                1371.319646831958                                 1369.7585023708216                                1367.8287862192446
68.97441822208926                                 936.2372524492492                                 1146.4546905054035                                1391.2831009951728                                1393.2699413894202                                1390.6847764896152                                1389.0310183855909                                1387.025501163178
