% Model:              batchmodel_BILLETTA_r_0.0335556_COIL_kr_2.7711_COIL_kw_5.8583_FUNZ_freq_7167.5_FUNZ_I_eff_61.5962.mph
% Version:            COMSOL 5.6.0.280
% Date:               Jan 27 2022, 21:03
% Table:              Tabella delle sonde 1 - 
% Tempo (s)                                       Temperatura (degC), Punto: (0, 0.5)               Temperatura (degC), Punto: (0.5*BILLETTA_r, 0.5)  Temperatura (degC), Punto: (BILLETTA_r-10*FUNZ_depth_billetta, 0.5)Temperatura (degC), Punto: (BILLETTA_r-5*FUNZ_depth_billetta, 0.5)Temperatura (degC), Punto: (BILLETTA_r-2*FUNZ_depth_billetta, 0.5)Temperatura (degC), Punto: (BILLETTA_r-FUNZ_depth_billetta, 0.5)Temperatura (degC), Punto: (BILLETTA_r-0.01[mm], 0.5)
0                                                 20                                                19.999999999999943                                20.000000000035243                                20.00016607273659                                 20.168280578192423                                20.393953528006364                                20.620167571035267
5                                                 26.095868530666053                                66.21012436125494                                 404.9497185116562                                 472.2730362333532                                 510.9552612009386                                 518.9636347951924                                 521.9763172407852
10                                                76.98218083574966                                 187.78778868569378                                718.3504202823577                                 826.4240454505144                                 883.2520819545479                                 893.8839973519117                                 897.3590798904453
15                                                174.37285877104011                                320.5091635715696                                 944.7808727308978                                 1043.8002473474821                                1076.9899153124256                                1081.288353005527                                 1081.938793614469
20                                                281.4412989894315                                 436.14963332330274                                1027.1065746449185                                1075.2462367531461                                1087.6848563434419                                1088.873588473285                                 1088.4633620198174
25                                                378.3207109663514                                 529.3227665959726                                 1060.5669765039029                                1093.2174501358804                                1101.069125020876                                 1101.4954177543918                                1100.7906103316282
30                                                460.915220518665                                  603.1154699197307                                 1081.2314959464425                                1104.2454845013058                                1109.1890633314633                                1109.1644258042747                                1108.2915336995043
35                                                530.9382061172407                                 662.7195674655457                                 1096.1079813831266                                1113.0362001242602                                1116.1519672851218                                1115.8439937368785                                1114.8622693391162
40                                                590.298715121604                                  712.0402638230242                                 1109.3588105667045                                1121.8288495549668                                1123.5728634624943                                1123.0504014777393                                1121.9822091508067
45                                                639.7377781201789                                 754.2783876188834                                 1120.4544045260827                                1129.8359510449227                                1130.6224560120727                                1129.9450451593684                                1128.8108170152896
50                                                679.7983062256658                                 793.951927751512                                  1130.3161108872669                                1137.5636345418939                                1137.6776362176847                                1136.8869064579508                                1135.70048671417
55                                                711.1419835647541                                 834.2562044845157                                 1139.6220994912142                                1145.3114215481287                                1144.9253105576704                                1144.0463778292537                                1142.8157255097176
60                                                735.154138069715                                  874.3359866125428                                 1149.2647501919573                                1153.617730911455                                 1152.7936257904726                                1151.8349466386871                                1150.5615697513458
65                                                756.3871562189942                                 912.7352254627114                                 1159.269624057325                                 1162.5569856845464                                1161.3705151021568                                1160.3419870048706                                1159.0276215278568
70                                                781.8108266019741                                 948.1762593082816                                 1170.105125698925                                 1172.575230795927                                 1171.0925218932825                                1170.00162105327                                  1168.6461750539593
75                                                826.8379794115259                                 980.4762240465515                                 1182.577060892149                                 1184.4619875054932                                1182.7420833305127                                1181.593664160846                                 1180.1943413205763
80                                                871.8651322210779                                 1012.7761887848209                                1195.0489960853733                                1196.3487442150595                                1194.3916447677434                                1193.185707268422                                 1191.7425075871938
85                                                916.497178502162                                  1044.5990938069212                                1207.818155740973                                 1208.551082640884                                 1206.3615536754883                                1205.0985301828473                                1203.6112708156447
90                                                958.730932681325                                  1073.5262518165114                                1222.3914644785368                                1222.6689984694622                                1220.2759680597264                                1218.9584828503703                                1217.426053930044
95                                                1000.9525109304574                                1102.4475910646365                                1236.9651736052624                                1236.7874034547212                                1234.1908928583389                                1232.8189470623297                                1231.2413465861887
100                                               1032.2975094610201                                1126.1711160369205                                1251.8965444982641                                1251.3427649281894                                1248.5617633308839                                1247.1363664175688                                1245.5118054101445
105                                               1063.642507991583                                 1149.8946410092044                                1266.8279153912658                                1265.898126401657                                 1262.9326338034293                                1261.4537857728078                                1259.7822642341002
110                                               1094.9875065221463                                1173.6181659814883                                1281.759286284267                                 1280.4534878751251                                1277.3035042759748                                1275.7712051280469                                1274.0527230580556
115                                               1126.3325050527092                                1197.3416909537718                                1296.6906571772688                                1295.0088493485932                                1291.6743747485198                                1290.088624483286                                 1288.3231818820113
120                                               1153.050274975688                                 1218.6296653863428                                1311.126234590493                                 1309.1011246867802                                1305.5914459112128                                1303.9533275758295                                1302.1409122825921
125                                               1177.9727483872934                                1238.972682100582                                 1325.369451439739                                 1323.0137294286683                                1319.3324496290184                                1317.6423834298234                                1315.7829907264586
130                                               1202.895221798899                                 1259.3156988148216                                1339.6126682889849                                1336.9263341705569                                1333.0734533468249                                1331.331439283817                                 1329.4250691703255
135                                               1226.6974026937264                                1278.8440740113406                                1353.1233096138312                                1350.1213065628776                                1346.1054905570472                                1344.3140263478717                                1342.3627904861519
140                                               1246.302286297925                                 1295.3203065005305                                1363.889277366647                                 1360.627591606677                                 1356.4813079346281                                1354.6497515490487                                1352.66156150919
145                                               1265.9071699021242                                1311.7965389897204                                1374.6552451194634                                1371.1338766504764                                1366.857125312209                                 1364.985476750226                                 1362.9603325322287
150                                               1285.5120535063234                                1328.2727714789103                                1385.4212128722797                                1381.6401616942758                                1377.2329426897895                                1375.3212019514035                                1373.2591035552668
151.49557626218643                                1291.3761732145967                                1333.2010639191299                                1388.6414780343948                                1384.7827517973296                                1380.336507923928                                 1378.4127750040761                                1376.3396230496169
