% Model:              batchmodel_BILLETTA_r_0.0335556_COIL_kr_1.9397_COIL_kw_5.8583_FUNZ_freq_6066_FUNZ_I_eff_85.0125.mph
% Version:            COMSOL 5.6.0.280
% Date:               Jan 27 2022, 19:04
% Table:              Tabella delle sonde 1 - 
% Tempo (s)                                       Temperatura (degC), Punto: (0, 0.5)               Temperatura (degC), Punto: (0.5*BILLETTA_r, 0.5)  Temperatura (degC), Punto: (BILLETTA_r-10*FUNZ_depth_billetta, 0.5)Temperatura (degC), Punto: (BILLETTA_r-5*FUNZ_depth_billetta, 0.5)Temperatura (degC), Punto: (BILLETTA_r-2*FUNZ_depth_billetta, 0.5)Temperatura (degC), Punto: (BILLETTA_r-FUNZ_depth_billetta, 0.5)Temperatura (degC), Punto: (BILLETTA_r-0.01[mm], 0.5)
0                                                 20                                                19.999999999999886                                20.000000000172406                                20.001006728377547                                20.26060857085372                                 20.51926933971521                                 20.767970211142142
5                                                 28.65565127635233                                 88.57290815294743                                 615.4161472625417                                 748.6256030773505                                 822.2087637330964                                 836.7280288574794                                 841.7154604771725
10                                                106.94871151227244                                249.20797906614712                                992.3383886905054                                 1104.3476732210843                                1133.1465883312985                                1136.1915457914938                                1136.1676330503806
15                                                222.44970168094642                                390.37439619514953                                1087.4696810145533                                1137.4750293257794                                1148.7175596452212                                1149.381886881808                                 1148.5610214232788
20                                                332.22657579438544                                502.1182156194867                                 1124.0009907548183                                1152.7875013913067                                1158.352740965352                                 1158.2083379112778                                1157.1014918925148
25                                                427.65833067662754                                591.1553307467271                                 1143.8295127571328                                1162.3745239833984                                1165.1878562779793                                1164.6474732871075                                1163.3958160281995
30                                                509.5261378031066                                 664.589017224087                                  1162.1532585526252                                1175.093886079062                                 1176.3442922588365                                1175.562209214786                                 1174.2058154601295
35                                                579.3419928378775                                 727.7854410253987                                 1179.853882439053                                 1189.4582115342373                                1189.74492587053                                  1188.8002103478116                                1187.3596886318137
40                                                638.2099462889381                                 787.4627080990591                                 1198.818376788604                                 1206.2031597648624                                1205.8116683676049                                1204.73935862213                                  1203.220486494211
45                                                685.7912084023875                                 848.2594727139825                                 1219.6013973357885                                1225.5776810777948                                1224.7133930988653                                1223.5375760198408                                1221.9432005504336
50                                                722.032295053191                                  911.8471026398603                                 1242.4460211804148                                1247.6795567277977                                1246.5094779666333                                1245.248965959859                                 1243.5804062701327
55                                                760.0855212515804                                 971.4266388982866                                 1268.1738950380754                                1272.7039148417825                                1271.2085195419381                                1269.8522527871373                                1268.0972894497422
60                                                802.3372943955707                                 1027.5759212025864                                1296.8057633144367                                1300.7585069668744                                1298.941724074131                                 1297.4818245281112                                1295.6291661521614
65                                                873.1831373780238                                 1080.0791394546836                                1327.7991879930391                                1331.0060470702751                                1328.7925544611007                                1327.2106119519117                                1325.2462455760551
70                                                943.4643788550867                                 1130.778340236493                                 1356.3768994251732                                1358.7239456454104                                1356.1053904117684                                1354.4060935560642                                1352.3368997062516
75                                                1012.6566575374612                                1177.9980818114877                                1380.2953568118887                                1381.5628534954408                                1378.5231251487962                                1376.7155170133174                                1374.5547663533648
76.37995332099887                                 1031.7530804885055                                1191.0302896521116                                1386.896627752683                                 1387.866178842568                                 1384.7102106487228                                1382.8727096111988                                1380.686690126403
