% Model:              batchmodel_BILLETTA_r_0.0131664_COIL_kr_1.4848_COIL_kw_3.2356_FUNZ_freq_2540.9_FUNZ_I_eff_85.0125.mph
% Version:            COMSOL 5.6.0.401
% Date:               Jan 27 2022, 11:54
% Table:              Tabella delle sonde 1 - 
% Tempo (s)                                       Temperatura (degC), Punto: (0, 0.5)               Temperatura (degC), Punto: (0.5*BILLETTA_r, 0.5)  Temperatura (degC), Punto: (BILLETTA_r-10*FUNZ_depth_billetta, 0.5)Temperatura (degC), Punto: (BILLETTA_r-5*FUNZ_depth_billetta, 0.5)Temperatura (degC), Punto: (BILLETTA_r-2*FUNZ_depth_billetta, 0.5)Temperatura (degC), Punto: (BILLETTA_r-FUNZ_depth_billetta, 0.5)Temperatura (degC), Punto: (BILLETTA_r-0.01[mm], 0.5)
0                                                 20                                                20                                                20.000000000047407                                20.000177232248745                                20.10648987164535                                 20.207177886986585                                20.313105968251875
5                                                 244.68323344546832                                318.00236027902713                                400.71874837943903                                485.9168813378692                                 532.8294773365092                                 541.9913011506982                                 545.3060049943505
10                                                557.9079986646524                                 649.431833760237                                  762.8926850176537                                 894.4147971025164                                 956.601806644031                                  966.9333081773653                                 969.6403793488447
15                                                761.1232700863833                                 922.9650446238167                                 1064.4529456590972                                1118.8162848534248                                1128.051225113502                                 1127.8439141429708                                1126.186812592759
20                                                1054.052231593561                                 1116.5235707573365                                1137.139737537057                                 1141.4745288234617                                1139.1402320059287                                1137.4227340686302                                1135.2540094585506
25                                                1157.7279421815742                                1166.3203096991256                                1169.3080218044875                                1167.1145470886772                                1162.846434191366                                 1160.7821839858302                                1158.4165254620607
30                                                1182.8439843930214                                1187.8760854928387                                1188.0745876898077                                1184.2076015845614                                1179.2503428056757                                1177.0294574408408                                1174.5525806533578
35                                                1199.3315418235352                                1202.7259428227962                                1201.836766710932                                 1197.259027876441                                 1191.9574006904763                                1189.6433393420016                                1187.0888882030663
40                                                1212.5615556302982                                1214.8466176071724                                1213.1989536736078                                1208.1192844444104                                1202.5646372178785                                1200.1785886254029                                1197.5613959918728
45                                                1223.3007407310447                                1224.9335746257843                                1222.751790730808                                 1217.3056636104384                                1211.5612404372446                                1209.1191169803924                                1206.4513133323771
50                                                1232.02018761193                                  1233.3108458049983                                1230.7756056256385                                1225.0694040449466                                1219.1843111809235                                1216.6993760051128                                1213.9922116819102
55                                                1239.9561448129261                                1240.9134688259824                                1238.0711132810857                                1232.1351816714487                                1226.122922850091                                 1223.5990308453956                                1220.8560854379443
60                                                1246.8428717849451                                1247.5416842034329                                1244.4673764642453                                1238.3486775647962                                1232.2305052997526                                1229.673480974769                                 1226.8998567298872
65                                                1252.7667027517723                                1253.2675766990028                                1250.0249980470026                                1243.7641728855874                                1237.5587754240805                                1234.973774032485                                 1232.1739896952708
70                                                1258.2221194468962                                1258.5040138446816                                1255.0910827096363                                1248.6925645320894                                1242.4039432121185                                1239.7922868309006                                1236.9675191236856
75                                                1262.9440828226611                                1263.0297012830129                                1259.4795845627486                                1252.9672137545658                                1246.607242003572                                 1243.972307267918                                 1241.12552421587
80                                                1267.0820896937034                                1266.9905030361633                                1263.3255415245635                                1256.716359879405                                 1250.2941422191525                                1247.6386012188186                                1244.7721728380898
85                                                1271.0117961180536                                1270.7529466700207                                1266.9682772935016                                1260.2622430824476                                1253.7799263199508                                1251.104680760759                                 1248.2194743886012
90                                                1274.5083856462538                                1274.097678804732                                 1270.204719012184                                 1263.4120143714927                                1256.8759092522741                                1254.1829203502625                                1251.2807026224423
95                                                1277.571858278303                                 1277.024699440297                                 1273.0348666806099                                1266.1656737465396                                1259.5820910161247                                1256.8733199873277                                1253.9558575396122
100                                               1280.2022140142021                                1279.5340085767148                                1275.45872029878                                  1268.5232212075898                                1261.8984716115015                                1259.175879671955                                 1256.2449391401115
105                                               1282.540964409166                                 1281.766188278351                                 1277.6120228055202                                1270.6163417155708                                1263.9547255208722                                1261.2197615136429                                1258.2767187290133
110                                               1284.8687452749614                                1284.0000310557703                                1279.7639700963268                                1272.706183668232                                 1266.0080141018207                                1263.2611107677599                                1260.3065665457061
115                                               1286.9335392670982                                1285.9851748909032                                1281.6728181318222                                1274.5582298622821                                1267.827400603846                                 1265.069903166714                                 1262.1051543045833
120                                               1288.7353463855761                                1287.7216197837497                                1283.3385669120057                                1276.1724802977228                                1269.4128850269476                                1266.6461387105041                                1263.6724820056434
125                                               1290.274166630395                                 1289.2093657343094                                1284.7612164368775                                1277.5489349745526                                1270.7644673711256                                1267.989817399131                                 1265.0085496488873
130                                               1291.6505562901439                                1290.5437412947304                                1286.0361930417766                                1278.7819332680547                                1271.9752232537198                                1269.1935700565045                                1266.2055844752103
135                                               1293.0639315583144                                1291.913795377488                                 1287.3527395559618                                1280.0585624243818                                1273.2297337245795                                1270.4410956492775                                1267.4464850936783
140                                               1294.3352121556795                                1293.1497577576024                                1288.5409116127698                                1281.2108138395474                                1274.362240801025                                 1271.5674283255512                                1268.5670043917162
145                                               1295.4643980822393                                1294.251628435074                                 1289.6007092122013                                1282.2386875135526                                1275.3727444830552                                1272.5725680853243                                1269.5671423693243
150                                               1296.4514893379937                                1295.2194074099025                                1290.5321323542557                                1283.1421834463968                                1276.2612447706697                                1273.4565149285982                                1270.4468990265032
155                                               1297.3536646797065                                1296.1047346093815                                1291.386051261612                                 1283.9713428247878                                1277.0768845419793                                1274.2680436005971                                1271.254660184412
160                                               1298.284317015794                                 1297.0100187229878                                1292.2633481994276                                1284.8254038277742                                1277.9171205132907                                1275.1038807622576                                1272.0863812170041
165                                               1299.141616934382                                 1297.843294417387                                 1293.0734285981398                                1285.615248312528                                 1278.6944343358523                                1275.8771636711622                                1272.8558920151236
170                                               1299.9255644354703                                1298.604561692579                                 1293.8162924577468                                1286.3408762790486                                1279.4088260096632                                1276.5878923273108                                1273.5631925787702
175                                               1300.6361595190597                                1299.2938205485634                                1294.4919397782496                                1287.0022877273368                                1280.060295534724                                 1277.236066730703                                 1274.2082829079432
180                                               1301.2984494329658                                1299.9347255400926                                1295.1214757847406                                1287.619224478411                                 1280.6680228960304                                1277.8406865367547                                1274.809970786679
185                                               1301.9621061259763                                1300.5741867245424                                1295.7467548824447                                1288.2308371299673                                1281.2700444973989                                1278.4394305322799                                1275.4055544959024
190                                               1302.5825230578553                                1301.1700778030076                                1296.3301908631238                                1288.8019675544506                                1281.8322027827298                                1278.998462309385                                 1275.9615393306667
195                                               1303.1597002286044                                1301.7223987754892                                1296.8717837267786                                1289.3326157518609                                1282.3544977520246                                1279.5177818680695                                1276.4779252909711
200                                               1303.6936376382218                                1302.2311496419857                                1297.371533473408                                 1289.8227817221987                                1282.8369294052818                                1279.997389208334                                 1276.9547123768161
205                                               1304.1929041433195                                1302.7062541813061                                1297.8376664479879                                1290.279761590603                                 1283.2865996697524                                1280.444377231483                                 1277.399005217394
210                                               1304.674492900584                                 1303.1673925370046                                1298.2864965621052                                1290.7180245217864                                1283.717592590488                                 1280.872812082947                                 1277.8248932160586
215                                               1305.1231436686512                                1303.5968914923715                                1298.7033735519517                                1291.1245768766094                                1284.1172603745672                                1281.270062044072                                 1278.2197237680107
220                                               1305.5388564475224                                1303.9947510474067                                1299.0882974175279                                1291.4994186550707                                1284.4856030219898                                1281.6361271148571                                1278.583496873251
225                                               1305.9216312371968                                1304.3609712021098                                1299.4412681588337                                1291.8425498571714                                1284.8226205327555                                1281.9710072953035                                1278.9162125317785
230                                               1306.2758912319605                                1304.7005718953737                                1299.7676201166855                                1292.159330830752                                 1285.1336799101082                                1282.2800931863007                                1279.2233051782264
235                                               1306.6104082011389                                1305.023508318659                                 1300.0779319824346                                1292.4603918424746                                1285.4294246192362                                1282.5740750502387                                1279.5155520029953
240                                               1306.917304896287                                 1305.3208404835154                                1300.3627038505424                                1292.736186670997                                 1285.7002965862212                                1282.8433527882476                                1279.783274843884
245                                               1307.1965813174047                                1305.5925683899432                                1300.6219357210084                                1292.9867153163214                                1285.9462958110626                                1283.087926400327                                 1280.0264737008915
250                                               1307.4482374644922                                1305.838692037942                                 1300.855627593834                                 1293.211977778446                                 1286.1674222937618                                1283.307795886477                                 1280.2451485740185
