% Model:              batchmodel_BILLETTA_r_0.0131664_COIL_kr_2.4069_COIL_kw_3.2356_FUNZ_freq_2540.9_FUNZ_I_eff_61.5962.mph
% Version:            COMSOL 5.6.0.401
% Date:               Jan 27 2022, 13:08
% Table:              Tabella delle sonde 1 - 
% Tempo (s)                                       Temperatura (degC), Punto: (0, 0.5)               Temperatura (degC), Punto: (0.5*BILLETTA_r, 0.5)  Temperatura (degC), Punto: (BILLETTA_r-10*FUNZ_depth_billetta, 0.5)Temperatura (degC), Punto: (BILLETTA_r-5*FUNZ_depth_billetta, 0.5)Temperatura (degC), Punto: (BILLETTA_r-2*FUNZ_depth_billetta, 0.5)Temperatura (degC), Punto: (BILLETTA_r-FUNZ_depth_billetta, 0.5)Temperatura (degC), Punto: (BILLETTA_r-0.01[mm], 0.5)
0                                                 20                                                19.999999999999943                                20.00000000000341                                 20.00000943570882                                 20.028707224918264                                20.093015934136304                                20.16106434375922
5                                                 156.72012165454834                                195.85414097009817                                237.62677319671343                                278.77739757868846                                305.3540284012877                                 311.3564063628929                                 313.7193594611505
10                                                370.17290227960336                                424.44989706017714                                483.98424169642817                                543.7831255464426                                 578.033081456598                                  584.8877156101458                                 587.3204691960581
15                                                566.2256347215899                                 627.7360509131637                                 695.7021797655516                                 768.3857121686                                    809.4272870109811                                 817.0150014493084                                 819.2524665838065
20                                                706.5648574988344                                 781.577645983852                                  895.2033676511934                                 993.1249288056844                                 1031.4996553663846                                1036.9977465046582                                1037.7265764965482
25                                                850.0906512359744                                 959.1996191711352                                 1038.9366656051907                                1076.5180356884475                                1084.6152818820806                                1084.6045425391426                                1083.194443419202
30                                                1027.9123250760276                                1072.6739852483242                                1094.8325856536917                                1102.0233801306463                                1101.1609219410684                                1099.80100155548                                  1097.8834114391043
35                                                1113.7756807267751                                1123.3270456358919                                1125.8620378067203                                1123.7789021536023                                1119.9288840976274                                1118.0619935400468                                1115.9101508006647
40                                                1139.694861001315                                 1142.0541765329017                                1141.0057873522287                                1136.909574966916                                 1132.2675200053504                                1130.238195961234                                 1127.9894822299766
45                                                1150.0392004404903                                1150.9093719339212                                1148.739794343241                                 1143.964236665639                                 1139.0226881808644                                1136.924663066014                                 1134.6293582460803
50                                                1155.5606039137988                                1155.8078313316196                                1153.0835140809509                                1147.9537306621587                                1142.856556081355                                 1140.722260048819                                 1138.4014586156522
55                                                1159.3480306103083                                1159.0278241977594                                1155.905912975678                                 1150.5228060979375                                1145.319119012614                                 1143.1607801260675                                1140.823372083823
60                                                1160.7332871723324                                1160.2031154159508                                1156.9403157994875                                1151.468459548917                                 1146.2266052088917                                1144.0595184036197                                1141.7160205596765
65                                                1162.0451674003461                                1161.3204877308785                                1157.925113060469                                 1152.3699788913555                                1147.0920202878883                                1144.9166160433992                                1142.5673172422207
70                                                1163.3570476283603                                1162.4378600458058                                1158.9099103214512                                1153.2714982337934                                1147.9574353668854                                1145.7737136831788                                1143.418613924765
75                                                1164.1529888677314                                1163.125674135546                                 1159.5225843834064                                1153.8365333735242                                1148.5014436282836                                1146.312761038289                                 1143.954100451851
80                                                1164.7997615886193                                1163.6892941529945                                1160.0276700143381                                1154.3042840452936                                1148.9525266022606                                1146.759853548327                                 1144.398279801056
85                                                1165.4465343095071                                1164.252914170444                                 1160.5327556452698                                1154.772034717063                                 1149.4036095762376                                1147.2069460583648                                1144.8424591502612
90                                                1165.83321163737                                  1164.5939444332748                                1160.8406475726383                                1155.0585264121537                                1149.680407419744                                 1147.4813810591245                                1145.1151343547904
95                                                1166.0501178470063                                1164.7896844965835                                1161.019825972358                                 1155.2267055958173                                1149.8434447650488                                1147.6431179529336                                1145.275864283844
100                                               1166.2670240566426                                1164.9854245598917                                1161.199004372078                                 1155.3948847794804                                1150.0064821103542                                1147.8048548467423                                1145.436594212898
105                                               1166.4839302662785                                1165.1811646232004                                1161.3781827717976                                1155.563063963144                                 1150.1695194556592                                1147.9665917405514                                1145.597324141951
110                                               1166.700836475915                                 1165.3769046865086                                1161.5573611715172                                1155.7312431468072                                1150.332556800964                                 1148.1283286343605                                1145.7580540710046
115                                               1166.7945834384232                                1165.464470658152                                 1161.6391251643795                                1155.8089011048833                                1150.4081792591064                                1148.2034038355973                                1145.8326803319524
120                                               1166.8079411142862                                1165.481428549077                                 1161.6573042063847                                1155.8274734731972                                1150.4267437164476                                1148.2219126659952                                1145.8511044593379
125                                               1166.8212987901493                                1165.498386440002                                 1161.6754832483898                                1155.8460458415116                                1150.4453081737888                                1148.2404214963926                                1145.869528586723
130                                               1166.8346564660128                                1165.5153443309268                                1161.6936622903959                                1155.8646182098255                                1150.4638726311305                                1148.2589303267905                                1145.887952714108
135                                               1166.8480141418759                                1165.5323022218522                                1161.7118413324006                                1155.8831905781394                                1150.4824370884712                                1148.277439157188                                 1145.9063768414935
140                                               1166.8283952343845                                1165.5182192526177                                1161.7009298784992                                1155.874066497886                                 1150.4740034728743                                1148.2691404616285                                1145.8981521377355
145                                               1166.7872516417915                                1165.4838750958297                                1161.6710302911952                                1155.8468642156713                                1150.447947503496                                 1148.2433437873246                                1145.8725330395214
150                                               1166.7461080491985                                1165.4495309390413                                1161.6411307038916                                1155.8196619334567                                1150.4218915341175                                1148.2175471130208                                1145.8469139413073
155                                               1166.7049644566055                                1165.415186782253                                 1161.611231116588                                 1155.7924596512426                                1150.3958355647396                                1148.191750438717                                 1145.8212948430933
160                                               1166.6638208640125                                1165.380842625465                                 1161.5813315292844                                1155.765257369028                                 1150.3697795953608                                1148.1659537644132                                1145.7956757448787
165                                               1166.6263874485053                                1165.3484146745886                                1161.5524156395727                                1155.7385461916047                                1150.3440398419611                                1148.1404444281834                                1145.7703334907728
170                                               1166.5913757633703                                1165.317237481816                                 1161.524141835207                                 1155.7121555712233                                1150.318506491065                                 1148.1151226450875                                1145.7451719401133
175                                               1166.5563640782352                                1165.2860602890428                                1161.495868030841                                 1155.685764950841                                 1150.2929731401691                                1148.0898008619915                                1145.7200103894538
180                                               1166.5213523931002                                1165.25488309627                                  1161.4675942264753                                1155.6593743304593                                1150.2674397892733                                1148.064479078896                                 1145.6948488387943
185                                               1166.4863407079652                                1165.2237059034974                                1161.4393204221092                                1155.6329837100775                                1150.241906438377                                 1148.0391572958006                                1145.6696872881348
190                                               1166.4584271871122                                1165.1986124761288                                1161.4164364715689                                1155.6115553362733                                1150.2211493324749                                1148.0185681495072                                1145.6492270940885
195                                               1166.4351468251684                                1165.1774900827859                                1161.3970706206783                                1155.5933659515968                                1150.2035098075648                                1148.0010681199915                                1145.631835599415
200                                               1166.4118664632251                                1165.1563676894425                                1161.3777047697877                                1155.575176566921                                 1150.1858702826548                                1147.9835680904753                                1145.6144441047409
205                                               1166.3885861012814                                1165.1352452961                                   1161.358338918897                                 1155.5569871822445                                1150.1682307577448                                1147.966068060959                                 1145.5970526100673
210                                               1166.365305739338                                 1165.1141229027571                                1161.3389730680065                                1155.5387977975683                                1150.1505912328353                                1147.9485680314428                                1145.5796611153937
215                                               1166.349830076263                                 1165.0999385277228                                1161.3258934227679                                1155.5264755209678                                1150.1386287435366                                1147.936698142752                                 1145.5678641822192
220                                               1166.3394487458445                                1165.0902827800996                                1161.3169169496405                                1155.5179828604432                                1150.1303718050076                                1147.9285031953686                                1145.5597189667874
225                                               1166.329067415426                                 1165.080627032477                                 1161.3079404765122                                1155.5094901999196                                1150.1221148664786                                1147.9203082479858                                1145.5515737513565
230                                               1166.3186860850074                                1165.0709712848538                                1161.2989640033843                                1155.5009975393955                                1150.1138579279495                                1147.9121133006024                                1145.5434285359252
235                                               1166.3083047545883                                1165.0613155372307                                1161.289987530257                                 1155.4925048788714                                1150.105600989421                                 1147.9039183532186                                1145.5352833204938
240                                               1166.3028092564814                                1165.0560655944437                                1161.2850366838138                                1155.4877880483427                                1150.1010043982697                                1147.8993546393203                                1145.5307467615985
245                                               1166.3028152045017                                1165.055776586949                                 1161.2846186921497                                1155.4873228015726                                1150.1005293574754                                1147.8988796935428                                1145.5302735491832
250                                               1166.3057024571372                                1165.0580857991627                                1161.2865747190772                                1155.489084261676                                 1150.1022129203989                                1147.9005461822499                                1145.5319284570278
