% Model:              batchmodel_BILLETTA_r_0.0542379_COIL_kr_1.4848_COIL_kw_5.8583_FUNZ_freq_4639.7_FUNZ_I_eff_61.5962.mph
% Version:            COMSOL 5.6.0.401
% Date:               Jan 27 2022, 22:06
% Table:              Tabella delle sonde 1 - 
% Tempo (s)                                       Temperatura (degC), Punto: (0, 0.5)               Temperatura (degC), Punto: (0.5*BILLETTA_r, 0.5)  Temperatura (degC), Punto: (BILLETTA_r-10*FUNZ_depth_billetta, 0.5)Temperatura (degC), Punto: (BILLETTA_r-5*FUNZ_depth_billetta, 0.5)Temperatura (degC), Punto: (BILLETTA_r-2*FUNZ_depth_billetta, 0.5)Temperatura (degC), Punto: (BILLETTA_r-FUNZ_depth_billetta, 0.5)Temperatura (degC), Punto: (BILLETTA_r-0.01[mm], 0.5)
0                                                 20                                                20                                                20.000000000012108                                20.000050195365304                                20.106280060526615                                20.25375413020413                                 20.414284047197725
5                                                 20.10634220188342                                 24.508554280528358                                255.90631256145127                                304.2789665117133                                 334.0035848078045                                 340.9708006601717                                 343.7614516905695
10                                                22.584606922727744                                51.81883291562889                                 462.4885711970596                                 534.7626466663708                                 575.5421925038152                                 583.8921664922854                                 586.9874025144021
15                                                33.987559749175546                                98.70705580667129                                 639.4588535242846                                 732.7866343241994                                 784.9595916954078                                 795.0305762964618                                 798.4403951681969
20                                                56.62388468684088                                 154.6179438044071                                 806.0857316321782                                 930.012581487147                                  985.6703321920878                                 995.024296515095                                  997.6327880235
25                                                89.32101536765867                                 212.28303687331208                                929.9692856183873                                 1032.4590158803549                                1068.2039605093632                                1073.0084180263802                                1073.6840502049454
30                                                127.15680903238564                                268.85229077175813                                993.2854537799946                                 1064.4549454025578                                1084.4348938907851                                1086.527372230932                                 1086.2060300624821
35                                                168.5999171401486                                 322.61927611973226                                1023.97885524335                                  1075.2638025740089                                1088.6485455770785                                1089.8162585875643                                1089.1824786361635
40                                                211.6125149389041                                 372.1704961556835                                 1046.2906691466274                                1085.9631957672818                                1095.5581887207204                                1096.0747115213412                                1095.1945774039814
45                                                254.39253780670117                                417.57962537557955                                1060.7056353382918                                1092.48308990725                                  1099.714126760453                                 1099.8731827373908                                1098.8624188744484
50                                                296.03817545190907                                458.7999297748521                                 1070.9447719259324                                1097.4723417812347                                1103.156014016994                                 1103.0838008777719                                1101.9874173344938
55                                                335.77534998542535                                496.2484402398733                                 1079.2215233219495                                1101.8998941723012                                1106.4151472650587                                1106.1638834875384                                1104.9995688746144
60                                                372.94100798828174                                530.5290823660318                                 1087.2887029356416                                1106.4309604353107                                1109.8522838261442                                1109.429537559059                                 1108.1989564790897
65                                                407.75505805869886                                561.4728456780409                                 1094.5468160936352                                1110.8240211513566                                1113.3358109288956                                1112.7663329253692                                1111.4774002933345
70                                                440.36693826710996                                590.0039969473426                                 1100.868161872529                                 1114.7670808001071                                1116.534620823541                                 1115.8457621033613                                1114.5086187218067
75                                                470.731832275717                                  615.8453494321348                                 1106.291037660022                                 1118.3537065468108                                1119.5480124150931                                1118.7663441805034                                1117.3904633103716
80                                                498.97054186817377                                639.230199140952                                  1111.0165976145072                                1121.6818685025864                                1122.438937078433                                 1121.5852791496982                                1120.1779957749459
85                                                525.512834601539                                  661.1441728194729                                 1115.6682752495508                                1124.9940387217712                                1125.3312107130337                                1124.408300423967                                 1122.9705350425966
90                                                550.1289816336092                                 681.0604115007724                                 1119.9128191204813                                1128.1606056890369                                1128.1586485109324                                1127.1788890451967                                1125.7149909678496
95                                                573.0813941117199                                 699.5162823765968                                 1124.07066926964                                  1131.3444496823759                                1131.0330307889208                                1130.0006287927113                                1128.5118672397552
100                                               594.4586477310459                                 716.6931713105279                                 1128.2499887830832                                1134.6005502024695                                1133.9920884870407                                1132.9084839024267                                1131.395088423697
105                                               614.1642747556693                                 732.4030982113403                                 1132.3282730568412                                1137.8668233524531                                1136.993350412336                                 1135.8631299003528                                1134.3265115005015
110                                               632.807975294804                                  749.0668446302516                                 1136.4736514297065                                1141.2514491013821                                1140.1276356358885                                1138.952699335366                                 1137.3931348102733
115                                               650.1142808365267                                 765.5906776294981                                 1140.6101614111567                                1144.7055506741908                                1143.3539112072576                                1142.1373730542077                                1140.5556516464426
120                                               666.0831913808373                                 781.9745972090799                                 1144.7378030011905                                1148.2291280708791                                1146.6721771264424                                1145.4171510568772                                1143.8140620090094
125                                               680.7147069277362                                 798.2186033689972                                 1148.8565761998093                                1151.8221812914471                                1150.0824333934438                                1148.792033343375                                 1147.1683658979737
130                                               694.0130445717399                                 814.3256372558984                                 1152.9679648264005                                1155.4854196283104                                1153.585168892539                                 1152.262475721414                                 1150.619006400571
135                                               706.4262162419662                                 830.608157786305                                  1157.2296055627535                                1159.2941962569744                                1157.2323212759065                                1155.8769018846497                                1154.2130558236709
140                                               717.6535805874096                                 846.8564873496633                                 1161.5357152769889                                1163.1979449335195                                1160.9890374405277                                1159.6028167950371                                1157.918925986217
145                                               727.6951376080697                                 863.0706259459738                                 1165.8862939691076                                1167.1966656579461                                1164.8553173864025                                1163.4402204525759                                1161.73661688821
150                                               736.5508873039466                                 879.250573575236                                  1170.2813416391082                                1171.2903584302535                                1168.8311611135318                                1167.3891128572677                                1165.6661285296495
155                                               744.2580772420473                                 895.3893155741047                                 1174.7235416136405                                1175.480898877007                                 1172.918189822934                                 1171.451072688867                                 1169.7090201858223
160                                               754.7737812516531                                 910.7416343894571                                 1179.4979627578296                                1179.9675481416593                                1177.2886352237147                                1175.7938143204792                                1174.0309447550458
165                                               765.4425789192763                                 925.8076131606086                                 1184.4133077352185                                1184.616590723624                                 1181.8269200949421                                1180.3047919192013                                1178.520739770628
170                                               776.2644702449173                                 940.5872518875598                                 1189.4695765458077                                1189.4280266229007                                1186.5330444366173                                1184.9840054850329                                1183.1784052325688
175                                               787.2394552285763                                 955.0805505703103                                 1194.6667691895968                                1194.4018558394905                                1191.4070082487392                                1189.831455017973                                 1188.0039411408684
180                                               798.4494707637135                                 969.2792784234604                                 1200.0093716186238                                1199.5424800985675                                1196.4531931636507                                1194.8515203440475                                1193.001727189348
185                                               817.0328559890339                                 982.6033546717298                                 1205.8211929272607                                1205.155437162045                                 1201.972614165596                                 1200.3448569253937                                1198.4725919873727
190                                               835.6162412143541                                 995.9274309199985                                 1211.633014235898                                 1210.7683942255221                                1207.492035167541                                 1205.838193506741                                 1203.9434567853973
195                                               854.1996264396745                                 1009.251507168268                                 1217.4448355445352                                1216.3813512889992                                1213.0114561694859                                1211.3315300880872                                1209.414321583422
200                                               872.7830116649949                                 1022.5755834165371                                1223.2566568531724                                1221.9943083524763                                1218.5308771714308                                1216.8248666694335                                1214.885186381447
205                                               891.3610809368955                                 1035.887729254719                                 1229.0716057548211                                1227.6105855091437                                1224.05365926566                                  1222.3215641053303                                1220.3594046488925
210                                               909.4656871948927                                 1048.137298454068                                 1235.165112329335                                 1233.5225652809622                                1229.8757955409624                                1228.117594548703                                 1226.132298170562
215                                               927.57029345289                                   1060.386867653417                                 1241.2586189038489                                1239.4345450527808                                1235.6979318162644                                1233.9136249920762                                1231.9051916922313
220                                               945.6748997108874                                 1072.636436852766                                 1247.3521254783627                                1245.3465248245993                                1241.5200680915673                                1239.709655435449                                 1237.6780852139009
225                                               963.7795059688848                                 1084.8860060521151                                1253.445632052877                                 1251.2585045964179                                1247.3422043668697                                1245.5056858788216                                1243.4509787355696
230                                               981.8563088001778                                 1097.1234081021848                                1259.5384511728662                                1257.1699152104052                                1253.1638022055918                                1251.3011796810579                                1249.2233326585297
235                                               997.4568118664171                                 1108.2771484431464                                1265.5700424630413                                1263.030634036702                                 1258.9374444310492                                1257.0488777805044                                1254.947627463781
240                                               1013.0573149326564                                1119.4308887841084                                1271.6016337532164                                1268.8913528629996                                1264.7110866565063                                1262.7965758799505                                1260.6719222690326
245                                               1028.657817998896                                 1130.5846291250705                                1277.633225043392                                 1274.7520716892968                                1270.4847288819642                                1268.544273979397                                 1266.3962170742834
250                                               1044.258321065135                                 1141.7383694660325                                1283.6648163335672                                1280.6127905155936                                1276.2583711074212                                1274.2919720788432                                1272.1205118795347
