% Model:              batchmodel_BILLETTA_r_0.0542379_COIL_kr_1.9397_COIL_kw_5.3284_FUNZ_freq_8940.8_FUNZ_I_eff_61.5962.mph
% Version:            COMSOL 5.6.0.401
% Date:               Jan 28 2022, 01:43
% Table:              Tabella delle sonde 1 - 
% Tempo (s)                                       Temperatura (degC), Punto: (0, 0.5)               Temperatura (degC), Punto: (0.5*BILLETTA_r, 0.5)  Temperatura (degC), Punto: (BILLETTA_r-10*FUNZ_depth_billetta, 0.5)Temperatura (degC), Punto: (BILLETTA_r-5*FUNZ_depth_billetta, 0.5)Temperatura (degC), Punto: (BILLETTA_r-2*FUNZ_depth_billetta, 0.5)Temperatura (degC), Punto: (BILLETTA_r-FUNZ_depth_billetta, 0.5)Temperatura (degC), Punto: (BILLETTA_r-0.01[mm], 0.5)
0                                                 20.000000000000057                                20                                                20.000000000084242                                20.00032661401633                                 20.213315179680478                                20.49222854677714                                 20.760392435712276
5                                                 20.069644455680645                                25.773303723815275                                424.52046768042726                                493.68025648419575                                534.0454528633852                                 542.4512741132804                                 545.6197598468515
10                                                22.91611783692798                                 62.772457512148776                                749.3608630526492                                 858.9179214254476                                 915.9954044754319                                 926.8325697191973                                 930.4497212314144
15                                                36.507560861713046                                124.03670223945039                                959.3194249086706                                 1049.8356622060169                                1078.7990994859997                                1082.530669242581                                 1083.0794953274517
20                                                64.9194411404257                                  189.83683066548105                                1032.4762002678126                                1090.721823110286                                 1105.872406286645                                 1107.3831776931347                                1107.1204620514159
25                                                104.11929737658602                                251.95331562110755                                1060.6096129730595                                1098.2221963743013                                1107.5844605025718                                1108.2805783302451                                1107.7470154638854
30                                                148.70924902384468                                308.73338320740174                                1070.049983792263                                 1098.2964034252968                                1105.1811381577995                                1105.5411201457268                                1104.9022694040573
35                                                193.9794424999791                                 358.9446183040583                                 1082.9259080388292                                1105.6618414635186                                1110.8536031350518                                1110.9541570705333                                1110.2185026478414
40                                                238.39445543675328                                404.4615438688568                                 1094.479882490048                                 1113.0472805792256                                1116.9257710064076                                1116.819255465652                                 1116.003137301259
45                                                279.84583961106455                                444.2947861743603                                 1103.4863672657434                                1119.1313598949746                                1122.09871336258                                  1121.847033520447                                 1120.9728307976561
50                                                319.5209303840861                                 481.52900361613194                                1111.6640680674022                                1124.8437213896123                                1127.0435267808307                                1126.6687364307872                                1125.7442928933679
55                                                357.3131971779235                                 516.1528338139553                                 1119.088198992837                                 1130.2351295036538                                1131.802151621186                                 1131.3249340983334                                1130.3575672704242
60                                                392.66251730354963                                548.0287116250694                                 1126.0760247535495                                1135.5894631558817                                1136.6435583940824                                1136.0817325686016                                1135.0772737441366
65                                                425.91922206723245                                577.5507077681375                                 1132.6901137880072                                1140.9120390176772                                1141.5558757382096                                1140.9247051612688                                1139.8881493961871
70                                                457.12770708346864                                604.7738485267229                                 1138.9469916471976                                1146.2068067873834                                1146.539253412524                                 1145.8534297457209                                1144.7895784145653
75                                                486.50299964418184                                630.1971880433156                                 1145.3196052267112                                1151.6426234272744                                1151.670019727058                                 1150.9301268060344                                1149.8388344464715
80                                                513.9376264598137                                 653.5712929093402                                 1151.5715698416047                                1157.1350921473522                                1156.9100248521213                                1156.1236977777353                                1155.0072914174452
85                                                539.4629106446213                                 674.9516052552882                                 1157.736210433502                                 1162.7075037493346                                1162.27947893511                                  1161.4538593129387                                1160.3144601020326
90                                                563.5593021158132                                 695.188524782336                                  1164.3246819697156                                1168.7171044401348                                1168.0883755342475                                1167.2230354873213                                1166.0596067206543
95                                                585.979705951267                                  713.8446917565986                                 1171.07409795091                                  1174.9801628452346                                1174.1772852659828                                1173.2756898947955                                1172.0888189490902
100                                               606.7630354194051                                 731.1226395930489                                 1178.0277440090458                                1181.5316300219893                                1180.578474163406                                 1179.6436236338286                                1178.433669662788
105                                               626.238066616029                                  748.7335621374626                                 1185.551338102464                                 1188.6668055596342                                1187.5645561912665                                1186.5955224617487                                1185.3609163751566
110                                               644.2303122817746                                 765.7692987047916                                 1193.4507872753015                                1196.2289687699104                                1194.9908503214092                                1193.9887901192014                                1192.7289861798208
115                                               660.7808817339534                                 782.5437356635413                                 1201.7342754043007                                1204.2202968778583                                1202.858061112348                                 1201.8240673510604                                1200.53867550132
120                                               676.1162768995013                                 800.7863074085054                                 1210.44689357764                                  1212.6527858420413                                1211.1700705030617                                1210.1048844993065                                1208.794372437164
125                                               690.1119996092284                                 819.5464197491661                                 1219.563857202972                                 1221.5198420104803                                1219.9247447620528                                1218.829301089881                                 1217.493665042723
130                                               702.7527706791379                                 838.7488980583934                                 1229.0370553903467                                1230.7672307269413                                1229.0658386286223                                1227.94069731101                                  1226.5797360700003
135                                               713.9793166132671                                 858.102112694267                                  1238.6798485494628                                1240.1845560908223                                1238.375156338273                                 1237.219424378733                                 1235.832170808329
140                                               723.8255387498858                                 877.7728605527617                                 1248.59898476026                                  1249.892153548532                                 1247.977494451441                                 1246.7911099045918                                1245.3770349392512
145                                               732.6458743898071                                 897.5469151008687                                 1258.7029276607318                                1259.7919621563988                                1257.7729669870319                                1256.555621160163                                 1255.1141353301605
150                                               741.4476943219987                                 916.8154082790448                                 1268.7315154197136                                1269.605276118039                                 1267.4776810834537                                1266.2283639861857                                1264.758706142893
155                                               749.6277698120883                                 935.9429394115713                                 1278.8405368429403                                1279.4989886436342                                1277.2616360433176                                1275.9797576328315                                1274.4812694315228
160                                               758.0240556498255                                 954.8533276773736                                 1288.94538240581                                  1289.38768768729                                  1287.0397139894321                                1285.724913070821                                 1284.197209704385
165                                               768.4162456842297                                 973.3847761151648                                 1298.8663538091487                                1299.0899705115653                                1296.6311369558125                                1295.2835383737806                                1293.7268159891391
170                                               779.6793406585367                                 991.6395615639047                                 1308.717043878556                                 1308.720507369946                                 1306.1501802586786                                1304.7696016173331                                1303.183689122483
175                                               793.0155452300966                                 1009.6909581437784                                1318.4611057054176                                1318.2453831029866                                1315.5640212321491                                1314.1505652070318                                1312.535521276211
180                                               810.3443845736459                                 1027.6559605091438                                1328.0405052389756                                1327.6104463630209                                1324.8202528812317                                1323.3744773131398                                1321.7307274816558
185                                               830.370335120599                                  1045.4556067718654                                1337.4944107493438                                1336.8522449109714                                1333.9542456704894                                1332.4764012006472                                1330.8041234023844
190                                               852.9894987787121                                 1063.1254524662604                                1346.7618636844154                                1345.910167519086                                 1342.9059811955822                                1341.3965245519857                                1339.6960829183645
195                                               878.077916451224                                  1080.7079183127048                                1355.7701354031128                                1354.7118999332365                                1351.6038524901974                                1350.0634862795696                                1348.3354670912076
200                                               905.726376074137                                  1098.1719352751425                                1364.5724925343825                                1363.310405284385                                 1360.1003046660267                                1358.5295514129302                                1356.774378247846
202.50350746131278                                920.5318132769986                                 1106.8716931775116                                1368.9024834169968                                1367.5393369840922                                1364.278817436346                                 1362.6930456591258                                1360.9244355963742
