% Model:              batchmodel_BILLETTA_r_0.0445341_COIL_kr_1.6756_COIL_kw_3.2356_FUNZ_freq_7167.5_FUNZ_I_eff_61.5962.mph
% Version:            COMSOL 5.6.0.401
% Date:               Jan 27 2022, 14:06
% Table:              Tabella delle sonde 1 - 
% Tempo (s)                                       Temperatura (degC), Punto: (0, 0.5)               Temperatura (degC), Punto: (0.5*BILLETTA_r, 0.5)  Temperatura (degC), Punto: (BILLETTA_r-10*FUNZ_depth_billetta, 0.5)Temperatura (degC), Punto: (BILLETTA_r-5*FUNZ_depth_billetta, 0.5)Temperatura (degC), Punto: (BILLETTA_r-2*FUNZ_depth_billetta, 0.5)Temperatura (degC), Punto: (BILLETTA_r-FUNZ_depth_billetta, 0.5)Temperatura (degC), Punto: (BILLETTA_r-0.01[mm], 0.5)
0                                                 20                                                20                                                20.00000000003638                                 20.00017238271556                                 20.16890615312866                                 20.394060857356806                                20.62072985225734
5                                                 20.625759806867904                                34.84420775376367                                 370.8592008905616                                 432.8911889176844                                 469.42046030217284                                477.486195205856                                  480.6025286194807
10                                                33.45581214340723                                 98.51751491335182                                 647.7816238453848                                 741.0802032365921                                 792.4328013564767                                 802.3798056034235                                 805.809918595559
15                                                71.07902569974067                                 183.12537782520593                                891.8735680126332                                 1006.7235803645796                                1051.264380420033                                 1057.9573521316602                                1059.5573128911792
20                                                125.9968109262744                                 267.95867520085994                                997.8889904070935                                 1066.5710463570717                                1085.9623530158774                                1088.1311222491463                                1088.0444238993732
25                                                188.4274693296528                                 346.57157959985716                                1040.65466548004                                  1084.2456423243316                                1095.540608216033                                 1096.5118992541566                                1096.005128248211
30                                                252.37667327368                                   415.8357501304712                                 1064.336376926275                                 1095.368812590149                                 1102.7900817323193                                1103.1481849296042                                1102.4170004403845
35                                                313.9128748564882                                 475.8447290162759                                 1078.7700487153334                                1103.0460456947058                                1108.4532440017501                                1108.5077692525265                                1107.6642136725745
40                                                370.31330199923025                                528.3256962552585                                 1091.2706212452163                                1110.330585182442                                 1114.140873135234                                 1113.9479242896978                                1113.0099409653722
45                                                421.56198235451643                                573.763317311856                                  1101.8504636467032                                1117.084852321816                                 1119.7023771096638                                1119.3194460545355                                1118.3062084504609
50                                                467.8122085446431                                 613.5746285027968                                 1110.8256869148504                                1123.1878964387201                                1124.9156960845598                                1124.390156553166                                 1123.3185405929034
55                                                509.461529941408                                  648.2665798603306                                 1118.570352320929                                 1128.8607012328698                                1129.9436619349376                                1129.3125818747244                                1128.1954559452056
60                                                547.0570535467372                                 679.0424264648433                                 1125.6825331344035                                1134.3288638677668                                1134.8972712698765                                1134.1806271289202                                1133.0248912653042
65                                                580.9018332693066                                 706.4065576873484                                 1132.4333443301084                                1139.743251944436                                 1139.8880251781047                                1139.0992375997384                                1137.9092833639397
70                                                611.1273555003456                                 730.6752007861544                                 1138.940507293738                                 1145.1641624404947                                1144.9581066248952                                1144.1077426287534                                1142.8869013054205
75                                                638.7327348233298                                 755.8822701891942                                 1145.8266133235147                                1151.0422450246788                                1150.5052386323237                                1149.5952235164823                                1148.343087005408
80                                                663.4130480120258                                 780.850274009271                                  1152.892709918916                                 1157.239716964366                                 1156.4105769773328                                1155.445902287484                                 1154.163345686873
85                                                685.1682950664333                                 805.5792122463844                                 1160.1387970799415                                1163.7565782595552                                1162.6741216599216                                1161.6597789417601                                1160.347677349816
90                                                704.419901815389                                  830.4058245054024                                 1167.699190073739                                 1170.6891063304247                                1169.3816837962722                                1168.3210349468409                                1166.9794847297871
95                                                721.3425090872541                                 855.4696572486245                                 1175.6295497732544                                1178.077198988788                                 1176.5688239130222                                1175.4645554953645                                1174.093330309263
100                                               735.7020054630301                                 880.5836441376015                                 1183.8552610608745                                1185.8673719868534                                1184.187872026986                                 1183.0435759102083                                1181.6428820140509
105                                               748.09760064106                                   905.6338556703025                                 1192.3993813533689                                1194.0716503483732                                1192.2476647609947                                1191.0665028239791                                1189.63645061452
110                                               764.8668015192098                                 929.4153230236485                                 1201.5057760925656                                1202.8172160451832                                1200.8416621479937                                1199.6222485027447                                1198.1619344952965
115                                               782.2937240646021                                 952.6345581560405                                 1211.0314591301162                                1212.0294981985398                                1209.9150655661074                                1208.6586808265515                                1207.167796007709
120                                               800.3783682772363                                 975.2915610674796                                 1220.9764304660212                                1221.7084968084441                                1219.4678750153353                                1218.1757997953982                                1216.6540351517583
125                                               825.5760947256271                                 996.8681439724206                                 1231.4907190688696                                1231.9640489434287                                1229.596333090241                                 1228.2674583425069                                1226.7134007935947
130                                               854.6419384257673                                 1018.0406686793143                                1242.1690992130107                                1242.369071168304                                 1239.8687000432706                                1238.5018737490213                                1236.9148256364624
135                                               883.7077821259073                                 1039.2131933862079                                1252.8474793571513                                1252.774093393179                                 1250.1410669963007                                1248.7362891555358                                1247.1162504793306
140                                               912.6435306962356                                 1060.130596063681                                 1263.5446923264853                                1263.1996208957316                                1260.4341082769229                                1258.9912651000186                                1257.3380320248725
145                                               940.9031131843827                                 1079.7220085725685                                1274.3397884190817                                1273.7317240502061                                1270.8346038420386                                1269.353103910354                                 1267.6656170075826
150                                               969.1626956725298                                 1099.3134210814565                                1285.1348845116781                                1284.2638272046797                                1281.2350994071535                                1279.7149427206896                                1277.993201990293
155                                               997.4222781606771                                 1118.9048335903435                                1295.9299806042745                                1294.7959303591538                                1291.6355949722692                                1290.0767815310255                                1288.3207869730031
160                                               1022.157214551933                                 1136.880277076882                                 1306.3561383568604                                1304.9730096948665                                1301.6854898352258                                1300.0886886198132                                1298.2986475487755
165                                               1045.3086183832452                                1154.129707371626                                 1316.6165416314202                                1314.990585987974                                 1311.5778688477549                                1309.943380413903                                 1308.1193859709556
170                                               1068.4600222145577                                1171.3791376663698                                1326.8769449059791                                1325.0081622810817                                1321.4702478602849                                1319.7980722079928                                1317.9401243931356
175                                               1091.6114260458698                                1188.6285679611128                                1337.137348180539                                 1335.0257385741888                                1331.362626872814                                 1329.6527640020827                                1327.7608628153157
180                                               1114.762829877182                                 1205.8779982558567                                1347.397751455098                                 1345.0433148672964                                1341.255005885343                                 1339.5074557961725                                1337.5816012374958
185                                               1134.6025060758384                                1221.0737282126474                                1356.0401718613448                                1353.4693406329593                                1349.5729616656422                                1347.792941328526                                 1345.8376917046785
190                                               1152.9543084875068                                1235.3467835904548                                1363.95567430676                                  1361.1803238066218                                1357.1835697058182                                1355.3734229710085                                1353.3908262116101
195                                               1171.3061108991747                                1249.6198389682618                                1371.8711767521759                                1368.8913069802848                                1364.7941777459937                                1362.953904613491                                 1360.9439607185418
200                                               1189.657913310843                                 1263.8928943460692                                1379.7866791975912                                1376.6022901539468                                1372.4047857861697                                1370.5343862559735                                1368.497095225474
205                                               1208.009715722511                                 1278.165949723876                                 1387.7021816430065                                1384.3132733276093                                1380.015393826346                                 1378.114867898456                                 1376.0502297324051
206.54999723612315                                1213.698764325704                                 1282.5905890012027                                1390.1559830255906                                1386.7036738490033                                1382.3746781118434                                1380.4648130173218                                1378.391697254367
