% Model:              batchmodel_BILLETTA_r_0.0445341_COIL_kr_1.6756_COIL_kw_5.3284_FUNZ_freq_2540.9_FUNZ_I_eff_85.0125.mph
% Version:            COMSOL 5.6.0.401
% Date:               Jan 27 2022, 14:57
% Table:              Tabella delle sonde 1 - 
% Tempo (s)                                       Temperatura (degC), Punto: (0, 0.5)               Temperatura (degC), Punto: (0.5*BILLETTA_r, 0.5)  Temperatura (degC), Punto: (BILLETTA_r-10*FUNZ_depth_billetta, 0.5)Temperatura (degC), Punto: (BILLETTA_r-5*FUNZ_depth_billetta, 0.5)Temperatura (degC), Punto: (BILLETTA_r-2*FUNZ_depth_billetta, 0.5)Temperatura (degC), Punto: (BILLETTA_r-FUNZ_depth_billetta, 0.5)Temperatura (degC), Punto: (BILLETTA_r-0.01[mm], 0.5)
0                                                 20                                                20                                                20.00000000003388                                 20.000150545594806                                20.10651361463505                                 20.21561543740529                                 20.335433764884385
5                                                 20.615191573710774                                33.38402393424133                                 270.42640333503005                                348.3701170392758                                 395.99766250072446                                406.07012147849684                                409.889500750735
10                                                30.854114220865654                                91.38170381063532                                 527.4202319578491                                 646.9086259666984                                 709.0181705022137                                 721.0567930587706                                 725.2018385165826
15                                                61.50790637576955                                 172.37692467850633                                728.9068116300817                                 882.6946461737674                                 961.6051523124567                                 975.3489102599971                                 979.284881077543
20                                                114.10585158378018                                258.9597057653971                                 919.6078445974678                                 1066.1451410421182                                1108.2824227791302                                1112.8605154530715                                1112.8423236085855
25                                                178.71492672729647                                341.4120277136277                                 1019.6266040354448                                1107.6067328317658                                1127.9738821714404                                1129.4664507266903                                1128.3860175123532
30                                                245.4131420069565                                 415.98051679051935                                1065.8466309822807                                1123.0604099115048                                1134.9276083035897                                1135.2116977761593                                1133.711975576408
35                                                309.38337943727925                                481.51124416658695                                1091.442384511451                                 1132.0593790519429                                1139.3911676238054                                1139.0237898804344                                1137.2955049616871
40                                                369.2067895035143                                 538.5109859061213                                 1107.438124293647                                 1137.9282569682423                                1142.6067966031655                                1141.8635115877983                                1140.001843357284
45                                                423.79879841004345                                588.5685183671364                                 1120.053428327904                                 1143.2875863796303                                1146.0261097461607                                1145.003246567031                                 1143.0386353976287
50                                                472.9585765531614                                 632.458795610925                                  1130.3670213742553                                1148.4389554976815                                1149.7700479014484                                1148.5394924448296                                1146.494071833029
55                                                517.7255789928047                                 671.5292273761756                                 1139.2434281705828                                1153.4135401125254                                1153.6727157224386                                1152.2805325010909                                1150.168675004085
60                                                558.2246285375579                                 705.9765106656366                                 1146.8482431574307                                1158.2340517765024                                1157.7216475102223                                1156.209172036602                                 1154.043759852982
65                                                594.755234216252                                  738.066105552861                                  1154.0237734255397                                1163.1834356359982                                1162.0426211832546                                1160.4286760382224                                1158.2147734427526
70                                                627.3465188390848                                 767.952699733792                                  1160.835646709268                                 1168.2808486581685                                1166.6421726460262                                1164.943799737759                                 1162.6858659683767
75                                                656.3387491198063                                 799.0123608981913                                 1167.6618338065864                                1173.6727619406975                                1171.606770322965                                 1169.8324985068411                                1167.5318851428983
80                                                681.7305485653121                                 831.2325974749241                                 1174.500516760691                                 1179.3585254734367                                1176.9360719287042                                1175.0944736328188                                1172.7525477690874
85                                                703.2744797803175                                 863.0655002906832                                 1181.6223043056889                                1185.505699678663                                 1182.7695336209335                                1180.8648177602904                                1178.4809568359533
90                                                720.9826648849235                                 894.5769550807496                                 1189.005420127823                                 1192.10202001463                                  1189.0974572886998                                1187.134220467116                                 1184.7079675404416
95                                                736.9142773275147                                 924.6065034822062                                 1196.9040311287504                                1199.319415189806                                 1196.0702347615138                                1194.0497790922163                                1191.5789462510097
100                                               750.8256423168017                                 953.3065294707013                                 1205.2832404146375                                1207.1347902159987                                1203.6678774085335                                1201.5919791691472                                1199.0746197477447
105                                               768.0465906687413                                 980.7398069091795                                 1214.2805660345653                                1215.6275697023657                                1211.9549740787206                                1209.8247136536256                                1207.2609532621664
110                                               787.6270489035511                                 1006.914546260249                                 1223.8679195730492                                1224.781163588334                                 1220.9178826812781                                1218.7345197770537                                1216.1241566150297
115                                               814.8065441598368                                 1032.1515728462532                                1234.0850577497167                                1234.5857507709738                                1230.5294252390563                                1228.2900034064742                                1225.6291248180733
120                                               848.3399140827256                                 1056.3801882733874                                1244.9207884385178                                1245.0421307188099                                1240.7945093955573                                1238.49702526605                                  1235.7825169191847
125                                               885.2066167653333                                 1079.8094139681507                                1256.2742702867108                                1256.0045848793457                                1251.5551220438874                                1249.1958199075107                                1246.4239380999347
130                                               926.1547921746075                                 1102.3791056289065                                1268.1721015889798                                1267.512454475826                                 1262.8541393867977                                1260.429786992453                                 1257.5970003682842
135                                               964.7150501049083                                 1124.3696824728231                                1280.3399926735865                                1279.2612688243653                                1274.3814506047438                                1271.8890047094633                                1268.9930082594528
140                                               1002.7571838404                                   1145.6605132398176                                1292.8568359707774                                1291.33954972551                                  1286.2274109092323                                1283.6637855760177                                1280.7019036675733
145                                               1031.200389962837                                 1165.0487379112624                                1305.1365433065635                                1303.1601744511754                                1297.808424197251                                 1295.1722016748267                                1292.1435665780132
150                                               1059.643596085274                                 1184.436962582707                                 1317.416250642349                                 1314.9807991768403                                1309.3894374852703                                1306.6806177736362                                1303.585229488454
155                                               1088.0868022077111                                1203.8251872541518                                1329.6959579781346                                1326.8014239025056                                1320.970450773289                                 1318.1890338724452                                1315.0268923988938
160                                               1116.1481060294632                                1223.0486561390348                                1341.8273705926163                                1338.4772962896864                                1332.4095457111366                                1329.5563598954004                                1326.3281539740237
165                                               1139.4231549819624                                1240.207295395362                                 1352.1002546497893                                1348.3390356285277                                1342.0700250362374                                1339.1554507929145                                1335.8698121805087
170                                               1162.698203934462                                 1257.3659346516897                                1362.373138706963                                 1358.200774967369                                 1351.7305043613378                                1348.7545416904286                                1345.4114703869932
175                                               1185.9732528869613                                1274.524573908017                                 1372.646022764136                                 1368.0625143062102                                1361.3909836864386                                1358.3536325879427                                1354.9531285934781
177.38432994901754                                1197.0723321434198                                1282.7069454006669                                1377.5448117881965                                1372.7652423972113                                1365.9977377217788                                1362.9311125699996                                1359.50322087848
