% Model:              batchmodel_BILLETTA_r_0.0445341_COIL_kr_1.4848_COIL_kw_5.8583_FUNZ_freq_7167.5_FUNZ_I_eff_61.5962.mph
% Version:            COMSOL 5.6.0.401
% Date:               Jan 27 2022, 13:46
% Table:              Tabella delle sonde 1 - 
% Tempo (s)                                       Temperatura (degC), Punto: (0, 0.5)               Temperatura (degC), Punto: (0.5*BILLETTA_r, 0.5)  Temperatura (degC), Punto: (BILLETTA_r-10*FUNZ_depth_billetta, 0.5)Temperatura (degC), Punto: (BILLETTA_r-5*FUNZ_depth_billetta, 0.5)Temperatura (degC), Punto: (BILLETTA_r-2*FUNZ_depth_billetta, 0.5)Temperatura (degC), Punto: (BILLETTA_r-FUNZ_depth_billetta, 0.5)Temperatura (degC), Punto: (BILLETTA_r-0.01[mm], 0.5)
0                                                 20                                                20                                                20.000000000035755                                20.000169035398073                                20.168687052929386                                20.39313525829698                                 20.61824308123761
5                                                 20.64042331951589                                 34.95432580593996                                 376.97403038382527                                439.9797311559969                                 476.5480087666682                                 484.3341441715904                                 487.31169823926814
10                                                30.821471507310036                                97.56147028206806                                 654.2272825742565                                 745.9630503394375                                 795.660586593567                                  805.3314732630248                                 808.6703096241391
15                                                64.23755040933048                                 181.81438042664792                                906.2876990697715                                 1022.9756326594517                                1067.067585580704                                 1073.6482844537231                                1075.179331476294
20                                                119.84591440830314                                268.55242299563827                                1007.935316579447                                 1071.476839690361                                 1088.82154656373                                  1090.669171875205                                 1090.4665511621647
25                                                185.71280586830852                                348.3867095843149                                 1041.2108409362672                                1083.918903994298                                 1095.2214105350472                                1096.1893094671518                                1095.6805981351545
30                                                251.58095390155154                                417.9628222846919                                 1065.320006128868                                 1095.6983419828016                                1102.9219056592929                                1103.253000728223                                 1102.512922267761
35                                                313.8138052027971                                 478.47311420585095                                1081.2842046221272                                1104.4026862143355                                1109.4030360351744                                1109.3911972708265                                1108.5228768349307
40                                                370.85797292298685                                530.7491326838525                                 1093.4591620320239                                1111.6634996452362                                1115.1922363030276                                1114.953215240636                                 1113.9973200970926
45                                                422.5892348014106                                 576.5398639194113                                 1103.7522398365782                                1118.250592079331                                 1120.6461608962964                                1120.228763474539                                 1119.202102672556
50                                                469.1833034993068                                 615.8666907386145                                 1111.9815788013398                                1124.0919631495572                                1125.7440270281336                                1125.2059273221303                                1124.1284879848636
55                                                511.2583826441655                                 650.8803506955092                                 1119.7577133582276                                1129.7723647626408                                1130.7711331460296                                1130.126319321318                                 1129.0029762997478
60                                                548.9774658944611                                 681.5020031031297                                 1126.835639763256                                 1135.2459809383681                                1135.7392355196716                                1135.0098688797011                                1133.8481747053029
65                                                582.9284452370946                                 708.7715234350708                                 1133.7074009662547                                1140.7631949480692                                1140.8252876325755                                1140.022303842918                                 1138.8256698703663
70                                                613.2799052468855                                 733.4713442365017                                 1140.404735292776                                 1146.3519942317748                                1146.0553086424934                                1145.1891836811665                                1143.960791920007
75                                                640.1899567479727                                 756.0718102333227                                 1147.0169131808052                                1152.0624663187637                                1151.4671538553002                                1150.5464311655596                                1149.2887271733216
80                                                664.4430754776544                                 780.2390761502842                                 1153.8943937834674                                1158.1306893161018                                1157.2621450867596                                1156.2898302809735                                1155.002953353011
85                                                685.8565493519478                                 805.1537059211636                                 1160.9531614838725                                1164.5013568845297                                1163.3937415225168                                1162.37423474035                                  1161.0588961625922
90                                                704.408218516424                                  830.7163159499484                                 1168.1830266229704                                1171.1677613099205                                1169.8562985568697                                1168.7941690703215                                1167.4511495013862
95                                                721.0626917463554                                 856.1742028247958                                 1175.7576580693776                                1178.2570235253493                                1176.7628171525425                                1175.6602979463983                                1174.2892998686984
100                                               736.714277705605                                  880.8295197089523                                 1183.8380678082922                                1185.8869999662156                                1184.2180628295891                                1183.0752208686336                                1181.6749471652183
105                                               750.5440399782273                                 905.3212989750908                                 1192.2768139290974                                1193.949767126126                                 1192.1260996958786                                1190.9449854129398                                1189.5150543200853
110                                               762.5519785642219                                 929.649540623211                                  1201.0738964317916                                1202.4453250050815                                1200.4869277514122                                1199.2695915793183                                1197.8096213332992
115                                               780.712306099905                                  952.72666967977                                   1210.42495091408                                  1211.4699805597165                                1209.3695303199397                                1208.1150582328937                                1206.6248319903898
120                                               800.8726109430739                                 975.1190190465699                                 1220.2281040537196                                1220.9735838697575                                1218.7379857161832                                1217.447007370889                                 1215.9262224095805
125                                               822.8727324441187                                 996.848432474486                                  1230.4794265443502                                1230.954200627024                                 1228.5909084222935                                1227.2641130160823                                1225.7124633012518
130                                               847.1812521510509                                 1018.0726589649684                                1240.9864704046054                                1241.1980307589529                                1238.7076631712875                                1237.3445754852783                                1235.7612800005181
135                                               874.1973861877378                                 1038.926095497944                                 1251.5852762607224                                1251.5229236097757                                1248.9002759457326                                1247.4994287165919                                1245.8833017766565
140                                               903.543204267978                                  1059.2815110172219                                1262.4310613229945                                1262.1013177293162                                1259.3466981608126                                1257.907563274759                                 1256.2578022866696
145                                               935.2187063917721                                 1079.138905522801                                 1273.5238255914219                                1272.9332131175756                                1270.0469298165276                                1268.5689791597815                                1266.8847815305576
150                                               964.0415302661175                                 1098.7417171372222                                1284.3753708114864                                1283.5208709648823                                1280.50220154121                                  1278.9853185369384                                1277.2666072383968
155                                               992.8031374815324                                 1117.958818754676                                 1295.2486632906352                                1294.1323965658394                                1290.9811737381315                                1289.425020136543                                 1287.671327317522
160                                               1021.5530815655874                                1136.7878826301999                                1306.1483711597903                                1304.7725492777508                                1301.488615618785                                 1299.8928492349896                                1298.1037001065092
165                                               1047.033488514804                                 1154.4011368106226                                1316.6106106929496                                1314.9867235154952                                1311.5749963764833                                1309.9407763109425                                1308.1170012207986
170                                               1069.1789123590333                                1171.0696749333706                                1326.6050850633605                                1324.7431810867383                                1321.208810965949                                 1319.5375861695434                                1317.6803999309268
175                                               1091.324336203263                                 1187.7382130561186                                1336.599559433771                                 1334.499638657981                                 1330.8426255554155                                1329.1343960281442                                1327.243798641055
180                                               1113.4697600474929                                1204.4067511788662                                1346.5940338041814                                1344.2560962292246                                1340.476440144881                                 1338.731205886746                                 1336.8071973511833
185                                               1135.6151838917226                                1221.0752893016142                                1356.5885081745923                                1354.0125538004677                                1350.1102547343467                                1348.3280157453469                                1346.3705960613115
190                                               1155.3000572862666                                1236.1818488682993                                1365.1386644548088                                1362.3486218348185                                1358.3389846934456                                1356.5244073324516                                1354.5377559931821
195                                               1172.4683695735912                                1249.6908738325124                                1372.211624958486                                 1369.2319673427514                                1365.1306454253768                                1363.288502273765                                 1361.276893912252
200                                               1189.6366818609154                                1263.1998987967258                                1379.2845854621628                                1376.1153128506844                                1371.9223061573084                                1370.052597215078                                 1368.0160318313224
205                                               1206.80499414824                                  1276.708923760939                                 1386.35754596584                                  1382.998658358617                                 1378.7139668892396                                1376.8166921563907                                1374.7551697503927
210                                               1223.9733064355642                                1290.217948725152                                 1393.4305064695168                                1389.88200386655                                  1385.5056276211708                                1383.5807870977037                                1381.494307669463
212.52813411799923                                1232.6540656439743                                1297.0484741077385                                1397.0067850224386                                1393.3624079914662                                1388.939673464025                                 1387.0008949374078                                1384.9017965692833
