% Model:              batchmodel_BILLETTA_r_0.0445341_COIL_kr_2.7711_COIL_kw_5.3284_FUNZ_freq_4639.7_FUNZ_I_eff_61.5962.mph
% Version:            COMSOL 5.6.0.401
% Date:               Jan 27 2022, 19:55
% Table:              Tabella delle sonde 1 - 
% Tempo (s)                                       Temperatura (degC), Punto: (0, 0.5)               Temperatura (degC), Punto: (0.5*BILLETTA_r, 0.5)  Temperatura (degC), Punto: (BILLETTA_r-10*FUNZ_depth_billetta, 0.5)Temperatura (degC), Punto: (BILLETTA_r-5*FUNZ_depth_billetta, 0.5)Temperatura (degC), Punto: (BILLETTA_r-2*FUNZ_depth_billetta, 0.5)Temperatura (degC), Punto: (BILLETTA_r-FUNZ_depth_billetta, 0.5)Temperatura (degC), Punto: (BILLETTA_r-0.01[mm], 0.5)
0                                                 20                                                20                                                20.000000000012562                                20.000052087703466                                20.106592137495056                                20.254243529458506                                20.415409259513808
5                                                 20.596678100829592                                32.51756480829158                                 269.31238280134653                                320.762485461049                                  352.21981671556523                                359.1980623342937                                 361.9373805118554
10                                                29.389609598217646                                82.48032857387392                                 489.3112315019413                                 565.6827282268838                                 608.3631990089212                                 617.0828852347726                                 620.2736941902434
15                                                56.28755655219504                                 154.28746484266526                                674.4634824865975                                 769.1511393273253                                 821.5449383734918                                 831.8728867899462                                 835.3307763336717
20                                                103.20577680841103                                232.31277889204392                                851.668219230082                                  976.1735329120048                                 1028.442268897712                                 1036.8040042848465                                1038.9192407540554
25                                                161.70457764557113                                308.8200156855587                                 969.8840049416254                                 1057.4127871836622                                1083.4402086192135                                1086.3546949400247                                1086.300381407861
30                                                224.27347807945307                                379.9908252581739                                 1015.1551471291478                                1073.2129666111127                                1088.5058129666204                                1089.879210580999                                 1089.3042536338198
35                                                285.40002202117205                                443.5687328840937                                 1039.908254198081                                 1082.5878858575943                                1093.4233052158074                                1094.150636363383                                 1093.349176182795
40                                                342.4417663505517                                 498.94871321155665                                1059.3602658474088                                1091.6460130861533                                1098.9798673264395                                1099.1539896695904                                1098.150002703505
45                                                395.2538347457365                                 547.324216510705                                  1071.985838269401                                 1097.6281272157707                                1102.9928824718845                                1102.8692600982345                                1101.7553925272227
50                                                443.25681978674686                                590.3770524349062                                 1083.2980785352484                                1103.6255045715316                                1107.368146857576                                 1106.994033422056                                 1105.7851421766263
55                                                486.5580926905301                                 627.7875227883267                                 1092.4016717089262                                1109.2058050781388                                1111.8601385377642                                1111.3133580402532                                1110.035419465229
60                                                526.3185610776198                                 661.4439508992378                                 1100.447769399717                                 1114.222189103115                                 1115.9401951316909                                1115.2444269750044                                1113.9062979110586
65                                                562.241765808274                                  690.8641186311128                                 1107.1424038450136                                1118.7121548507562                                1119.743320313929                                 1118.9360707208516                                1117.550979789307
70                                                594.5930220972726                                 717.0623005922163                                 1112.9888993358622                                1122.8704019573288                                1123.3712643016952                                1122.4762213273711                                1121.0525500806511
75                                                623.6687546300792                                 741.0165062880257                                 1118.485614898521                                 1126.853667751217                                 1126.8784309044759                                1125.9042287414636                                1124.4451922204094
80                                                649.3565794678299                                 762.5603838790524                                 1123.3996572733981                                1130.6101949456956                                1130.2668966430392                                1129.2299691070098                                1127.741378268353
85                                                672.2378300971915                                 785.0049378188229                                 1128.4089300625487                                1134.4996070852048                                1133.7980419239402                                1132.6995554675664                                1131.1814300735914
90                                                692.0521335080306                                 806.867204858352                                  1133.2098075408144                                1138.36083265584                                  1137.354797277063                                 1136.2027564405394                                1134.6577100671752
95                                                708.982679558657                                  829.0640372472393                                 1138.1201993883265                                1142.4082494554614                                1141.1184505647593                                1139.9153852461673                                1138.343706312009
100                                               723.0241453220302                                 851.5687941131308                                 1143.1308681393825                                1146.635628332588                                 1145.0837341260708                                1143.8323332995515                                1142.234377785027
105                                               735.1101341097257                                 873.8248001593139                                 1148.2490114398229                                1151.0573408195942                                1149.2673882317654                                1147.9706771330207                                1146.3468623615568
110                                               746.7435021763077                                 895.2174444329281                                 1153.5730418964258                                1155.7545590184768                                1153.7451927975371                                1152.4052179687342                                1150.7554188359272
115                                               757.2530478655459                                 916.0743595121259                                 1159.049477535249                                 1160.682606342497                                 1158.4752713249509                                1157.0945960359745                                1155.4189777837664
120                                               770.8041627543743                                 935.9970001364428                                 1164.717063683821                                 1165.8595920492771                                1163.4704108134338                                1162.050841215099                                 1160.349246636716
125                                               785.6517650331515                                 955.1523359824411                                 1170.5595680708116                                1171.2779293044277                                1168.7252541771782                                1167.2689136136996                                1165.5413205915615
130                                               803.837837129718                                  973.7524227488385                                 1176.6166136993065                                1176.954005275708                                 1174.2491747906656                                1172.7570918475444                                1171.0030499124605
135                                               825.9128430547399                                 991.8544249972939                                 1182.8988818743474                                1182.892237506564                                 1180.0446994657036                                1178.517607610685                                 1176.7365508212933
140                                               850.3479126428175                                 1009.437389626724                                 1189.4119868190892                                1189.0942537383016                                1186.1125082541494                                1184.5510865143528                                1182.7425242125237
145                                               874.6798747737117                                 1026.6257038880271                                1196.2054582364917                                1195.5786233739195                                1192.462530326547                                 1190.8663669821335                                1189.0296481662904
150                                               900.1384319607538                                 1043.3572692474067                                1203.2545691395767                                1202.3360759078678                                1199.0898086882848                                1197.4590365590384                                1195.5935902767483
155                                               926.7235842039435                                 1059.6320857048636                                1210.5593195283454                                1209.3666113401482                                1205.9943433393619                                1204.3290952450684                                1202.4343505438983
160                                               954.4353315032812                                 1075.4501532603972                                1218.119709402797                                 1216.6702296707585                                1213.1761342797786                                1211.4765430402222                                1209.55192896774
165                                               978.672178541531                                  1090.135086830478                                 1225.8811094977555                                1224.1901998436988                                1220.578335271764                                 1218.8448574321278                                1216.8903803378353
170                                               999.7057825903922                                 1104.2159560065484                                1233.6563363513906                                1231.7261572108423                                1227.9973305401986                                1226.2302368503479                                1224.246206655358
175                                               1020.7393866392534                                1118.2968251826182                                1241.4315632050252                                1239.2621145779863                                1235.4163258086328                                1233.6156162685675                                1231.6020329728808
180                                               1041.772990688115                                 1132.3776943586886                                1249.2067900586603                                1246.7980719451298                                1242.835321077067                                 1241.000995686788                                 1238.9578592904036
185                                               1062.806594736976                                 1146.4585635347585                                1256.9820169122954                                1254.3340293122737                                1250.2543163455016                                1248.386375105008                                 1246.3136856079263
190                                               1080.165231071454                                 1159.156621551016                                 1264.6269714278637                                1261.7604023665353                                1257.5699649133785                                1255.6691923748012                                1253.5669850217519
195                                               1096.77568911328                                  1171.573156198086                                 1272.245404095337                                 1269.16446540055                                  1264.8645733622711                                1262.9311292507896                                1260.799411217165
200                                               1113.3861471551054                                1183.989690845156                                 1279.863836762811                                 1276.568528434565                                 1272.1591818111638                                1270.1930661267775                                1268.0318374125782
205                                               1129.9966051969313                                1196.406225492226                                 1287.4822694302843                                1283.9725914685796                                1279.4537902600568                                1277.4550030027654                                1275.2642636079918
210                                               1146.3552638408146                                1208.6970664085775                                1295.0676972901138                                1291.345369042006                                 1286.7176855486327                                1284.6863282652885                                1282.466128986477
215                                               1160.1614604676702                                1219.7137641932977                                1302.3185591478828                                1298.4010094400105                                1293.6702450049065                                1291.6073470644615                                1289.3582028203637
220                                               1173.9676570945257                                1230.7304619780175                                1309.5694210056513                                1305.4566498380145                                1300.6228044611803                                1298.5283658636345                                1296.2502766542502
225                                               1187.7738537213813                                1241.7471597627368                                1316.8202828634203                                1312.512290236019                                 1307.5753639174545                                1305.4493846628075                                1303.1423504881368
230                                               1201.5800503482374                                1252.7638575474566                                1324.0711447211893                                1319.5679306340235                                1314.5279233737288                                1312.3704034619805                                1310.0344243220234
235                                               1214.9149425066971                                1263.5248165335097                                1331.219132507602                                 1326.5245513655518                                1321.3829249846972                                1319.1941629528415                                1316.829423640983
240                                               1227.0115428658878                                1273.6138547583992                                1338.0968319189637                                1333.2210106745056                                1327.9816059199738                                1325.7623861355169                                1323.3693721725795
245                                               1238.5770911431878                                1283.4147339893498                                1344.858615837412                                 1339.8058975211634                                1334.4703615302678                                1332.2210203759573                                1329.799939981719
250                                               1249.6115873385966                                1292.9274542263597                                1351.5044842629477                                1346.2792119055252                                1340.8491918155787                                1338.5700656741615                                1336.1211270684012
