% Model:              batchmodel_BILLETTA_r_0.0445341_COIL_kr_2.4069_COIL_kw_5.3284_FUNZ_freq_7167.5_FUNZ_I_eff_61.5962.mph
% Version:            COMSOL 5.6.0.401
% Date:               Jan 27 2022, 18:24
% Table:              Tabella delle sonde 1 - 
% Tempo (s)                                       Temperatura (degC), Punto: (0, 0.5)               Temperatura (degC), Punto: (0.5*BILLETTA_r, 0.5)  Temperatura (degC), Punto: (BILLETTA_r-10*FUNZ_depth_billetta, 0.5)Temperatura (degC), Punto: (BILLETTA_r-5*FUNZ_depth_billetta, 0.5)Temperatura (degC), Punto: (BILLETTA_r-2*FUNZ_depth_billetta, 0.5)Temperatura (degC), Punto: (BILLETTA_r-FUNZ_depth_billetta, 0.5)Temperatura (degC), Punto: (BILLETTA_r-0.01[mm], 0.5)
0                                                 20                                                20                                                20.00000000003456                                 20.000163722110926                                20.16799825877189                                 20.39425355820896                                 20.621557798632807
5                                                 20.602370337449997                                34.91772360110508                                 378.99933498319626                                442.76556159971835                                479.60493484640824                                487.4173343316354                                 490.40338747557314
10                                                32.64752330373767                                 99.01446113829127                                 667.62585019106                                   764.1135880695468                                 813.9989612514693                                 823.7299917261338                                 827.1071786215663
15                                                68.99803062409677                                 184.40978976053418                                903.0433830160499                                 1017.0947256238647                                1060.692120120253                                 1067.1466648496853                                1068.634413189916
20                                                125.85282132532302                                269.459353526159                                  1001.2453662649051                                1070.2951515380269                                1089.1718220448165                                1091.2017291461502                                1091.0532660321933
25                                                189.0038615643959                                 346.3003981884309                                 1055.0228598405192                                1103.7996034033354                                1115.3725244624306                                1116.2279093412908                                1115.6260992789344
30                                                251.9105370724236                                 411.95843324749933                                1063.183255842439                                 1095.527916887333                                 1103.3056376193058                                1103.711152350514                                 1102.9940726577647
35                                                311.12612628554075                                469.90204022094736                                1075.0829457747004                                1100.3912460848796                                1106.1332277347856                                1106.2409983597631                                1105.4195783229866
40                                                366.3118894533561                                 521.5060389708652                                 1088.1435050406299                                1108.1340266518591                                1112.2382341842253                                1112.0922007099934                                1111.173703296728
45                                                416.92008612128893                                566.9135115639367                                 1098.6831972671707                                1114.978306948267                                 1117.9150038977523                                1117.5821255661408                                1116.5891948951753
50                                                462.72464201919524                                606.7363236183925                                 1107.3319839410178                                1120.822829300499                                 1122.8877367971409                                1122.4150320065023                                1121.365063203711
55                                                504.4732954356301                                 642.2155619327607                                 1115.0953337228752                                1126.3867315309212                                1127.7693388345415                                1127.1856401595646                                1126.0885431493675
60                                                542.7476353292894                                 674.5795341039272                                 1123.0413102674142                                1132.3140791540163                                1133.0680123853244                                1132.3810967325353                                1131.2387564757873
65                                                577.3193488964724                                 703.346046742456                                  1130.7506267159647                                1138.3520331136438                                1138.584253818216                                 1137.8101638608136                                1136.6276156566005
70                                                608.4901823226825                                 729.8132104670874                                 1138.2353993787992                                1144.4690769701388                                1144.2686192586248                                1143.4202266466764                                1142.2014042121118
75                                                636.5712334027863                                 755.3193664744455                                 1145.508120070524                                 1150.6327175376614                                1150.0701324851625                                1149.1570395703943                                1147.9047409007862
80                                                661.3115923386221                                 778.7851020362567                                 1152.5587137641432                                1156.869161555171                                 1156.0299073650144                                1155.0643532873269                                1153.7822923720346
85                                                683.0666212156411                                 802.5650400249618                                 1159.6844246022965                                1163.3178126259613                                1162.241550697911                                 1161.2289128915704                                1159.918284331321
90                                                701.9302980723078                                 827.2818772558188                                 1166.9638609188887                                1170.0155370273565                                1168.729817469784                                 1167.6736587420528                                1166.3349908672785
95                                                717.7678194365787                                 852.0424083151073                                 1174.2842657707547                                1176.909453232291                                 1175.459198766972                                 1174.3656848526093                                1173.0004617015943
100                                               732.4242751229543                                 876.4607455324518                                 1182.169601317491                                 1184.3689832727337                                1182.7520862702509                                1181.6198009729806                                1180.2262088945995
105                                               745.5130883451394                                 900.6177387474164                                 1190.5100888338543                                1192.3167271322827                                1190.5409335984618                                1189.3700492617686                                1187.946965525287
110                                               756.9050201198587                                 924.5471398804019                                 1199.2359077638348                                1200.7032582289585                                1198.7825630907514                                1197.574281995764                                 1196.1210559124593
115                                               772.5917352307887                                 947.3149256600992                                 1208.4764795013698                                1209.6103673969155                                1207.5462893953818                                1206.3008717532612                                1204.8175858949344
120                                               789.6844479525863                                 969.371420527329                                  1218.1694055831176                                1218.998620488434                                 1216.7986935589079                                1215.5168537848422                                1214.0032371934162
125                                               808.8598835608544                                 990.7735419367842                                 1228.2705476952165                                1228.8195509031493                                1226.4898145148886                                1225.1720022722802                                1223.6276723880692
130                                               833.171563595596                                  1011.7781129748431                                1238.5807448236228                                1238.8544675214616                                1236.3942178100233                                1235.0396881485708                                1233.463758842835
135                                               860.9666673014286                                 1032.2461195484111                                1249.207799534444                                 1249.2217442329138                                1246.6339273889648                                1245.242581983025                                 1243.6344397006328
140                                               891.1588425304316                                 1052.3421493946885                                1260.014644026562                                 1259.7752564498705                                1257.0603208509647                                1255.631716531897                                 1253.990653078658
145                                               922.0475712703054                                 1072.3238394247333                                1270.786719636701                                 1270.2862684959755                                1267.4407525755487                                1265.973906375782                                 1264.299065414542
150                                               954.7422956760223                                 1092.023103650783                                 1281.6640074906304                                1280.904010782116                                 1277.9270038767959                                1276.421285001265                                 1274.7119068454485
155                                               986.4737922564901                                 1111.451033763498                                 1292.5091118661785                                1291.4887197889402                                1288.3795217716315                                1286.8346103101967                                1285.0903254120594
160                                               1015.8991365581686                                1130.6130086362928                                1303.2554032277712                                1301.9726177265907                                1298.7306305689663                                1297.1463573739566                                1295.366985382107
165                                               1044.374275688559                                 1149.5035972355527                                1313.9701572332438                                1312.4241396420784                                1309.0486622269664                                1307.4247059262639                                1305.6098754582763
170                                               1070.7219152918624                                1167.9503088009988                                1324.5926625253624                                1322.7870190946905                                1319.2793067879006                                1317.6158692481686                                1315.7656452477831
175                                               1095.0345212479                                   1185.966690929994                                 1335.127687435032                                 1333.0656753071298                                1329.4268298103348                                1327.7240718025378                                1325.8384849440017
180                                               1117.554214175088                                 1203.5882178175384                                1345.5877177703146                                1343.2716799524915                                1339.5024005999635                                1337.760375286552                                 1335.8393665099147
185                                               1139.1233746335333                                1220.3620486685704                                1355.2361950354075                                1352.6806668730715                                1348.7905683577383                                1347.0122587683913                                1345.0584736737019
190                                               1159.3832150056855                                1236.4810579126347                                1364.386835002506                                 1361.6011588675497                                1357.5960586433662                                1355.7831999156197                                1353.798132131286
195                                               1178.311830236701                                 1251.9570211092837                                1373.0587909557785                                1370.0519921735631                                1365.9374758617132                                1364.091726945563                                 1362.076799768684
200                                               1195.90922032658                                  1266.789938258517                                 1381.2520628952248                                1378.0331667911114                                1373.8148200127785                                1371.9378398582217                                1369.8944765858969
205                                               1212.1753852753222                                1280.9798093603345                                1388.9666508208443                                1385.5446827201945                                1381.2280910965628                                1379.3215386535944                                1377.2511625829256
205.17077931544347                                1212.7074590875363                                1281.4531196624075                                1389.2216950751122                                1385.7929502736156                                1381.4731016615124                                1379.5655684506287                                1377.4942948717135
