% Model:              batchmodel_BILLETTA_r_0.0131664_COIL_kr_1.9397_COIL_kw_5.3284_FUNZ_freq_2540.9_FUNZ_I_eff_85.0125.mph
% Version:            COMSOL 5.6.0.401
% Date:               Jan 27 2022, 12:58
% Table:              Tabella delle sonde 1 - 
% Tempo (s)                                       Temperatura (degC), Punto: (0, 0.5)               Temperatura (degC), Punto: (0.5*BILLETTA_r, 0.5)  Temperatura (degC), Punto: (BILLETTA_r-10*FUNZ_depth_billetta, 0.5)Temperatura (degC), Punto: (BILLETTA_r-5*FUNZ_depth_billetta, 0.5)Temperatura (degC), Punto: (BILLETTA_r-2*FUNZ_depth_billetta, 0.5)Temperatura (degC), Punto: (BILLETTA_r-FUNZ_depth_billetta, 0.5)Temperatura (degC), Punto: (BILLETTA_r-0.01[mm], 0.5)
0                                                 20                                                20                                                20.00000000002001                                 20.00006840669471                                 20.079538937080713                                20.204260532598028                                20.295679322582373
5                                                 246.5685541657998                                 317.88077453935443                                398.08703727862826                                480.2816965966306                                 526.0501753606138                                 535.1351034644201                                 538.4455311560198
10                                                543.1687297677537                                 634.0096284078959                                 748.9394149620493                                 877.8999460023798                                 940.7234807942656                                 951.1263316488127                                 953.896893646962
15                                                739.5646037312612                                 896.7360766974986                                 1039.5061767520292                                1101.7420221448606                                1114.4352164779052                                1114.8028602129802                                1113.3858929019657
20                                                1021.6307744412735                                1094.7702784738822                                1124.2824271378827                                1132.7879119890385                                1131.6999177863731                                1130.1819456792787                                1128.1041813435577
25                                                1133.8878801857431                                1152.641771454454                                 1160.4449426097044                                1160.3641427933321                                1156.7528009781945                                1154.802388476327                                 1152.4958533143904
30                                                1169.5747388027348                                1177.4022036418119                                1179.4378729248438                                1176.559525158878                                 1171.9718273399676                                1169.828930514217                                 1167.4042394310404
35                                                1188.4178276462303                                1193.051838392611                                 1193.042609778734                                 1189.009587992286                                 1183.952129383396                                 1181.7004650814174                                1179.1961520677019
40                                                1202.890383393998                                 1205.8347072858196                                1204.6575820383896                                1199.9104168117974                                1194.5305086125663                                1192.196147119048                                 1189.6254839064495
45                                                1213.6727413933695                                1215.7725241453554                                1213.9629949221508                                1208.7951391251931                                1203.206926472753                                 1200.8141880131743                                1198.193122620225
50                                                1223.146349838893                                 1224.6600222798374                                1222.3880602926556                                1216.8959508250796                                1211.1389201411448                                1208.6966545894225                                1206.031304458686
55                                                1231.809587186263                                 1232.8392333054667                                1230.1780993403327                                1224.4069375812282                                1218.5010946780312                                1216.0143758271734                                1213.3088064325138
60                                                1239.1152903259003                                1239.8319212907822                                1236.9043418656347                                1230.9298491956015                                1224.908707823227                                 1222.3860352946872                                1219.6470571206523
65                                                1246.264200904685                                 1246.677180627693                                 1243.4907260310106                                1237.3182579544819                                1231.1845714401456                                1228.626743469591                                 1225.8550644974353
70                                                1250.9069029726047                                1251.1659063933166                                1247.8415818648455                                1241.5567420017774                                1235.3545201637085                                1232.7742959344096                                1229.9812327000545
75                                                1255.5496050405245                                1255.6546321589403                                1252.1924376986804                                1245.7952260490729                                1239.5244688872717                                1236.9218483992286                                1234.1074009026738
80                                                1260.1923071084448                                1260.143357924564                                 1256.5432935325152                                1250.033710096368                                 1243.6944176108345                                1241.069400864047                                 1238.2335691052936
85                                                1264.8350091763646                                1264.6320836901882                                1260.8941493663501                                1254.2721941436635                                1247.8643663343978                                1245.216953328866                                 1242.3597373079128
90                                                1268.8870016346486                                1268.5512802739618                                1264.6943830087903                                1257.9750997302071                                1251.507506318534                                 1248.8404595412385                                1245.964432483212
95                                                1272.1528447669239                                1271.7125156274615                                1267.761817899374                                 1260.96522760148                                  1254.4495398221256                                1251.766535744961                                 1248.8751222415149
100                                               1275.418687899199                                 1274.8737509809612                                1270.829252789958                                 1263.9553554727522                                1257.3915733257177                                1254.6926119486834                                1251.7858119998177
105                                               1278.6845310314739                                1278.0349863344609                                1273.8966876805416                                1266.9454833440245                                1260.3336068293092                                1257.6186881524059                                1254.6965017581206
110                                               1281.950374163749                                 1281.1962216879606                                1276.9641225711252                                1269.9356112152973                                1263.2756403329013                                1260.5447643561279                                1257.6071915164234
115                                               1284.3157138737238                                1283.48458790521                                  1279.1838931135899                                1272.0989795931696                                1265.403815378389                                 1262.6612091510042                                1259.7122839581057
120                                               1286.4547668311293                                1285.5536115665418                                1281.1906547902863                                1274.0545922687493                                1267.3274766119644                                1264.5742023456442                                1261.614938523216
125                                               1288.5938197885353                                1287.6226352278736                                1283.1974164669823                                1276.0102049443294                                1269.2511378455397                                1266.4871955402837                                1263.5175930883265
130                                               1290.7328727459412                                1289.6916588892059                                1285.2041781436792                                1277.9658176199096                                1271.1747990791146                                1268.4001887349236                                1265.420247653437
135                                               1292.8719257033467                                1291.7606825505377                                1287.2109398203752                                1279.9214302954892                                1273.09846031269                                  1270.3131819295631                                1267.3229022185478
140                                               1294.3738872279764                                1293.2125886115919                                1288.6184955032186                                1281.2926451912858                                1274.447001833882                                 1271.6541465055025                                1268.6565150355214
145                                               1295.715754578789                                 1294.509419706509                                 1289.8754772125367                                1282.5170072572987                                1275.651022003094                                 1272.8513664878105                                1269.847133827072
150                                               1297.0576219296017                                1295.8062508014264                                1291.1324589218543                                1283.7413693233116                                1276.8550421723062                                1274.0485864701186                                1271.0377526186226
155                                               1298.3994892804144                                1297.1030818963436                                1292.3894406311724                                1284.965731389324                                 1278.0590623415178                                1275.2458064524271                                1272.2283714101732
160                                               1299.7413566312275                                1298.3999129912604                                1293.6464223404905                                1286.1900934553364                                1279.2630825107303                                1276.4430264347352                                1273.4189902017238
165                                               1300.6669500679018                                1299.2942108523175                                1294.513000782445                                 1287.0340228705518                                1280.0929199466304                                1277.2681587316029                                1274.2395578356504
170                                               1301.4879383805128                                1300.0873564733774                                1295.2814751135475                                1287.782353682821                                 1280.828729316128                                 1277.9997894248963                                1274.967135623377
175                                               1302.3089266931238                                1300.8805020944374                                1296.0499494446503                                1288.5306844950896                                1281.5645386856254                                1278.7314201181898                                1275.6947134111033
180                                               1303.1299150057348                                1301.6736477154968                                1296.8184237757528                                1289.2790153073588                                1282.3003480551224                                1279.4630508114833                                1276.4222911988295
185                                               1303.9509033183458                                1302.4667933365567                                1297.5868981068552                                1290.027346119628                                 1283.03615742462                                  1280.1946815047768                                1277.1498689865557
190                                               1304.5106666067582                                1303.00773806926                                  1298.111092484607                                 1290.537835569332                                 1283.5381292559932                                1280.6938133903518                                1277.646248735217
195                                               1305.0047868771076                                1303.4853074514563                                1298.5739019569905                                1290.9885580617665                                1283.9813402477962                                1281.1345208447992                                1278.0845309218203
200                                               1305.498907147457                                 1303.962876833652                                 1299.036711429374                                 1291.439280554201                                 1284.4245512395987                                1281.5752282992476                                1278.5228131084236
205                                               1305.9930274178064                                1304.4404462158482                                1299.4995209017575                                1291.8900030466357                                1284.8677622314017                                1282.0159357536959                                1278.961095295027
210                                               1306.4871476881558                                1304.918015598044                                 1299.9623303741414                                1292.3407255390707                                1285.3109732232047                                1282.4566432081438                                1279.3993774816304
215                                               1306.8215202718484                                1305.2413613641415                                1300.2758039690334                                1292.6460786067719                                1285.6112670556654                                1282.7552496269536                                1279.696349121556
220                                               1307.1157499928395                                1305.5259524066119                                1300.55175107605                                  1292.914901913197                                 1285.87564735457                                  1283.0181475952509                                1279.9578109522795
225                                               1307.4099797138306                                1305.8105434490817                                1300.8276981830663                                1293.1837252196215                                1286.140027653475                                 1283.2810455635486                                1280.2192727830038
230                                               1307.7042094348217                                1306.095134491552                                 1301.1036452900826                                1293.4525485260465                                1286.4044079523796                                1283.5439435318453                                1280.4807346137277
235                                               1307.9984391558128                                1306.3797255340228                                1301.3795923970988                                1293.7213718324715                                1286.6687882512847                                1283.806841500143                                 1280.742196444452
240                                               1308.196624751049                                 1306.5714835021836                                1301.5655809412938                                1293.9025895769578                                1286.8470206772467                                1283.9840761224373                                1280.9184634146495
245                                               1308.3706754981754                                1306.7399135246674                                1301.7289638734019                                1294.0617929929854                                1287.0036050761992                                1284.1397844740918                                1281.0733218395303
250                                               1308.5447262453017                                1306.9083435471516                                1301.8923468055104                                1294.2209964090125                                1287.1601894751516                                1284.295492825746                                 1281.2281802644115
