% Model:              batchmodel_BILLETTA_r_0.0257427_COIL_kr_2.4069_COIL_kw_3.7744_FUNZ_freq_4639.7_FUNZ_I_eff_61.5962.mph
% Version:            COMSOL 5.6.0.280
% Date:               Jan 27 2022, 14:32
% Table:              Tabella delle sonde 1 - 
% Tempo (s)                                       Temperatura (degC), Punto: (0, 0.5)               Temperatura (degC), Punto: (0.5*BILLETTA_r, 0.5)  Temperatura (degC), Punto: (BILLETTA_r-10*FUNZ_depth_billetta, 0.5)Temperatura (degC), Punto: (BILLETTA_r-5*FUNZ_depth_billetta, 0.5)Temperatura (degC), Punto: (BILLETTA_r-2*FUNZ_depth_billetta, 0.5)Temperatura (degC), Punto: (BILLETTA_r-FUNZ_depth_billetta, 0.5)Temperatura (degC), Punto: (BILLETTA_r-0.01[mm], 0.5)
0                                                 20                                                19.999999999999943                                20.000000000013017                                20.000052791873145                                20.106947405992003                                20.253098984263545                                20.41095368390114
5                                                 39.983524659556224                                92.41216487098887                                 293.0169291458651                                 346.5840927279354                                 378.8609308613645                                 385.9200998878771                                 388.66549353800747
10                                                140.38651435638877                                240.7127570118805                                 546.0038900799598                                 626.5134686019934                                 669.943010783632                                  678.4767168547223                                 681.4931994036465
15                                                276.04786181967336                                396.84837303185066                                767.2308871012932                                 883.5271456001213                                 940.1002624786059                                 949.8980330308076                                 952.7871763546851
20                                                407.26726715656025                                534.4926798376954                                 961.1019559669629                                 1053.098775243253                                 1080.5985504310247                                1083.7430543716223                                1083.7707174062084
25                                                518.4267727970441                                 641.6469365045818                                 1031.1947182046729                                1078.8581859477363                                1090.5939533584383                                1091.4188644260134                                1090.6525216498317
30                                                608.9898301745949                                 721.059063859661                                  1064.00845278744                                  1092.9481264916249                                1099.1839082117745                                1099.1852305054458                                1098.1211649332345
35                                                678.1410953145203                                 786.1330860226666                                 1085.6102103076073                                1104.1349087549797                                1107.222119494545                                 1106.742254892169                                 1105.4970467338194
40                                                724.8866152896577                                 849.0979077041596                                 1100.6126685290537                                1113.3355138630895                                1114.6689047968043                                1113.9125235197012                                1112.5562694920081
45                                                758.7147282501386                                 908.0074869731781                                 1113.2506271575285                                1121.806291695486                                 1121.8779263572314                                1120.9188519896961                                1119.4767796446781
50                                                802.8821670303597                                 959.4905213843405                                 1124.9661808078986                                1130.4365677945757                                1129.547202165998                                 1128.4281836648156                                1126.913369079315
55                                                869.3528857385639                                 1005.5010210263287                                1136.3519383767557                                1139.592075980604                                 1137.9821094053968                                1136.7363631182307                                1135.1578690744072
60                                                943.1789191891706                                 1047.4610263187383                                1148.1208503436096                                1149.6531591217959                                1147.471182843397                                 1146.1182669199115                                1144.4797948545206
65                                                1007.0866413150283                                1084.6011946764274                                1160.8437759326575                                1161.0340756065893                                1158.3774196104491                                1156.928377210746                                 1155.2297441249611
70                                                1058.176151943138                                 1116.9198095715433                                1174.7975092234665                                1173.9050535728725                                1170.8385926941746                                1169.2991889983718                                1167.5378935079311
75                                                1099.623172951421                                 1145.227800774935                                 1189.9050306494992                                1188.111750037744                                 1184.680155696807                                 1183.0535379154494                                1181.2264815718172
80                                                1133.6357114033858                                1170.408449728542                                 1205.7075208654092                                1203.1747811242294                                1199.4235025109451                                1197.715007992163                                 1195.8220883299036
85                                                1161.7308727503623                                1193.0474441542274                                1221.9282839440216                                1218.798599867373                                 1214.7717859035756                                1212.9878196166396                                1211.0306560711538
90                                                1186.4070457492767                                1213.9091045513455                                1237.9631270905202                                1234.331043741081                                 1230.0594289829223                                1228.205404068523                                 1226.1867811693578
95                                                1207.8635727669403                                1233.058446932475                                 1253.766834176784                                 1249.7234100845412                                1245.2368858256382                                1243.3181916751096                                1241.2410205589636
100                                               1227.7973895047548                                1251.0979100980721                                1268.906938456516                                 1264.4866511959667                                1259.7973842383203                                1257.81635634554                                  1255.6819751037337
105                                               1245.8021181172744                                1267.9029024160545                                1283.512604287902                                 1278.7619741694657                                1273.8859315487925                                1271.8455680044885                                1269.6556565899728
110                                               1263.3770784412432                                1284.1172005091594                                1297.4071811982649                                1292.3267687753155                                1287.2668655407506                                1285.168532342405                                 1282.924575765168
115                                               1280.0223165526636                                1299.526205974546                                 1310.6496902239273                                1305.255380913778                                 1300.0188847248178                                1297.8644924126356                                1295.5680411005328
120                                               1295.7378324515344                                1314.1299188122157                                1323.2401313648884                                1317.5478105848533                                1312.1419891009941                                1309.9334482151799                                1307.586052596066
125                                               1310.5662010470346                                1327.8626703711152                                1335.0663729842172                                1329.0972718405746                                1323.5325942154018                                1321.2728411908156                                1318.8770262879225
130                                               1324.5315898222825                                1340.6871840945482                                1346.0647639903432                                1339.8431480491108                                1334.13190075199                                  1331.824454368641                                 1329.3832984305104
135                                               1337.6055559043798                                1352.6473310119873                                1356.3102157796425                                1349.8567793308293                                1344.0091100200002                                1341.656803691988                                 1339.1727338725864
140                                               1349.7880992933274                                1363.7431111234323                                1365.8027283521164                                1359.1381656857297                                1353.164222019433                                 1350.769889160857                                 1348.2453326141504
145                                               1360.5128912541118                                1373.4520161025625                                1374.1303379295764                                1367.2875919435505                                1361.2058610744862                                1358.7752593443602                                1356.2155299682026
150                                               1370.0096534972854                                1381.985992649376                                 1381.4601506783883                                1374.467195829201                                 1368.2927821346361                                1365.8304830212878                                1363.239723754507
155                                               1378.3337450186627                                1389.3961162867313                                1387.8324363211755                                1380.7160497560517                                1374.4632424223382                                1371.9735315672865                                1369.3556031676521
160                                               1385.4851658182447                                1395.6823870146272                                1393.2471948579387                                1386.034153724103                                 1379.7172419375934                                1377.2044049823571                                1374.5631682076364
165                                               1391.4639158960304                                1400.8448048330642                                1397.7044262886775                                1390.4215077333542                                1384.0547806804016                                1381.5231032664988                                1378.8624188744602
165.557227940584                                  1392.0575943705026                                1401.35053010522                                  1398.14186268076                                  1390.8528149802423                                1384.4814212057104                                1381.9479095278207                                1379.285296892378
