% Model:              batchmodel_BILLETTA_r_0.0445341_COIL_kr_1.4848_COIL_kw_3.7744_FUNZ_freq_7167.5_FUNZ_I_eff_85.0125.mph
% Version:            COMSOL 5.6.0.401
% Date:               Jan 27 2022, 12:45
% Table:              Tabella delle sonde 1 - 
% Tempo (s)                                       Temperatura (degC), Punto: (0, 0.5)               Temperatura (degC), Punto: (0.5*BILLETTA_r, 0.5)  Temperatura (degC), Punto: (BILLETTA_r-10*FUNZ_depth_billetta, 0.5)Temperatura (degC), Punto: (BILLETTA_r-5*FUNZ_depth_billetta, 0.5)Temperatura (degC), Punto: (BILLETTA_r-2*FUNZ_depth_billetta, 0.5)Temperatura (degC), Punto: (BILLETTA_r-FUNZ_depth_billetta, 0.5)Temperatura (degC), Punto: (BILLETTA_r-0.01[mm], 0.5)
0                                                 20                                                20                                                20.000000000257216                                20.001377655398585                                20.30840727258328                                 20.612239873494786                                20.894992045096558
5                                                 20.755439061614652                                44.41145886497003                                 664.8258304032942                                 813.8710405451988                                 896.2480200069746                                 911.3297856902581                                 916.3530334230408
10                                                39.29169126490609                                 138.87926879184505                                1032.7922784118664                                1134.7618444602617                                1159.6183480852578                                1162.170217720653                                 1162.0261908430043
15                                                87.96705010903139                                 243.09213048211234                                1107.013968853571                                 1148.0711662221288                                1157.3317283294332                                1157.789605302226                                 1156.9733760588006
20                                                157.90280529885263                                336.9396931050203                                 1129.0476939322084                                1155.717325077232                                 1161.0180603079107                                1160.9188118612801                                1159.9131775525093
25                                                231.99259422302612                                417.43515979836445                                1148.1697701010066                                1167.3566466376233                                1170.6112076716286                                1170.2069081221257                                1169.0811149339106
30                                                302.28555962736766                                485.9849079872645                                 1164.320060578881                                 1178.7410396742393                                1180.6497934982567                                1180.0369304790188                                1178.8214460723925
35                                                366.36867245297196                                545.9169928505621                                 1180.2291086789228                                1191.5489920751684                                1192.5576410385816                                1191.7953327337273                                1190.5055386831896
40                                                423.99437260363277                                597.8643791453994                                 1196.2540793123771                                1205.695289870142                                 1206.1336910822292                                1205.265692195861                                 1203.9125337391565
45                                                476.1285353576435                                 644.2537504731056                                 1213.0616373171315                                1221.1083737845029                                1221.1055326045102                                1220.149062910688                                 1218.737352205625
50                                                522.7113461008025                                 684.793409859615                                  1230.649728055575                                 1237.9399442295098                                1237.6640423024605                                1236.640664755923                                 1235.1751962091153
55                                                564.9974638626442                                 722.3604209629062                                 1250.3342004401493                                1256.9482871783425                                1256.402578701142                                 1255.3072586156372                                1253.7805720529645
60                                                602.7584586036692                                 757.8251685965857                                 1271.7026741575792                                1277.8426826257491                                1277.0668643903382                                1275.9006678051096                                1274.3083807659991
65                                                636.5529258246174                                 796.1602497104303                                 1294.8834070352245                                1300.5564998555365                                1299.5338263644294                                1298.2893092061217                                1296.6238249248017
70                                                666.3496833575358                                 836.2591219119703                                 1319.4067605698915                                1324.6225557048288                                1323.340542545929                                 1322.011916973087                                 1320.2672085747913
75                                                692.4032021863975                                 879.2562882001547                                 1344.7002934479615                                1349.3681354353603                                1347.7901002471258                                1346.3693128429727                                1344.539785894704
80                                                714.5703699380992                                 922.8922091566523                                 1368.2550981081772                                1372.2322419372126                                1370.3312867956647                                1368.8180945063823                                1366.9068461857187
85                                                732.8319775307523                                 966.0306766221908                                 1388.2802892713785                                1391.361273663616                                 1389.1098495119868                                1387.508415106071                                 1385.5242987901256
86.1822336724709                                  736.580529797156                                  976.2500324449235                                 1392.6444350118963                                1395.4885766924035                                1393.1503110451745                                1391.5282633612228                                1389.527745099827
