% Model:              batchmodel_BILLETTA_r_0.0542379_COIL_kr_2.4069_COIL_kw_5.8583_FUNZ_freq_4639.7_FUNZ_I_eff_85.0125.mph
% Version:            COMSOL 5.6.0.401
% Date:               Jan 28 2022, 03:39
% Table:              Tabella delle sonde 1 - 
% Tempo (s)                                       Temperatura (degC), Punto: (0, 0.5)               Temperatura (degC), Punto: (0.5*BILLETTA_r, 0.5)  Temperatura (degC), Punto: (BILLETTA_r-10*FUNZ_depth_billetta, 0.5)Temperatura (degC), Punto: (BILLETTA_r-5*FUNZ_depth_billetta, 0.5)Temperatura (degC), Punto: (BILLETTA_r-2*FUNZ_depth_billetta, 0.5)Temperatura (degC), Punto: (BILLETTA_r-FUNZ_depth_billetta, 0.5)Temperatura (degC), Punto: (BILLETTA_r-0.01[mm], 0.5)
0                                                 20                                                20                                                20.000000000093905                                20.000550655249924                                20.197566739698743                                20.39737664481561                                 20.599650336906052
5                                                 20.06087019356505                                 26.453056555058197                                479.3856899972384                                 588.4366691451752                                 649.3725414017234                                 661.6087354301504                                 666.0620241201163
10                                                23.54737394421892                                 71.76398350686964                                 814.1234115507222                                 989.1061969249455                                 1061.7543109249482                                1073.2111190290198                                1076.2850286594075
15                                                38.52619772691452                                 138.2615111681999                                 1005.8196402385278                                1110.554206615282                                 1135.8827644720982                                1137.9775419278026                                1137.4278518717183
20                                                69.62945406374979                                 207.82645058978136                                1074.2117433124104                                1132.114398944721                                 1145.2886363343064                                1146.09819339746                                  1145.1732475180534
25                                                112.36192496560324                                273.76688822648157                                1105.046323061069                                 1143.748167923845                                 1151.7005211794835                                1151.7773891840939                                1150.6004824585593
30                                                160.18502357063454                                330.2562177082905                                 1119.6921151118313                                1149.6450488248179                                1155.2645634690948                                1155.0072939450888                                1153.7113947827388
35                                                207.6032613455485                                 382.34851330494337                                1131.7323775505506                                1155.2856122973099                                1159.1838603148317                                1158.6768234738593                                1157.2887389391735
40                                                253.50223119016346                                429.8132859329776                                 1142.420877432135                                 1161.3364874761796                                1163.9569791290955                                1163.2596114552452                                1161.7966951311769
45                                                297.308502580928                                  473.0971102822622                                 1152.0559596346402                                1167.525831213265                                 1169.1847091127233                                1168.3400908812578                                1166.8151992163207
50                                                338.88285803760675                                512.7877054607054                                 1161.2031306791437                                1174.08381394339                                  1175.0043123183991                                1174.041933844348                                 1172.4630359326657
55                                                378.0861276736124                                 549.5030121331024                                 1170.338164379793                                 1181.2269022473474                                1181.565684374841                                 1180.5055901583423                                1178.8771286603792
60                                                415.1750401946672                                 583.5651788951093                                 1179.462374904364                                 1188.8917439700308                                1188.7885104510378                                1187.6485746791445                                1185.9745112274518
65                                                449.93000629401797                                615.0662719717704                                 1188.732198270593                                 1196.947989230765                                 1196.467996157361                                 1195.2568391361292                                1193.5390738729475
70                                                482.3439344442954                                 644.0092645960016                                 1198.1526865018132                                1205.3914284450289                                1204.5975277609286                                1203.3234709469302                                1201.5638374396963
75                                                512.7804203705371                                 671.2296405177134                                 1208.099753291719                                 1214.5600700802993                                1213.5022087028683                                1212.1707888960004                                1210.3694029231906
80                                                541.7026072925183                                 697.9636182591116                                 1219.1627707745392                                1224.905734483361                                 1223.5937148569365                                1222.2037694649116                                1220.3576654043409
85                                                568.850953985902                                  723.518432267119                                  1231.011460196798                                 1236.1752256643385                                1234.641346828772                                 1233.1954675374072                                1231.3034065556394
90                                                594.2254604506879                                 747.894082541736                                  1243.6458215584962                                1248.3685436232322                                1246.6451046183743                                1245.1458831134892                                1243.2066263770848
95                                                617.8261266868764                                 771.0905690829628                                 1257.065854859633                                 1261.4856883600414                                1259.6049882257444                                1258.055016193156                                 1256.067324868678
100                                               639.7646939871033                                 796.5869357510006                                 1270.7472891912153                                1274.8036812726118                                1272.7409535004413                                1271.1348641954432                                1269.095061337006
105                                               660.008644655504                                  823.3707502795181                                 1284.8426919843787                                1288.5329154729884                                1286.2800001293917                                1284.6147427803362                                1282.5198609541544
110                                               678.5316767878502                                 850.6231078907241                                 1299.475467245939                                 1302.8435672093974                                1300.4057365715153                                1298.6801336791368                                1296.5277793395412
115                                               695.3337903841419                                 878.3440085846188                                 1314.645614975896                                 1317.7356364818393                                1315.118162826811                                 1313.3310368918446                                1311.1188164931664
120                                               711.0327324168246                                 905.8583571861083                                 1329.4158079503509                                1332.1726403613852                                1329.3629857979736                                1327.5132795804543                                1325.2414657406061
125                                               725.8147460022794                                 932.9626208008661                                 1343.5034535366653                                1345.8420919895475                                1342.822349079745                                 1340.909041596406                                 1338.5787107488363
130                                               739.3233344048923                                 960.0463913441666                                 1357.4494756250833                                1359.3421372046137                                1356.1046766132113                                1354.126677480127                                 1351.7373674370438
135                                               751.5584976246633                                 987.1096688160088                                 1371.2538742156057                                1372.6727760065842                                1369.209968398372                                 1367.1661872316167                                1364.7174358052284
138.10019487707407                                758.5052059755452                                 1003.879663135942                                 1379.7420098709254                                1380.8532083351893                                1377.2468450083752                                1375.1617287784552                                1372.6758892467801
