% Model:              batchmodel_BILLETTA_r_0.0542379_COIL_kr_1.4848_COIL_kw_3.7744_FUNZ_freq_7167.5_FUNZ_I_eff_61.5962.mph
% Version:            COMSOL 5.6.0.401
% Date:               Jan 27 2022, 21:07
% Table:              Tabella delle sonde 1 - 
% Tempo (s)                                       Temperatura (degC), Punto: (0, 0.5)               Temperatura (degC), Punto: (0.5*BILLETTA_r, 0.5)  Temperatura (degC), Punto: (BILLETTA_r-10*FUNZ_depth_billetta, 0.5)Temperatura (degC), Punto: (BILLETTA_r-5*FUNZ_depth_billetta, 0.5)Temperatura (degC), Punto: (BILLETTA_r-2*FUNZ_depth_billetta, 0.5)Temperatura (degC), Punto: (BILLETTA_r-FUNZ_depth_billetta, 0.5)Temperatura (degC), Punto: (BILLETTA_r-0.01[mm], 0.5)
0                                                 20                                                20                                                20.000000000035868                                20.000171100203147                                20.168752341416734                                20.394241221632285                                20.621453269579774
5                                                 20.07990535556462                                 25.672486035715394                                376.16538432185337                                439.6999968460216                                 476.6422979052313                                 484.68422949948524                                487.7823528394687
10                                                23.312352556683322                                61.71912700240796                                 650.9324083722908                                 744.6602614538592                                 795.4965131234716                                 805.5676983525847                                 809.0685399932128
15                                                37.387856995836444                                119.68259622181819                                886.3326327004633                                 1003.4134863572527                                1049.4737803350313                                1056.5424487030555                                1058.2978306121236
20                                                64.46692302181253                                 183.08718962783655                                988.8051208580399                                 1063.1311036848465                                1084.67595138265                                  1087.17009161556                                  1087.1952934328124
25                                                101.43589442628013                                244.85575873938888                                1031.9426581886746                                1081.251128137916                                 1094.121061340145                                 1095.3013402639112                                1094.8640922368877
30                                                144.0825391216514                                 302.72342895942825                                1054.7971184736675                                1090.4640594535972                                1099.450994053168                                 1100.0583288606235                                1099.419100755692
35                                                188.88336687101463                                355.68267924511326                                1070.5472221651116                                1097.844643548242                                 1104.3179969846524                                1104.5462976703716                                1103.7702299045518
40                                                233.94899896869424                                403.6350129209218                                 1083.4874568613095                                1105.6544047506063                                1110.4455206611292                                1110.4066573995078                                1109.5279794169642
45                                                277.447142622952                                  447.13629137871123                                1094.0548897644048                                1112.091928473832                                 1115.5888177948113                                1115.3462945638894                                1114.3887163312252
50                                                319.59804819479484                                486.2486884805029                                 1102.238362754828                                 1117.5825109409257                                1120.2426729568965                                1119.8659872040312                                1118.8539292884743
55                                                359.16038854215856                                521.666882488788                                  1109.1653772052814                                1122.3138598975283                                1124.2986858590002                                1123.8139088568696                                1122.7574446510366
60                                                396.1934094591861                                 553.6134109892951                                 1115.166752782368                                 1126.6243402104078                                1128.090443522974                                 1127.5216719253003                                1126.429460674784
65                                                430.36937728887995                                582.5022821690333                                 1120.887057101766                                 1130.8767486766833                                1131.885510056139                                 1131.2417251230358                                1130.116745224585
70                                                462.3190005545623                                 609.4528183044375                                 1126.638545589833                                 1135.3069520841805                                1135.8988135718323                                1135.1854656998094                                1134.0290677692037
75                                                492.04407188483265                                634.4698741866035                                 1132.423461808176                                 1139.9164365837119                                1140.131602360524                                 1139.354103421891                                 1138.1676224787434
80                                                519.495842204154                                  657.4214277235366                                 1138.1807939252167                                1144.6647875136605                                1144.5499301790255                                1143.7147396803202                                1142.4999348692859
85                                                545.0138000674267                                 678.6477572618062                                 1143.8831649963981                                1149.503510246121                                 1149.1014394164808                                1148.2146687267486                                1146.9732889204934
90                                                569.0420032140479                                 698.5939536039226                                 1149.4947654371645                                1154.369172849356                                 1153.717645283105                                 1152.784950400674                                 1151.5187310358947
95                                                591.2229907671169                                 716.9017242702148                                 1155.044421511222                                 1159.3128372280034                                1158.4536771705039                                1157.481080661384                                 1156.1917679905628
100                                               611.5567627266338                                 733.5710692606827                                 1160.5321332185708                                1164.3345033820615                                1163.309535078678                                 1162.303059508879                                 1160.9923997844971
105                                               630.7327535875469                                 750.9587480725153                                 1166.3403888571174                                1169.6696851810652                                1168.4752719663916                                1167.4337620721203                                1166.1006371895196
110                                               648.4023072910962                                 767.8729165439307                                 1172.275759082309                                 1175.1992801749088                                1173.8547755618565                                1172.7807060019122                                1171.4254463993766
115                                               664.5475660763566                                 784.2525297925414                                 1178.3283366663659                                1180.917188073562                                 1179.443123105441                                 1178.3391544590695                                1176.962164767579
120                                               679.3259055256827                                 800.9583502277588                                 1184.6570294499038                                1186.940045184645                                 1185.343522433181                                 1184.2101210038222                                1182.8108508699042
125                                               692.8395768757765                                 818.5496388197549                                 1191.3650842198876                                1193.3436333195423                                1191.6230305097874                                1190.4592369196444                                1189.0365155102068
130                                               704.9808727900576                                 836.4372925758083                                 1198.3437449671665                                1200.0481269687662                                1198.2110122280378                                1197.017368854537                                 1195.5706789247402
135                                               715.7924984068915                                 854.5851187290126                                 1205.5930864331872                                1207.0517486324989                                1205.1052387561176                                1203.8822709133183                                1202.4111539544383
140                                               725.9152702642183                                 872.4500228304192                                 1213.114230158756                                 1214.3278258464297                                1212.2722651189765                                1211.0202420747619                                1209.525120949142
145                                               734.9814882548036                                 890.3436321169878                                 1220.9065326044974                                1221.8916632530058                                1219.7312820212614                                1218.4506199626412                                1216.9314118024881
150                                               742.9911523786478                                 908.265946588719                                  1228.9699937704108                                1229.7432608522272                                1227.4822894629729                                1226.1734045769576                                1224.630026514476
155                                               751.5502883689265                                 925.8292302300907                                 1237.1601647457596                                1237.7255549647307                                1235.3641712114118                                1234.0267188807543                                1232.45863358108
160                                               761.0084316208014                                 942.9490961856474                                 1245.4456076736942                                1245.8043622557798                                1243.3418619342483                                1241.975331960286                                 1240.3819031783542
165                                               770.6579149366343                                 959.7963935606432                                 1253.889971444611                                 1254.0488900933074                                1251.4863546862844                                1250.090572105466                                 1248.4713638491912
170                                               781.0843810507373                                 976.3898430808957                                 1262.446731212994                                 1262.4105926338002                                1259.7486290718434                                1258.3233844958686                                1256.6779852632985
175                                               795.2941695566166                                 992.8255457580798                                 1270.8770562430427                                1270.640264546254                                 1267.8770436928853                                1266.4219510173798                                1264.7500750242652
180                                               811.4297083351072                                 1009.0441222192545                                1279.3285164623135                                1278.891886064911                                 1276.0270839929162                                1274.5418663037158                                1272.8431500867255
185                                               829.490997386209                                  1025.0455724644194                                1287.801111870806                                 1287.1654571897711                                1284.1987499719366                                1282.683130354877                                 1280.9572104506801
190                                               849.4993378728176                                 1040.9370900801068                                1296.1803483579674                                1295.3464894342465                                1292.2783230840514                                1290.7324255623857                                1288.9794043512065
195                                               871.4528510793665                                 1056.7092208285057                                1304.476324051719                                 1303.4450804302369                                1300.275833054091                                 1298.6997462892755                                1296.919685064966
200                                               895.3458573736558                                 1072.3333831646255                                1312.719567071119                                 1311.4917567972552                                1308.2216012085532                                1306.6153069581605                                1304.8081428044484
205                                               920.1104487019471                                 1087.7958088491773                                1320.8843762395686                                1319.461431384133                                 1316.0909381509396                                1314.4545454887134                                1312.6203335709552
210                                               943.0115686553851                                 1103.0612355662952                                1328.904927380981                                 1327.289852616644                                 1323.820611010321                                 1322.154555083875                                 1320.2936529903877
215                                               965.9176523342215                                 1118.1537525261565                                1336.8261878315498                                1335.0209135187642                                1331.4538168904755                                1329.7583100922875                                1327.8708688132083
220                                               988.828699738457                                  1133.0733597287617                                1344.6481575912744                                1342.6546140904948                                1338.990555791404                                 1337.2658105139508                                1335.3519810394173
225                                               1011.7447108680905                                1147.82005717411                                  1352.3708366601554                                1350.1909543318343                                1346.4308277131058                                1344.6770563488649                                1342.7369896690147
230                                               1033.3239073494015                                1161.982229732324                                 1359.5767657231486                                1357.2181902624689                                1353.3673070098116                                1351.586208421304                                 1349.621437470425
235                                               1051.7006344288466                                1175.1005122157408                                1365.7507935489953                                1363.2278536981466                                1359.297079802193                                 1357.492278589235                                 1355.5061567157313
240                                               1070.0773615082917                                1188.218794699158                                 1371.924821374842                                 1369.237517133824                                 1365.2268525945742                                1363.3983487571659                                1361.3908759610385
245                                               1088.4540885877368                                1201.3370771825744                                1378.0988492006882                                1375.2471805695018                                1371.1566253869546                                1369.3044189250968                                1367.2755952063453
250                                               1106.830815667182                                 1214.4553596659916                                1384.2728770265353                                1381.2568440051796                                1377.086398179336                                 1375.2104890930282                                1373.160314451652
