% Model:              batchmodel_BILLETTA_r_0.0445341_COIL_kr_1.6756_COIL_kw_3.2356_FUNZ_freq_4639.7_FUNZ_I_eff_61.5962.mph
% Version:            COMSOL 5.6.0.401
% Date:               Jan 27 2022, 13:57
% Table:              Tabella delle sonde 1 - 
% Tempo (s)                                       Temperatura (degC), Punto: (0, 0.5)               Temperatura (degC), Punto: (0.5*BILLETTA_r, 0.5)  Temperatura (degC), Punto: (BILLETTA_r-10*FUNZ_depth_billetta, 0.5)Temperatura (degC), Punto: (BILLETTA_r-5*FUNZ_depth_billetta, 0.5)Temperatura (degC), Punto: (BILLETTA_r-2*FUNZ_depth_billetta, 0.5)Temperatura (degC), Punto: (BILLETTA_r-FUNZ_depth_billetta, 0.5)Temperatura (degC), Punto: (BILLETTA_r-0.01[mm], 0.5)
0                                                 20                                                20                                                20.000000000012335                                20.000050714423878                                20.106410727866717                                20.253620948695186                                20.413642137232387
5                                                 20.63778816898099                                 33.1895179583704                                  277.9686517839807                                 330.0076223060611                                 361.8400572698931                                 368.9345951398491                                 371.71807673580577
10                                                30.97515685293996                                 86.0063556143902                                  495.66750804988                                   572.9783658949978                                 615.4781085614875                                 623.9989982180405                                 627.0910574815081
15                                                58.98652001423886                                 157.19420808861497                                680.644777610196                                  776.6227194527811                                 828.5032462964874                                 838.7018666259945                                 842.0802030486412
20                                                106.02988585755281                                235.19440817795225                                858.4675722908252                                 982.7481313681673                                 1034.3334868793345                                1042.49713822667                                  1044.5186265473608
25                                                164.37073636144703                                311.58318332373904                                971.775879705123                                  1057.9450991846438                                1083.306448883252                                 1086.1134063027826                                1086.0217476622788
30                                                226.77123330831296                                382.50923142610736                                1015.2495194811451                                1072.5824356218336                                1087.7511832586115                                1089.1216743455143                                1088.5497477156441
35                                                287.7824319416594                                 445.7875898537998                                 1039.2410845256586                                1081.5132538379476                                1092.3257911556038                                1093.0628867101586                                1092.269243482307
40                                                344.7171799843784                                 500.87194073669093                                1059.8250960614278                                1092.0964096354624                                1099.5458871602073                                1099.737199516816                                 1098.737563682604
45                                                397.2869175554848                                 548.708429177066                                  1072.045015642423                                 1097.9729135505904                                1103.3748723083208                                1103.2529942446245                                1102.1384447335
50                                                445.0034739778836                                 589.947145858915                                  1077.9054008300495                                1101.5857426473344                                1106.0961967547605                                1105.827998344842                                 1104.6566912677458
55                                                488.42062930770703                                627.1167573902623                                 1086.2266232820643                                1106.3033163825617                                1109.704459647744                                 1109.2631970356706                                1108.0248166743531
60                                                527.490562562112                                  659.9409926598389                                 1096.0740372858922                                1111.7558921571685                                1113.974919129454                                 1113.354677365961                                 1112.0463523011676
65                                                562.8557699431279                                 689.1738612737926                                 1104.9342495297942                                1117.0471769201909                                1118.28641416228                                  1117.5151650564344                                1116.145952926829
70                                                594.7423926901744                                 715.0807541656875                                 1111.9226137281294                                1121.8616998240382                                1122.4203129060943                                1121.5379554869323                                1120.1211126360645
75                                                623.2610072133452                                 738.6299614787259                                 1118.10321899876                                  1126.4343311470943                                1126.4641633101123                                1125.4926602658165                                1124.0356774259526
80                                                648.7754863494234                                 761.1561549160359                                 1123.672653834929                                 1130.6786654244333                                1130.2766574342281                                1129.2314352473127                                1127.740095908262
85                                                671.2374922402952                                 782.8226015037193                                 1128.7716892412045                                1134.7615896113753                                1134.0202162317983                                1132.9151608277175                                1131.3942714401414
90                                                690.9979393115468                                 805.691697387667                                  1133.9698056462262                                1138.9535408648653                                1137.8855610125147                                1136.7227714914384                                1135.1727517068712
95                                                707.9345786263044                                 828.7237916366663                                 1139.0440140183969                                1143.1604303198305                                1141.8109432864712                                1140.5971734570212                                1139.0201291340322
100                                               722.2626922378925                                 851.5409208170146                                 1144.2178330813322                                1147.5488025828063                                1145.9373824991958                                1144.6749614305922                                1143.071115393493
105                                               734.0122611547512                                 874.2551179736394                                 1149.4039705482437                                1152.0539871554115                                1150.210418158409                                 1148.9034405384164                                1147.273761235871
110                                               745.6836458313154                                 895.9149239208697                                 1154.7258071912747                                1156.7756683025505                                1154.7206872127954                                1153.3715902954732                                1151.716220362845
115                                               756.3286843418356                                 916.8811415870031                                 1160.1365557760842                                1161.6760447446463                                1159.4338192164228                                1158.045668771425                                 1156.3650640008163
120                                               769.4718243718995                                 936.96795135234                                   1165.7316814019118                                1166.807904788624                                 1164.3918925276312                                1162.9661286068722                                1161.2600638305676
125                                               784.3130194003899                                 956.2175341069254                                 1171.4895135752936                                1172.1592655352952                                1169.5853553961301                                1168.1237870880186                                1166.3921917155835
130                                               802.9963423516084                                 974.9148853705045                                 1177.4817633210719                                1177.7785183898036                                1175.0553179091144                                1173.5585538530204                                1171.8008149696334
135                                               825.7330688015439                                 993.0845050280733                                 1183.715374242197                                 1183.6702852651251                                1180.8056913791343                                1179.2742238266019                                1177.4896762300873
140                                               850.1797432740947                                 1010.7574642269689                                1190.2164170199699                                1189.8514083020868                                1186.850642305391                                 1185.2846582152615                                1183.4726315651133
145                                               875.2970234479875                                 1027.9809092959244                                1197.0078128903347                                1196.3368615196168                                1193.2027947667852                                1191.6021698166478                                1189.7619270244236
150                                               901.8173158004146                                 1044.7216170361603                                1204.0734096565347                                1203.116092986721                                 1199.8532527942352                                1198.2180820161693                                1196.3489330295383
155                                               929.7406203313757                                 1060.9795874476767                                1211.4132073185701                                1210.1891027034007                                1206.8020163877418                                1205.1323948138256                                1203.233649580457
160                                               956.6115187311042                                 1076.3865704208056                                1219.053705639677                                 1217.5818404842748                                1214.0751668544049                                1212.371408218884                                 1210.4427260939256
165                                               978.853503784372                                  1090.8653534922341                                1226.841831449753                                 1225.1276714613878                                1221.5032120088063                                1219.7658028676442                                1217.80767700772
170                                               1001.0954888376397                                1105.3441365636622                                1234.62995725983                                  1232.6735024385007                                1228.931257163208                                 1227.1601975164053                                1225.1726279215145
175                                               1023.3374738909073                                1119.8229196350912                                1242.4180830699065                                1240.219333415614                                 1236.359302317609                                 1234.5545921651656                                1232.537578835309
180                                               1045.4430799995835                                1134.2546740481785                                1250.2038846771502                                1247.7634625741389                                1243.785824335887                                 1241.9474809009585                                1239.9010163523258
185                                               1062.9720648013413                                1147.1082349912672                                1257.9116904014072                                1255.2504818962725                                1251.161232765799                                 1249.2898340251395                                1247.213667115141
190                                               1080.5010496030986                                1159.9617959343555                                1265.6194961256638                                1262.7375012184066                                1258.5366411957107                                1256.632187149321                                 1254.526317877956
195                                               1098.030034404856                                 1172.8153568774433                                1273.3273018499203                                1270.2245205405407                                1265.9120496256228                                1263.9745402735025                                1261.8389686407713
200                                               1115.5590192066134                                1185.6689178205315                                1281.0351075741773                                1277.7115398626743                                1273.287458055535                                 1271.316893397684                                 1269.1516194035862
205                                               1130.8867841354372                                1197.4784656333009                                1288.492223894259                                 1284.9624425942675                                1280.4315017621511                                1278.428686307288                                 1276.234072818566
210                                               1145.412715447042                                 1208.907713034012                                 1295.858022125576                                 1292.1273356444985                                1287.491266739843                                 1285.456493544622                                 1283.2326727419618
215                                               1159.9386467586473                                1220.336960434723                                 1303.2238203568936                                1299.2922286947291                                1294.551031717535                                 1292.4843007819563                                1290.2312726653581
220                                               1174.4645780702522                                1231.7662078354342                                1310.5896185882111                                1306.4571217449602                                1301.6107966952263                                1299.5121080192903                                1297.229872588754
225                                               1188.4443293543263                                1242.905638060562                                 1317.8669422502112                                1313.537417540681                                 1308.5872904023536                                1306.4568830596431                                1304.1455625358562
230                                               1201.3411295169976                                1253.4704265568103                                1324.9688409072178                                1320.4499761672964                                1315.398676065808                                 1313.2370240850169                                1310.896860803884
235                                               1213.709852115086                                 1263.7550035100835                                1331.985197375317                                 1327.280741410997                                 1322.129550382192                                 1319.9368849131042                                1317.567997044459
240                                               1225.550497148592                                 1273.7593689203827                                1338.9160116545095                                1334.0297132717833                                1328.779913351506                                 1326.5564655439057                                1324.158971257581
245                                               1236.8630646175152                                1283.483522787707                                 1345.761283744795                                 1340.6968917496538                                1335.3497649737487                                1333.0957659774208                                1330.6697834432512
250                                               1247.833353588393                                 1292.9136141026538                                1352.3280121754483                                1347.0934923682757                                1341.6532581167376                                1339.369916011166                                 1336.9164922575446
