% Model:              batchmodel_BILLETTA_r_0.0542379_COIL_kr_1.9397_COIL_kw_4.5299_FUNZ_freq_4639.7_FUNZ_I_eff_85.0125.mph
% Version:            COMSOL 5.6.0.401
% Date:               Jan 28 2022, 01:08
% Table:              Tabella delle sonde 1 - 
% Tempo (s)                                       Temperatura (degC), Punto: (0, 0.5)               Temperatura (degC), Punto: (0.5*BILLETTA_r, 0.5)  Temperatura (degC), Punto: (BILLETTA_r-10*FUNZ_depth_billetta, 0.5)Temperatura (degC), Punto: (BILLETTA_r-5*FUNZ_depth_billetta, 0.5)Temperatura (degC), Punto: (BILLETTA_r-2*FUNZ_depth_billetta, 0.5)Temperatura (degC), Punto: (BILLETTA_r-FUNZ_depth_billetta, 0.5)Temperatura (degC), Punto: (BILLETTA_r-0.01[mm], 0.5)
0                                                 20                                                20                                                20.000000000093905                                20.000550655672555                                20.197566772299524                                20.3973766942608                                  20.599650399774873
5                                                 20.08143414654421                                 27.09525045641186                                 464.54704879911594                                575.6861460722561                                 635.0349165411128                                 646.6896908348231                                 650.9189478876573
10                                                23.400638001638356                                70.31628252522904                                 808.2167699319572                                 977.3003568725795                                 1044.9470200941787                                1055.3287475874372                                1058.038962377212
15                                                38.92462911792154                                 137.89969513401593                                1023.8549928689982                                1132.5878596224297                                1158.8949564450936                                1161.3850713680304                                1160.9596078384488
20                                                70.37063817844802                                 208.32120100053112                                1075.6039872467918                                1131.4577300190062                                1144.067197532902                                 1144.8132693824223                                1143.874673290929
25                                                112.89540237775725                                273.6028236640153                                 1106.9857357451438                                1145.415280950148                                 1153.1905538466335                                1153.2314802850665                                1152.037384171997
30                                                160.82476358039992                                332.6191738940197                                 1120.5831634200972                                1149.511654746078                                 1154.8811364615026                                1154.590328059141                                 1153.2842780430556
35                                                208.814194655984                                  385.27536199355814                                1132.7832806535998                                1155.4812764079056                                1159.1552693480908                                1158.6174189555368                                1157.2193894900893
40                                                254.2445350384627                                 431.16322604305435                                1143.0150217665296                                1161.6929492754612                                1164.2481973319595                                1163.5410995590291                                1162.074249807038
45                                                297.3204096483679                                 473.25928909536503                                1152.4577891027743                                1167.9610015086241                                1169.6239479484457                                1168.7786670619635                                1167.2523605454312
50                                                338.5957438665016                                 512.5842724551651                                 1161.3944889431446                                1174.3143555574698                                1175.2430541324989                                1174.2811497345679                                1172.7017488436709
55                                                376.3228666286294                                 547.3881220832351                                 1170.04455690334                                  1181.143962819025                                 1181.539470647861                                 1180.487385863938                                 1178.8615979545107
60                                                412.91427919979424                                581.0049865493799                                 1178.9064913940138                                1188.3653134159144                                1188.2740391904622                                1187.1373798920486                                1185.4659384940296
65                                                447.1601150809936                                 612.1703763793896                                 1188.2059927914806                                1196.395729602883                                 1195.9135209670303                                1194.7038649330575                                1192.98828500223
70                                                479.5076774775764                                 641.3517895950793                                 1197.859616763777                                 1205.0809219749722                                1204.285348356199                                 1203.0120654746147                                1201.2535730635782
75                                                510.00762479999673                                668.7045980245254                                 1207.9467688846012                                1214.3949991323148                                1213.3361070479182                                1212.0050927056159                                1210.2043831099782
80                                                538.6982739364967                                 694.3463214422139                                 1218.5275097532858                                1224.3183773993437                                1223.0253956531487                                1221.639917202163                                 1219.7972842648196
85                                                565.5455429740468                                 718.1724289502303                                 1229.5484169700258                                1234.868475965302                                 1233.3891501962034                                1231.954812559798                                 1230.0709072057834
90                                                590.6469070392972                                 741.4973289831722                                 1241.1957434950473                                1246.1366051233813                                1244.4901236401424                                1243.0077565639813                                1241.0808260330668
95                                                614.1053297191021                                 765.7094394038348                                 1253.6662294969065                                1258.2192165082397                                1256.3946023329222                                1254.8599915126638                                1252.88574401682
100                                               635.8400101960499                                 789.7191973711202                                 1266.8054828557993                                1271.0406195659716                                1269.0505679711619                                1267.4634574276943                                1265.4395936844749
105                                               655.9001000328062                                 814.3211622556768                                 1280.5692045098822                                1284.5074467523723                                1282.3505360476051                                1280.7086465735997                                1278.6322277498075
110                                               674.3560844530357                                 840.6547626314449                                 1294.8938679075513                                1298.485805432511                                 1296.1403696615416                                1294.4385206629022                                1292.3056907850628
115                                               691.157600649538                                  867.9058587595658                                 1309.824863774752                                 1313.071364011876                                 1310.5302020665713                                1308.765286035939                                 1306.5728444418128
120                                               706.3175125872622                                 895.5984504008514                                 1325.0449000438034                                1327.9291401665691                                1325.1832722378858                                1323.3527991325705                                1321.0986174786221
125                                               719.8605790802436                                 922.8163968903124                                 1339.9432960008144                                1342.4144053781733                                1339.451428254939                                 1337.554096444448                                 1335.238110240668
130                                               731.7703641220294                                 950.1678733150123                                 1354.925448775868                                 1356.9551592299458                                1353.7649423082057                                1351.7986612409577                                1349.419435919196
135                                               743.0493626219309                                 977.3316851602341                                 1369.3384037525352                                1370.8997469805058                                1367.479254582719                                 1365.4447823398523                                1363.0037400363694
140                                               756.2921693328648                                 1003.4765368305478                                1381.4922245471548                                1382.5615965016586                                1378.926155595993                                 1376.8316229120555                                1374.3375793071596
145                                               769.8763238897751                                 1029.1222567707287                                1392.4436676334967                                1392.995360520089                                 1389.1488154858303                                1386.9977428039447                                1384.4548902231168
148.7552675106536                                 780.3032099699286                                 1048.055351776154                                 1399.8781428942357                                1400.0241264955016                                1396.0215589047657                                1393.8303365881566                                1391.253582591723
