% Model:              batchmodel_BILLETTA_r_0.0445341_COIL_kr_1.9397_COIL_kw_3.7744_FUNZ_freq_2540.9_FUNZ_I_eff_61.5962.mph
% Version:            COMSOL 5.6.0.401
% Date:               Jan 27 2022, 15:56
% Table:              Tabella delle sonde 1 - 
% Tempo (s)                                       Temperatura (degC), Punto: (0, 0.5)               Temperatura (degC), Punto: (0.5*BILLETTA_r, 0.5)  Temperatura (degC), Punto: (BILLETTA_r-10*FUNZ_depth_billetta, 0.5)Temperatura (degC), Punto: (BILLETTA_r-5*FUNZ_depth_billetta, 0.5)Temperatura (degC), Punto: (BILLETTA_r-2*FUNZ_depth_billetta, 0.5)Temperatura (degC), Punto: (BILLETTA_r-FUNZ_depth_billetta, 0.5)Temperatura (degC), Punto: (BILLETTA_r-0.01[mm], 0.5)
0                                                 20                                                20                                                20.00000000000483                                 20.00001579876647                                 20.05734596769446                                 20.13801014758093                                 20.234385622897207
5                                                 20.361004956108502                                27.312383546627757                                163.40611436693945                                205.11218958306875                                232.6859287428457                                 239.64652910346308                                242.4816951397902
10                                                28.142763149089546                                63.260759739047614                                286.37919193189987                                336.63457498356627                                368.16705035529515                                375.38379606579815                                378.2198231894512
15                                                49.31364044730208                                 113.67435131350624                                404.3222530090959                                 467.8084143592873                                 504.45718514072746                                512.1530940386563                                 515.0262952691274
20                                                83.79850001413377                                 172.26940551544612                                521.427843808268                                  595.9118078929373                                 638.0375430939667                                 646.5950242731764                                 649.6345037644021
25                                                125.97925331541177                                232.97397370449056                                626.0104922090331                                 708.4713411037487                                 754.8245215770277                                 763.8791742173963                                 766.88233880532
30                                                174.31474310053625                                294.08431819050986                                720.4571996338639                                 817.7521218613516                                 871.0995959113778                                 880.5740313907942                                 883.3394547845888
35                                                224.88007991702733                                353.41185661221846                                825.0578739803012                                 944.7830984147548                                 997.1001372942973                                 1005.5651450760962                                1007.5175119529762
40                                                275.49695771675636                                410.0041392112107                                 914.6374987856267                                 1022.5569723205953                                1061.436448829293                                 1066.637997820711                                 1067.1331092510122
45                                                325.1997305755134                                 462.9926616007738                                 976.8557368515741                                 1060.6836877259207                                1085.0481329126392                                1087.4091244878423                                1086.7859291567574
50                                                372.9319902260298                                 511.6560400810738                                 1011.2164781997745                                1071.7975559141596                                1086.5465745750785                                1087.4878609954262                                1086.38591974444
55                                                417.9351501817249                                 555.6239185170211                                 1031.3874256467884                                1077.9177033421279                                1088.7299375800658                                1089.1248880089665                                1087.838434009047
60                                                459.696437900878                                  594.7759957001631                                 1045.6297360076956                                1083.1486444340298                                1091.3477214274876                                1091.3588655812846                                1089.935922541109
65                                                498.3867552392859                                 629.5263166021158                                 1056.2820785441286                                1087.6135669043128                                1094.0007057773696                                1093.7387544250969                                1092.2151368694595
70                                                534.1749114453764                                 660.6439121369677                                 1065.195506903986                                 1091.7476572214073                                1096.7020395296959                                1096.219328033229                                 1094.611931770483
75                                                567.1876129539887                                 688.7039038592073                                 1073.7206457860857                                1095.8599601699452                                1099.454821970909                                 1098.7615841169518                                1097.0737101028985
80                                                597.3868014261687                                 713.6893397218232                                 1081.3833034667136                                1099.818079035772                                 1102.2374149218854                                1101.3596204276628                                1099.5998092787872
85                                                624.7879955501733                                 737.1393455546103                                 1088.0464570486874                                1103.443781772206                                 1104.9159978279336                                1103.8883926952817                                1102.0690461536342
90                                                649.3839294179801                                 758.3332968737842                                 1093.7742611661747                                1106.820517291707                                 1107.5532259744605                                1106.40644711586                                  1104.5381591300243
95                                                671.2881169012304                                 779.0644721014474                                 1098.8801863995886                                1109.9838300540955                                1110.1047743583804                                1108.8581532154835                                1106.9477551169125
100                                               690.5700525188167                                 800.4307372462359                                 1103.5561431018891                                1112.9554807930963                                1112.543506694762                                 1111.2094533678528                                1109.2614729698148
105                                               707.182545309486                                  821.5358758374422                                 1107.6571662994465                                1115.722706341262                                 1114.8943654168456                                1113.4906001139075                                1111.511319992113
110                                               721.6261705763568                                 842.4918904219884                                 1111.8079171494228                                1118.5464235650593                                1117.2989349461222                                1115.824884722092                                 1113.813851814139
115                                               733.6793776905517                                 863.2492095676613                                 1115.731925615557                                 1121.311152744473                                 1119.694551149093                                 1118.1577394622595                                1116.1174818453478
120                                               744.6317938267691                                 883.4258280689379                                 1119.5168274341095                                1124.0649038779297                                1122.116035911888                                 1120.521846793944                                 1118.4540669405378
125                                               755.9332500029101                                 902.5922861510609                                 1123.261144884385                                 1126.8616510024626                                1124.6025368669416                                1122.953949152868                                 1120.8594213700094
130                                               766.6340968333781                                 921.029882949034                                  1126.9003451892158                                1129.666040748973                                 1127.128412043135                                 1125.4299799884625                                1123.3100865379906
135                                               780.7704098412186                                 938.6046547292589                                 1130.5219277123988                                1132.5240259391808                                1129.7292493193127                                1127.9839406287415                                1125.8394142133034
140                                               797.0409146648375                                 955.3597928470305                                 1134.097681713546                                 1135.420790886807                                 1132.3935747787805                                1130.6048686781437                                1128.436651425287
145                                               815.7067958732765                                 971.4360188598044                                 1137.6548674208943                                1138.3699930957227                                1135.13107715039                                  1133.3018492289661                                1131.1106406580348
150                                               837.7000719049955                                 987.0868472362303                                 1141.2548142196974                                1141.402586699844                                 1137.9640374036444                                1136.0958430076225                                1133.8818107352272
155                                               862.4874369030143                                 1002.1672156627509                                1144.8624291128526                                1144.500859580789                                 1140.879706250499                                 1138.9748561761144                                1136.7384721764097
160                                               885.9894553247151                                 1016.735679012287                                 1148.6030688203741                                1147.7551307496765                                1143.956782875896                                 1142.0155879211002                                1139.7563579067196
165                                               908.7619560380307                                 1030.784259100507                                 1152.4596533116928                                1151.1530941133778                                1147.184544404472                                 1145.2075878698142                                1142.925149207892
170                                               931.4062531935525                                 1044.3043248623267                                1156.4137048418288                                1154.6814365311684                                1150.5513904731256                                1148.5395504615258                                1146.2336829474107
175                                               953.9223467912803                                 1057.2958762977469                                1160.465223410783                                 1158.3401580030486                                1154.0573210818566                                1152.0114756962348                                1149.681959125277
180                                               976.3102368312144                                 1069.7589134067675                                1164.6142090185544                                1162.129258529018                                 1157.7023362306645                                1155.6233635739413                                1153.26997774149
185                                               993.3587520554976                                 1080.2814536055812                                1168.98470823036                                  1166.1991087139095                                1161.6436838707118                                1159.5329342590162                                1157.1549049430764
190                                               1009.3048321241532                                1090.462534704156                                 1173.3896242010392                                1170.3117380028616                                1165.6300046007177                                1163.4876529517005                                1161.0848450634962
195                                               1025.2509121928088                                1100.6436158027304                                1177.7945401717184                                1174.4243672918128                                1169.616325330724                                 1167.4423716443848                                1165.014785183916
200                                               1041.1969922614644                                1110.8246969013053                                1182.1994561423971                                1178.5369965807645                                1173.6026460607309                                1171.3970903370691                                1168.9447253043359
205                                               1057.1430723301205                                1121.0057779998797                                1186.6043721130764                                1182.6496258697166                                1177.5889667907368                                1175.351809029754                                 1172.8746654247557
210                                               1069.7275418114218                                1129.7782456018554                                1191.190005535866                                 1186.9918358309565                                1181.8186192065914                                1179.5509857885677                                1177.0482631459836
215                                               1081.6080151433648                                1138.2557181555435                                1195.8134852192807                                1191.3821250997357                                1186.09923069858                                  1183.801357512641                                 1181.2728881971984
220                                               1093.4884884753078                                1146.7331907092316                                1200.4369649026949                                1195.772414368515                                 1190.379842190569                                 1188.051729236715                                 1185.4975132484137
225                                               1105.3689618072508                                1155.2106632629198                                1205.060444586109                                 1200.1627036372947                                1194.6604536825575                                1192.3021009607887                                1189.7221382996286
230                                               1117.2494351391938                                1163.6881358166079                                1209.6839242695237                                1204.552992906074                                 1198.941065174547                                 1196.552472684862                                 1193.9467633508439
235                                               1127.0546227474792                                1171.1601888302457                                1214.2381014484495                                1208.9128317262812                                1203.2069770505254                                1200.7916544544837                                1198.1622959788742
240                                               1136.4251992905297                                1178.4216845927408                                1218.7777651389642                                1213.26629354416                                  1207.4698104994231                                1205.0284927983453                                1202.3759244509224
245                                               1145.7957758335801                                1185.683180355236                                 1223.317428829479                                 1217.619755362039                                 1211.7326439483213                                1209.2653311422068                                1206.5895529229701
250                                               1155.1663523766306                                1192.9446761177305                                1227.8570925199938                                1221.9732171799183                                1215.9954773972186                                1213.5021694860684                                1210.8031813950183
