% Model:              batchmodel_BILLETTA_r_0.0335556_COIL_kr_1.9397_COIL_kw_4.5299_FUNZ_freq_8940.8_FUNZ_I_eff_85.0125.mph
% Version:            COMSOL 5.6.0.280
% Date:               Jan 27 2022, 18:43
% Table:              Tabella delle sonde 1 - 
% Tempo (s)                                       Temperatura (degC), Punto: (0, 0.5)               Temperatura (degC), Punto: (0.5*BILLETTA_r, 0.5)  Temperatura (degC), Punto: (BILLETTA_r-10*FUNZ_depth_billetta, 0.5)Temperatura (degC), Punto: (BILLETTA_r-5*FUNZ_depth_billetta, 0.5)Temperatura (degC), Punto: (BILLETTA_r-2*FUNZ_depth_billetta, 0.5)Temperatura (degC), Punto: (BILLETTA_r-FUNZ_depth_billetta, 0.5)Temperatura (degC), Punto: (BILLETTA_r-0.01[mm], 0.5)
0                                                 20                                                20                                                20.000000000639375                                20.002371558542166                                20.38915703311801                                 20.766174846308672                                21.10195982072429
5                                                 28.33416282383598                                 99.30791783576893                                 820.2129998845427                                 998.3811240949473                                 1069.6737029496194                                1080.6902109612256                                1083.8319864194928
10                                                109.52093443471989                                274.66177290249266                                1086.1243682959803                                1138.688626323792                                 1151.0179995895487                                1151.9978037870096                                1151.4723468502002
15                                                238.52906994047117                                422.0405041143496                                 1128.7100841593447                                1150.7950850344228                                1155.3555177185654                                1155.268264152187                                 1154.3877898519813
20                                                357.03168152349895                                534.862683427125                                  1157.8299980275738                                1174.7022815152877                                1177.540035836436                                 1177.1581565084498                                1176.1378706934788
25                                                455.37977876510604                                622.6155323538571                                 1180.7737545276827                                1192.7279908703176                                1194.1563784544883                                1193.5474884698315                                1192.421024590299
30                                                537.0059373177814                                 694.2067566890888                                 1204.2342152203182                                1213.4012936368426                                1213.9896126756125                                1213.2295726897955                                1212.016976708123
35                                                605.5220467186551                                 756.6451182417585                                 1231.3060619824487                                1238.9762192070216                                1239.0756545522331                                1238.2091890734673                                1236.9192196997715
40                                                661.7714082200911                                 823.9383140767085                                 1262.5657440199539                                1269.2697609053912                                1268.9832835406219                                1268.0135196026808                                1266.6357541561633
45                                                705.918223099699                                  892.799820759957                                  1297.6879082478408                                1303.7691050552503                                1303.154001064731                                 1302.0790498421502                                1300.6028523439913
50                                                739.4561121807853                                 963.0355966758499                                 1336.155869862038                                 1341.5644321572609                                1340.5706820964324                                1339.374362780729                                 1337.7854003590942
55                                                780.9253057293523                                 1029.139535021788                                 1370.8103424705241                                1375.0862792365974                                1373.6113039505367                                1372.2864391050803                                1370.5885855218344
57.12526966363108                                 799.6705723511085                                 1056.3607595261146                                1384.879493101339                                 1388.572180144236                                 1386.8678329976274                                1385.4859116738348                                1383.7418167515052
