% Model:              batchmodel_BILLETTA_r_0.0131664_COIL_kr_2.4069_COIL_kw_5.8583_FUNZ_freq_2540.9_FUNZ_I_eff_61.5962.mph
% Version:            COMSOL 5.6.0.401
% Date:               Jan 27 2022, 13:28
% Table:              Tabella delle sonde 1 - 
% Tempo (s)                                       Temperatura (degC), Punto: (0, 0.5)               Temperatura (degC), Punto: (0.5*BILLETTA_r, 0.5)  Temperatura (degC), Punto: (BILLETTA_r-10*FUNZ_depth_billetta, 0.5)Temperatura (degC), Punto: (BILLETTA_r-5*FUNZ_depth_billetta, 0.5)Temperatura (degC), Punto: (BILLETTA_r-2*FUNZ_depth_billetta, 0.5)Temperatura (degC), Punto: (BILLETTA_r-FUNZ_depth_billetta, 0.5)Temperatura (degC), Punto: (BILLETTA_r-0.01[mm], 0.5)
0                                                 20                                                20                                                20.000000000003354                                20.000009435710467                                20.028707226212987                                20.093015938971007                                20.16106434641648
5                                                 156.72006460831903                                195.85398522000662                                237.6264752388833                                 278.7769824252699                                 305.3535730374689                                 311.35594815135323                                313.71890033137163
10                                                370.1787197190231                                 424.4606435791907                                 484.00615501104517                                543.8293996393332                                 578.0964443853377                                 584.9513971499505                                 587.3838607946838
15                                                566.2584180163751                                 627.7740976365066                                 695.7443963119613                                 768.4237450959987                                 809.4719344161687                                 817.0608741807172                                 819.29864730156
20                                                706.5753521718062                                 781.6313334762557                                 895.2305207108371                                 993.1226563124061                                 1031.4767826625148                                1036.97053206288                                  1037.6977829733646
25                                                850.1229355176025                                 959.2561223507035                                 1038.9821389749372                                1076.5349146639605                                1084.6225622860493                                1084.6103764727                                   1083.1997674553363
30                                                1027.971458696822                                 1072.7168132706843                                1094.8575683015242                                1102.038356208051                                 1101.172733576709                                 1099.8123088085817                                1097.8945108717917
35                                                1113.7818440341857                                1123.330535227492                                 1125.8701958651595                                1123.7894712772509                                1119.9401831092518                                1118.0733844625574                                1115.9215417176833
40                                                1139.686764241862                                 1142.0574272570616                                1141.0114321866745                                1136.9153604071907                                1132.2731670020294                                1130.243795223315                                 1127.9950456434062
45                                                1150.0276413513243                                1150.9036880368112                                1148.737088386034                                 1143.9629109227412                                1139.0217598536274                                1136.9237932989581                                1134.6285106052878
50                                                1155.560103313062                                 1155.8063736711033                                1153.0824187370768                                1147.9529958156554                                1142.8559458802397                                1140.7216700103568                                1138.4008772804964
55                                                1159.345528260922                                 1159.024055235354                                 1155.9019482672315                                1150.5188370238784                                1145.315222610801                                 1143.1569108082872                                1140.8195257969332
60                                                1160.7248503364467                                1160.1951355994674                                1156.9328385129152                                1151.4614167895738                                1146.2197829931092                                1144.0527522555817                                1141.7092971015227
65                                                1162.0417897671691                                1161.3168743337365                                1157.9214728093912                                1152.3664199775985                                1147.0885288395211                                1144.913146294983                                 1142.5638670809722
70                                                1163.3587291978915                                1162.438613068005                                 1158.9101071058672                                1153.2714231656228                                1147.9572746859335                                1145.773540334385                                 1143.4184370604212
75                                                1164.1507862727594                                1163.1233564715903                                1159.5202200342678                                1153.834192825912                                 1148.4991360957429                                1146.3104660004697                                1143.9518177348714
80                                                1164.8002453838171                                1163.6893787109852                                1160.027497773518                                 1154.303985834084                                 1148.952190833847                                 1146.759513057419                                 1144.3979389684587
85                                                1165.4497044948748                                1164.2554009503797                                1160.5347755127677                                1154.7737788422564                                1149.4052455719502                                1147.2085601143685                                1144.8440602020464
90                                                1165.8322563758215                                1164.592974940515                                 1160.839654941149                                 1155.0575259697025                                1149.6794124252979                                1147.480389943686                                 1145.1141480518863
95                                                1166.0502098471402                                1164.7896677020117                                1161.019717817851                                 1155.2265408882363                                1149.8432613179043                                1147.642932085987                                 1145.2756782766892
100                                               1166.2681633184584                                1164.986360463508                                 1161.1997806945537                                1155.39555580677                                  1150.0071102105112                                1147.8054742282875                                1145.437208501492
105                                               1166.4861167897775                                1165.1830532250042                                1161.379843571256                                 1155.5645707253038                                1150.170959103118                                 1147.9680163705884                                1145.5987387262944
110                                               1166.7040702610961                                1165.379745986501                                 1161.5599064479584                                1155.7335856438372                                1150.3348079957254                                1148.1305585128898                                1145.7602689510968
115                                               1166.795586050389                                 1165.4653741862912                                1161.639942795693                                 1155.809648846603                                 1150.4088942911094                                1148.204111414003                                 1145.8333829235949
120                                               1166.8091292745703                                1165.4825102353993                                1161.6582940119247                                1155.8283898682448                                1150.4276250955954                                1148.2227857433845                                1145.8519716795645
125                                               1166.8226724987521                                1165.4996462845074                                1161.6766452281558                                1155.847130889887                                 1150.446355900081                                 1148.2414600727657                                1145.8705604355341
130                                               1166.836215722934                                 1165.516782333615                                 1161.6949964443875                                1155.8658719115288                                1150.465086704567                                 1148.2601344021473                                1145.8891491915042
135                                               1166.8497589471153                                1165.5339183827232                                1161.7133476606186                                1155.884612933171                                 1150.4838175090536                                1148.2788087315294                                1145.9077379474738
140                                               1166.829411657904                                 1165.5191565551322                                1161.7018046847302                                1155.8748917079702                                1150.4748035690445                                1148.2699341089588                                1145.8989408262596
145                                               1166.7881645054572                                1165.4847236988735                                1161.6718263278372                                1155.8476181648248                                1150.448679785974                                 1148.244070386183                                 1145.8732551710436
150                                               1166.7469173530108                                1165.4502908426152                                1161.6418479709437                                1155.8203446216794                                1150.422556002903                                 1148.2182066634073                                1145.8475695158286
155                                               1166.7056702005639                                1165.4158579863565                                1161.6118696140506                                1155.7930710785336                                1150.3964322198317                                1148.1923429406315                                1145.8218838606135
160                                               1166.664423048117                                 1165.3814251300978                                1161.5818912571576                                1155.7657975353882                                1150.3703084367612                                1148.1664792178553                                1145.796198205398
165                                               1166.626954574223                                 1165.3489356262494                                1161.5529023722183                                1155.7390091277211                                1150.344490745766                                 1148.1408920687818                                1145.7707784584
170                                               1166.5918163649685                                1165.317644563957                                 1161.5245236824767                                1155.712519897144                                 1150.3188618179938                                1148.1154754793129                                1145.7455226937323
175                                               1166.556678155714                                 1165.286353501664                                 1161.496144992735                                 1155.6860306665662                                1150.293232890222                                 1148.0900588898435                                1145.7202669290646
180                                               1166.5215399464596                                1165.2550624393716                                1161.4677663029938                                1155.6595414359886                                1150.2676039624503                                1148.0646423003745                                1145.6950111643969
185                                               1166.4864017372047                                1165.2237713770792                                1161.4393876132517                                1155.6330522054113                                1150.241975034678                                 1148.0392257109056                                1145.6697553997292
190                                               1166.4585412163747                                1165.198718475884                                 1161.4165360763209                                1155.6116517511423                                1150.2212441375545                                1148.0186624288372                                1145.6493208637667
195                                               1166.4351687565832                                1165.1775125719978                                1161.3970930666233                                1155.5933894827026                                1150.2035337957554                                1148.0010921218159                                1145.6318595203138
200                                               1166.4117962967916                                1165.1563066681115                                1161.3776500569252                                1155.5751272142634                                1150.1858234539563                                1147.9835218147946                                1145.6143981768605
205                                               1166.3884238370006                                1165.1351007642247                                1161.3582070472266                                1155.5568649458241                                1150.1681131121577                                1147.9659515077733                                1145.596936833408
210                                               1166.365051377209                                 1165.1138948603384                                1161.3387640375286                                1155.538602677384                                 1150.1504027703581                                1147.948381200752                                 1145.5794754899548
215                                               1166.34968539911                                  1165.0998067032351                                1161.325770562646                                 1155.5263601694223                                1150.1385172215364                                1147.9365875777048                                1145.5677543273146
220                                               1166.3392569199045                                1165.0901079731257                                1161.3167544366474                                1155.5178299737904                                1150.1302237509803                                1147.9283563646923                                1145.5595730636583
225                                               1166.328828440699                                 1165.0804092430158                                1161.307738310648                                 1155.509299778158                                 1150.1219302804247                                1147.9201251516802                                1145.551391800002
230                                               1166.318399961493                                 1165.0707105129068                                1161.2987221846488                                1155.5007695825257                                1150.1136368098691                                1147.9118939386676                                1145.5432105363457
235                                               1166.307971482288                                 1165.0610117827969                                1161.2897060586492                                1155.4922393868928                                1150.105343339313                                 1147.9036627256555                                1145.5350292726894
240                                               1166.3025682079456                                1165.055844647568                                 1161.2848307430627                                1155.4875931929405                                1150.1008151187043                                1147.8991668199246                                1145.5305600942406
245                                               1166.3026042695315                                1165.0555825594984                                1161.284437485314                                 1155.487151084285                                 1150.1003624452355                                1147.8987140510708                                1145.5301089168447
250                                               1166.3055322476853                                1165.0579283241777                                1161.286427190761                                 1155.488944149939                                 1150.102076606553                                 1147.9004108855288                                1145.531793978867
