% Model:              batchmodel_BILLETTA_r_0.0445341_COIL_kr_2.4069_COIL_kw_5.3284_FUNZ_freq_8940.8_FUNZ_I_eff_61.5962.mph
% Version:            COMSOL 5.6.0.401
% Date:               Jan 27 2022, 18:29
% Table:              Tabella delle sonde 1 - 
% Tempo (s)                                       Temperatura (degC), Punto: (0, 0.5)               Temperatura (degC), Punto: (0.5*BILLETTA_r, 0.5)  Temperatura (degC), Punto: (BILLETTA_r-10*FUNZ_depth_billetta, 0.5)Temperatura (degC), Punto: (BILLETTA_r-5*FUNZ_depth_billetta, 0.5)Temperatura (degC), Punto: (BILLETTA_r-2*FUNZ_depth_billetta, 0.5)Temperatura (degC), Punto: (BILLETTA_r-FUNZ_depth_billetta, 0.5)Temperatura (degC), Punto: (BILLETTA_r-0.01[mm], 0.5)
0                                                 19.999999999999943                                20                                                20.00000000008515                                 20.000328760255172                                20.213487945206225                                20.49205024131072                                 20.759581693877976
5                                                 20.65911664434236                                 37.04749360014347                                 451.61804322238834                                523.7512784301967                                 564.2589330978786                                 572.5259832007476                                 575.6147292769191
10                                                31.511671987848388                                105.77511233142167                                791.5019268420987                                 915.5462173466766                                 975.1969670406087                                 985.5320723905                                    988.750438850246
15                                                68.53786273138525                                 198.2311581463734                                 990.3532369063292                                 1065.2601901115095                                1086.745120305694                                 1089.2886717508295                                1089.4150200279873
20                                                129.10105435713228                                288.1244489345398                                 1044.82374101516                                  1087.9138830755037                                1099.630636794735                                 1100.6864423015845                                1100.2871634192306
25                                                197.9689572028081                                 366.959390133087                                  1056.7835564426105                                1086.7192150087149                                1093.7580054304644                                1094.209458489021                                 1093.6306035067528
30                                                262.6971970252539                                 429.0859219141605                                 1075.9218160277192                                1100.146567154357                                 1105.658848763322                                 1105.8309255610343                                1105.1313395299467
35                                                321.9201183758586                                 483.6578300538887                                 1092.65349805401                                  1112.0829048908663                                1116.1895618334393                                1116.114544172592                                 1115.3097988539325
40                                                375.8912547966901                                 531.9475884224845                                 1104.1811683663136                                1119.5989149330858                                1122.4694324223155                                1122.1997978083077                                1121.3184652879986
45                                                424.49387122657754                                574.653233961351                                  1113.77099964117                                  1126.1919172950738                                1128.142764109154                                 1127.7275714717066                                1126.7873608621103
50                                                469.248418330563                                  613.4200440212502                                 1122.4635973268687                                1132.5874483591674                                1133.826853301483                                 1133.2966838850152                                1132.3077854125795
55                                                509.9190786226276                                 647.9725101750658                                 1130.3235704031886                                1138.860212463207                                 1139.5975938643905                                1138.9829572494555                                1137.955369763777
60                                                547.0770165350071                                 679.105928400388                                  1137.968643036273                                 1145.2056381910675                                1145.5260257448704                                1144.8392699979804                                1143.7768000125452
65                                                580.7579242969585                                 706.8904758834492                                 1145.487277402101                                 1151.653668819702                                 1151.6248598269694                                1150.875816048942                                 1149.7814062788889
70                                                611.5331835683758                                 734.0878986896001                                 1153.4490965608393                                1158.67494481708                                  1158.3331674600317                                1157.5262030658787                                1156.4001152357641
75                                                639.4813999783219                                 761.0618373814567                                 1161.9408845105709                                1166.3342993549177                                1165.709008833303                                 1164.8473931505528                                1163.6894092786665
80                                                664.4865221423755                                 787.2754221288775                                 1170.8345155274374                                1174.5360143603011                                1173.666665335762                                 1172.755288880836                                 1171.5658992117988
85                                                686.5485500605369                                 812.7286529318632                                 1180.1299896114374                                1183.2800898332312                                1182.2061369674075                                1181.2498902567281                                1180.0295850351608
90                                                706.2942995146208                                 838.8826495066156                                 1189.9470373308532                                1192.6054017675438                                1191.3426839219774                                1190.3432114517122                                1189.091729581205
95                                                723.5516325677542                                 865.3361549914408                                 1200.2527779357056                                1202.5012739269882                                1201.0721154015641                                1200.0319530992174                                1198.749239818776
100                                               738.1951015248665                                 891.7967483817343                                 1211.023249164265                                 1212.9599258695876                                1211.3913773092772                                1210.3137107441944                                1208.9998616623648
105                                               751.7301259334987                                 918.076050912213                                  1222.2651381982655                                1223.9558411072308                                1222.2654277932384                                1221.1520894542718                                1219.8068386566724
110                                               770.1305673551955                                 943.4265309949013                                 1234.0049813597484                                1235.3877641674753                                1233.5552124799883                                1232.4026655118996                                1231.0243124754925
115                                               789.4971344226177                                 968.3361215083524                                 1246.2254577164517                                1247.3217870722942                                1245.3514956954882                                1244.1597079504795                                1242.7474885577813
120                                               809.8298271357659                                 992.8048224525668                                 1258.926567268375                                 1259.7579098216875                                1257.6542774397385                                1256.4232167700115                                1254.9763669035397
125                                               837.038860441107                                  1016.3540544857775                                1271.6985799639033                                1272.256943535545                                 1270.0155619038778                                1268.7438721920444                                1267.2611498296765
130                                               867.6734858408319                                 1039.5615128983045                                1284.330334100332                                 1284.6033103560653                                1282.2201114725044                                1280.9070580555144                                1279.3880644090013
135                                               898.3081112405565                                 1062.7689713108311                                1296.9620882367612                                1296.9496771765853                                1294.42466104113                                  1293.070243918984                                 1291.5149789883258
140                                               928.920729368957                                  1085.865672519099                                 1309.5697969374341                                1309.2727876303884                                1306.606162527849                                 1305.21039179307                                  1303.618831402534
145                                               959.2335997489666                                 1107.4538167552032                                1321.8499972832324                                1321.2791371620183                                1318.4737400139643                                1317.0367531307152                                1315.40856799726
150                                               989.5464701289765                                 1129.0419609913074                                1334.1301976290306                                1333.2854866936486                                1330.3413175000796                                1328.8631144683604                                1327.1983045919856
155                                               1019.8593405089858                                1150.6301052274111                                1346.4103979748288                                1345.2918362252785                                1342.208894986195                                 1340.6894758060057                                1338.9880411867111
160                                               1047.3966552443612                                1170.4215413013821                                1357.0787774200999                                1355.7044996151662                                1352.496150772025                                 1350.9399430273506                                1349.2057651253408
165                                               1072.0667370314286                                1188.3569234890183                                1366.0820971135709                                1364.4708370076992                                1361.150886432833                                 1359.562463951876                                 1357.799552432965
170                                               1096.736818818496                                 1206.2923056766545                                1375.0854168070418                                1373.2371744002326                                1369.8056220936414                                1368.184984876401                                 1366.3933397405885
175                                               1121.4069006055634                                1224.2276878642906                                1384.0887365005128                                1382.0035117927664                                1378.4603577544494                                1376.8075058009263                                1374.9871270482126
180                                               1146.0769823926307                                1242.1630700519263                                1393.0920561939838                                1390.7698491852993                                1387.1150934152574                                1385.4300267254516                                1383.5809143558367
182.5406170203629                                 1158.6124283290242                                1251.2764575024507                                1397.666853644584                                 1395.2242303824419                                1391.512767160576                                 1389.811331409308                                 1387.9476188164622
