% Model:              batchmodel_BILLETTA_r_0.0131664_COIL_kr_1.6756_COIL_kw_5.3284_FUNZ_freq_2540.9_FUNZ_I_eff_85.0125.mph
% Version:            COMSOL 5.6.0.401
% Date:               Jan 27 2022, 12:34
% Table:              Tabella delle sonde 1 - 
% Tempo (s)                                       Temperatura (degC), Punto: (0, 0.5)               Temperatura (degC), Punto: (0.5*BILLETTA_r, 0.5)  Temperatura (degC), Punto: (BILLETTA_r-10*FUNZ_depth_billetta, 0.5)Temperatura (degC), Punto: (BILLETTA_r-5*FUNZ_depth_billetta, 0.5)Temperatura (degC), Punto: (BILLETTA_r-2*FUNZ_depth_billetta, 0.5)Temperatura (degC), Punto: (BILLETTA_r-FUNZ_depth_billetta, 0.5)Temperatura (degC), Punto: (BILLETTA_r-0.01[mm], 0.5)
0                                                 20                                                20                                                20.00000000004411                                 20.000179792955294                                20.1077176940571                                  20.21079118615478                                 20.32043913698317
5                                                 245.380964638794                                  317.16076199998486                                397.3529656027322                                 479.45373389378074                                524.8375279555869                                 533.8347708190349                                 537.1101271796896
10                                                547.4356627550457                                 638.5791649270235                                 751.7831070049068                                 883.3107789650002                                 944.904721027333                                  955.0539996636322                                 957.7386950428546
15                                                742.7799481035815                                 901.9943123046804                                 1044.0930321399296                                1103.831849738569                                 1115.6644142087243                                1115.9060499597272                                1114.4437743691165
20                                                1028.5173691272812                                1097.9733215723086                                1125.6138582055428                                1133.423972113947                                 1132.1528258839717                                1130.6085208347067                                1128.5207037958262
25                                                1135.6764065840703                                1153.714911735458                                 1161.1694329977058                                1160.933102274685                                 1157.2722735296502                                1155.3130472200814                                1153.0017603173687
30                                                1169.8757346486727                                1177.7367191330304                                1179.7787750421157                                1176.8973843125086                                1172.305447032707                                 1170.16081929557                                  1167.7343080362934
35                                                1189.1305843540995                                1193.6880325733846                                1193.6173906933518                                1189.545277751913                                 1184.4704575628261                                1182.2145129391356                                1179.706885640203
40                                                1203.6567291195092                                1206.5210432114923                                1205.2800634294576                                1200.4905409505095                                1195.0921087552902                                1192.753332084881                                 1190.179236525636
45                                                1213.571391313692                                 1215.780814750312                                 1214.032841578533                                 1208.893562043786                                 1203.3150436611768                                1200.923755592155                                 1198.3029180072313
50                                                1223.4860535078742                                1225.0405862891316                                1222.7856197276083                                1217.296583137062                                 1211.537978567063                                 1209.0941790994298                                1206.426599488826
55                                                1231.5251421303183                                1232.6689708293752                                1230.079686868456                                 1224.3463707603396                                1218.454351037015                                 1215.9700789277344                                1213.2655928791746
60                                                1239.442927547008                                 1240.191844993627                                 1237.27941149764                                  1231.3086376590145                                1225.2862212435602                                1222.7622551023533                                1220.0214987350155
65                                                1245.0801599219126                                1245.60246012176                                  1242.496544443938                                 1236.3758715570912                                1230.2663240700285                                1227.7147932085004                                1224.9482381675125
70                                                1250.2469080766532                                1250.5773105352891                                1247.3046633990084                                1241.0521550553594                                1234.8644023104507                                1232.2878090381778                                1229.4976156520652
75                                                1255.4136562313938                                1255.5521609488183                                1252.1127823540792                                1245.7284385536277                                1239.4624805508738                                1236.8608248678552                                1234.0469931366183
80                                                1260.5804043861344                                1260.527011362347                                 1256.9209013091495                                1250.404722051896                                 1244.060558791297                                 1241.4338406975326                                1238.596370621171
85                                                1264.8597695043995                                1264.6562400307412                                1260.9181763196834                                1254.2960206804655                                1247.8878225265235                                1245.2402966957598                                1242.3830217124996
90                                                1268.5680398240397                                1268.241250294679                                 1264.393614941434                                 1257.6821250945222                                1251.2190116958318                                1248.553416316593                                 1245.6788035196068
95                                                1272.27631014368                                  1271.8262605586183                                1267.8690535631845                                1261.0682295085785                                1254.5502008651397                                1251.8665359374259                                1248.9745853267145
100                                               1275.98458046332                                  1275.4112708225566                                1271.344492184935                                 1264.4543339226352                                1257.881390034448                                 1255.1796555582587                                1252.2703671338218
105                                               1279.2078741945365                                1278.5284877912113                                1274.3672286781957                                1267.399777112853                                 1260.7790820206387                                1258.061566190207                                 1255.1370896121648
110                                               1281.6658263396407                                1280.907480129787                                 1276.6755559126887                                1269.6498127967247                                1262.9926720736175                                1260.2629858884125                                1257.326713535544
115                                               1284.1237784847458                                1283.2864724683636                                1278.983883147182                                 1271.8998484805975                                1265.2062621265968                                1262.4644055866179                                1259.5163374589233
120                                               1286.58173062985                                  1285.6654648069393                                1281.292210381675                                 1274.1498841644698                                1267.4198521795756                                1264.6658252848233                                1261.7059613823026
125                                               1289.0396827749546                                1288.0444571455155                                1283.6005376161684                                1276.399919848342                                 1269.6334422325544                                1266.8672449830287                                1263.8955853056814
130                                               1291.146623951457                                 1290.0835636587026                                1285.5789581616154                                1278.3282605431755                                1271.530432489095                                 1268.7537501999168                                1265.771916517739
135                                               1292.6996346953051                                1291.5862963284708                                1287.0367529393634                                1279.7489343546326                                1272.9277965860365                                1270.143288853108                                 1267.1538404814396
140                                               1294.2526454391532                                1293.0890289982399                                1288.494547717111                                 1281.1696081660893                                1274.325160682979                                 1271.5328275062998                                1268.53576444514
145                                               1295.8056561830017                                1294.591761668008                                 1289.9523424948588                                1282.5902819775465                                1275.7225247799206                                1272.9223661594915                                1269.9176884088397
150                                               1297.3586669268498                                1296.0944943377767                                1291.4101372726068                                1284.0109557890028                                1277.1198888768627                                1274.3119048126828                                1271.2996123725402
155                                               1298.679736286379                                 1297.3724827181409                                1292.6496622255759                                1285.2187605343447                                1278.307800960129                                 1275.4931433602178                                1272.4743596808253
160                                               1299.6347789320484                                1298.2958021206032                                1293.5447355536944                                1286.0906365924384                                1279.1651768068282                                1276.3456634973054                                1273.3221614955642
165                                               1300.5898215777174                                1299.2191215230655                                1294.4398088818134                                1286.9625126505325                                1280.0225526535273                                1277.1981836343934                                1274.169963310303
170                                               1301.5448642233869                                1300.1424409255278                                1295.3348822099315                                1287.8343887086266                                1280.8799285002265                                1278.050703771481                                 1275.017765125042
175                                               1302.4999068690563                                1301.0657603279906                                1296.2299555380505                                1288.7062647667199                                1281.737304346926                                 1278.903223908569                                 1275.8655669397808
180                                               1303.3083856491812                                1301.8472769853283                                1296.987469841834                                 1289.4440901888606                                1282.4628423924487                                1279.6246526781856                                1276.5830062117657
185                                               1303.8855719834432                                1302.4050147212524                                1297.5279022402601                                1289.9703702935813                                1282.9803271952555                                1280.1392061521674                                1277.0947203464484
190                                               1304.4627583177053                                1302.9627524571765                                1298.0683346386863                                1290.4966503983005                                1283.4978119980628                                1280.65375962615                                  1277.6064344811316
195                                               1305.0399446519677                                1303.5204901931006                                1298.6087670371126                                1291.0229305030207                                1284.0152968008701                                1281.1683131001319                                1278.1181486158148
200                                               1305.6171309862298                                1304.0782279290247                                1299.1491994355392                                1291.5492106077409                                1284.5327816036774                                1281.6828665741136                                1278.6298627504975
205                                               1306.1040986001603                                1304.5488186419057                                1299.605209742646                                 1291.9932908398464                                1284.9694492026879                                1282.1170647848612                                1279.0616699393886
210                                               1306.448692045597                                 1304.8818826319848                                1299.927993541885                                 1292.3076514475683                                1285.2785791670653                                1282.4244543494092                                1279.3673759718663
215                                               1306.7932854910332                                1305.2149466220644                                1300.2507773411244                                1292.6220120552907                                1285.5877091314433                                1282.7318439139576                                1279.6730820043435
220                                               1307.1378789364699                                1305.5480106121436                                1300.5735611403638                                1292.9363726630131                                1285.8968390958207                                1283.0392334785056                                1279.9787880368208
225                                               1307.4824723819065                                1305.8810746022227                                1300.8963449396028                                1293.2507332707355                                1286.2059690601986                                1283.3466230430536                                1280.284494069298
230                                               1307.7725526726676                                1306.1614991539927                                1301.1681533173783                                1293.515470897396                                 1286.4663104089877                                1283.605500567805                                 1280.5419550175075
235                                               1307.9766057504485                                1306.3588534047017                                1301.3595173791855                                1293.701898494376                                 1286.6496584403053                                1283.7878212393598                                1280.7232803950592
240                                               1308.1806588282293                                1306.5562076554102                                1301.5508814409932                                1293.8883260913572                                1286.8330064716224                                1283.9701419109147                                1280.9046057726105
245                                               1308.3847119060097                                1306.753561906119                                 1301.7422455028004                                1294.0747536883378                                1287.01635450294                                  1284.1524625824695                                1281.0859311501617
250                                               1308.5887649837905                                1306.950916156828                                 1301.933609564608                                 1294.2611812853183                                1287.199702534257                                 1284.3347832540244                                1281.267256527713
