% Model:              batchmodel_BILLETTA_r_0.0542379_COIL_kr_2.7711_COIL_kw_4.5299_FUNZ_freq_4639.7_FUNZ_I_eff_85.0125.mph
% Version:            COMSOL 5.6.0.401
% Date:               Jan 28 2022, 04:42
% Table:              Tabella delle sonde 1 - 
% Tempo (s)                                       Temperatura (degC), Punto: (0, 0.5)               Temperatura (degC), Punto: (0.5*BILLETTA_r, 0.5)  Temperatura (degC), Punto: (BILLETTA_r-10*FUNZ_depth_billetta, 0.5)Temperatura (degC), Punto: (BILLETTA_r-5*FUNZ_depth_billetta, 0.5)Temperatura (degC), Punto: (BILLETTA_r-2*FUNZ_depth_billetta, 0.5)Temperatura (degC), Punto: (BILLETTA_r-FUNZ_depth_billetta, 0.5)Temperatura (degC), Punto: (BILLETTA_r-0.01[mm], 0.5)
0                                                 20                                                20                                                20.000000000093905                                20.000550654801714                                20.197566707048907                                20.39737659605379                                 20.59965027614311
5                                                 20.091327737117126                                27.31715860390875                                 490.0473094375744                                 605.7807638218513                                 667.5328176815265                                 679.4882265106085                                 683.7831048154636
10                                                23.759994175991153                                72.82414413778497                                 839.7200284678505                                 1012.9159555959715                                1077.5828810627481                                1086.8389423699941                                1088.975846559561
15                                                40.50382591262161                                 141.44746519300332                                1022.4854536036918                                1122.0003730883268                                1145.9194323292536                                1148.1648410220841                                1147.7037187514075
20                                                70.63045808813473                                 212.00733586737874                                1086.0190035805163                                1139.070058321705                                 1150.8983072651936                                1151.516833094634                                 1150.5185324187992
25                                                112.43109831552755                                278.9227279567226                                 1108.7577696348299                                1143.8182559263296                                1150.8299835106636                                1150.7780674006772                                1149.5607428682015
30                                                160.89854116467353                                340.03825886970685                                1124.3565264683352                                1150.911776104152                                 1155.630898990606                                 1155.2471787666068                                1153.908776917297
35                                                210.5511895545875                                 395.2004900620385                                 1137.3947988659343                                1158.195381893413                                 1161.3331525630824                                1160.7141942880571                                1159.2838249949928
40                                                259.0895772001754                                 444.7571075438424                                 1148.5469220822883                                1165.1437584552964                                1167.1126308599023                                1166.3161731196624                                1164.8125157448344
45                                                305.5275703993201                                 489.31769570732945                                1158.0916015555954                                1171.767701960117                                 1172.9143999871662                                1171.9888583206184                                1170.4275965169081
50                                                349.46500798233626                                529.4092846589864                                 1166.7978242997474                                1178.4437001010892                                1179.001587194933                                 1177.9785404380864                                1176.369099841113
55                                                390.47868356489823                                565.5975932866862                                 1175.263366500954                                 1185.426416089556                                 1185.5348132571553                                1184.432239972382                                 1182.7791754138784
60                                                428.5234873809309                                 599.4056617952014                                 1184.4162745354906                                1193.1975101755788                                1192.885935120797                                 1191.7068429566498                                1190.0092172544214
65                                                463.65663202087114                                630.4059354130677                                 1193.9682860469588                                1201.6134653450417                                1200.9480975093938                                1199.7005779860797                                1197.9593059769927
70                                                495.96375340226393                                658.6933036958164                                 1203.9294618557165                                1210.6777871580516                                1209.7225540031727                                1208.4143732522134                                1206.6303174461482
75                                                526.6493942875821                                 685.602469775352                                  1214.4413160447934                                1220.439784329657                                 1219.2269372851479                                1217.8612845666116                                1216.0345714494442
80                                                555.0720486377265                                 710.4226078128617                                 1225.4284821417737                                1230.8731964069548                                1229.4518566778006                                1228.0343587664456                                1226.1655068100067
85                                                581.2363908338039                                 733.1796016854531                                 1236.893537390135                                 1241.9788979869013                                1240.3976906642993                                1238.9338938277137                                1237.0233828388104
90                                                605.8333262251026                                 757.699264639304                                  1249.2174159208625                                1253.8861604536323                                1252.1203816333173                                1250.603932631614                                 1248.646527463297
95                                                628.5094919388371                                 782.0248881892318                                 1262.2052893410291                                1266.528868082738                                 1264.591317904264                                 1263.0219494891467                                1261.0153379020398
100                                               649.264887975007                                  806.1564723352366                                 1275.8571576506338                                1279.9070208742182                                1277.8104994771393                                1276.187944400313                                 1274.1298141550396
105                                               668.4075832265792                                 831.9088858398501                                 1289.9205156489493                                1293.6413811757193                                1291.3639720986562                                1289.6833854735096                                1287.57037344045
110                                               685.8103498348139                                 858.532614968249                                  1304.4996442184101                                1307.8885684823085                                1305.4226927023592                                1303.6811201386422                                1301.5102971901752
115                                               701.456880399951                                  885.9315909802962                                 1319.6079095356858                                1322.6686574595633                                1320.0085736515048                                1318.2033030728771                                1315.9717957094822
120                                               715.5941817318403                                 912.9771944400342                                 1334.418313744805                                 1337.0926709407177                                1334.2238660104367                                1332.3532617999967                                1330.0608571358966
125                                               728.1515100974176                                 939.9926664441613                                 1349.1677123219488                                1351.415215523151                                 1348.3256886460445                                1346.3878068846238                                1344.0335300236793
130                                               739.0987213395226                                 967.1157411777111                                 1363.9570302309166                                1365.7447799867623                                1362.4236008252315                                1360.4163662249662                                1357.9989175757046
131.07680244895693                                741.2456015790509                                 972.9710618400903                                 1367.1472892350102                                1368.8317207022055                                1365.459222334513                                 1363.4367802793286                                1361.0055568448483
