% Model:              batchmodel_BILLETTA_r_0.0257427_COIL_kr_1.4848_COIL_kw_5.3284_FUNZ_freq_8940.8_FUNZ_I_eff_61.5962.mph
% Version:            COMSOL 5.6.0.280
% Date:               Jan 27 2022, 12:19
% Table:              Tabella delle sonde 1 - 
% Tempo (s)                                       Temperatura (degC), Punto: (0, 0.5)               Temperatura (degC), Punto: (0.5*BILLETTA_r, 0.5)  Temperatura (degC), Punto: (BILLETTA_r-10*FUNZ_depth_billetta, 0.5)Temperatura (degC), Punto: (BILLETTA_r-5*FUNZ_depth_billetta, 0.5)Temperatura (degC), Punto: (BILLETTA_r-2*FUNZ_depth_billetta, 0.5)Temperatura (degC), Punto: (BILLETTA_r-FUNZ_depth_billetta, 0.5)Temperatura (degC), Punto: (BILLETTA_r-0.01[mm], 0.5)
0                                                 19.999999999999943                                20                                                20.0000000000241                                  20.00009831706575                                 20.110938047215996                                20.33527224232074                                 20.55881913383854
5                                                 45.973417512969945                                122.10243837906461                                481.54584193848984                                556.1786079017583                                 597.1393137848145                                 605.4284530342417                                 608.5020713035032
10                                                185.7142128379387                                 322.0303305401212                                 864.3176808292293                                 988.4210835371845                                 1039.3073070092496                                1047.4083631090466                                1049.6412927256838
15                                                349.9573697727129                                 498.7163807857228                                 1036.592858166433                                 1086.0374694697603                                1098.601944001994                                 1099.7642584747914                                1099.4014260760382
20                                                486.4390947595522                                 624.8605353880849                                 1072.8340490839332                                1099.693434099162                                 1105.973686054674                                 1106.2288254898986                                1105.5513746478928
25                                                591.7364077949361                                 713.0677519161176                                 1096.7706592530194                                1114.0586259679312                                1117.416074416984                                 1117.2194894572235                                1116.370549318824
30                                                669.8208155020012                                 783.6685365609377                                 1116.635835352933                                 1127.4333947157502                                1128.8464347475165                                1128.34656045063                                  1127.376121537282
35                                                722.8229381175764                                 851.4053399729283                                 1133.0374609514247                                1140.1808855420804                                1140.4640350133923                                1139.7775371297466                                1138.7237818003223
40                                                760.8892203327079                                 916.2710936329837                                 1148.4248729384021                                1153.3244576968764                                1152.8837486430575                                1152.0690152120033                                1150.9498749009513
45                                                817.021526245684                                  973.3072305637044                                 1164.7132475400263                                1168.1097654080363                                1167.1567350895148                                1166.2420096174092                                1165.0632288545085
50                                                891.7374377490902                                 1025.748440868812                                 1183.1605843441757                                1185.3774064033169                                1183.9945654465464                                1182.9873903471366                                1181.746249604615
55                                                960.0551751472161                                 1071.4958166241659                                1204.9496306476863                                1206.324468401514                                 1204.5973676796984                                1203.50539270614                                  1202.1987254845303
60                                                1022.2680205092594                                1114.1574076340003                                1228.1612221213181                                1228.8072430304128                                1226.7643848718167                                1225.5900893605444                                1224.2167203866793
65                                                1075.756568014508                                 1153.1867150699059                                1252.1350821934366                                1252.1293487781777                                1249.7894870524628                                1248.5340715610687                                1247.092589857405
70                                                1124.3834515238436                                1190.1919120771922                                1276.5337207246703                                1275.9191765074956                                1273.292761913894                                 1271.9568954598421                                1270.446514751217
75                                                1165.5002575376434                                1223.456828805568                                 1300.4567955458078                                1299.3021225025764                                1296.4071499775423                                1294.992609169513                                 1293.4129210764568
80                                                1204.9890127166145                                1255.8762755636744                                1324.1954749130691                                1322.5154503999797                                1319.3562505574605                                1317.8636076300177                                1316.2147118638609
85                                                1239.649769294394                                 1285.4588051397327                                1346.6136673608835                                1344.4510511012281                                1341.0445547639238                                1339.4772870881334                                1337.7612706270756
90                                                1271.9764589909432                                1312.2549977593726                                1365.3031528673723                                1362.7398956475863                                1359.1328989276421                                1357.5037424742845                                1355.7305472927146
95                                                1298.5938821854302                                1332.2356443564622                                1374.8719992836486                                1372.1085576046034                                1368.4155265773702                                1366.7556342889493                                1364.949579047909
100                                               1325.2113053799171                                1352.2162909535518                                1384.440845699924                                 1381.477219561621                                 1377.6981542270983                                1376.0075261036145                                1374.168610803104
105                                               1351.8287285744045                                1372.1969375506415                                1394.0096921161999                                1390.845881518639                                 1386.9807818768263                                1385.2594179182788                                1383.387642558299
106.38896348712161                                1359.2228543620859                                1377.747415265129                                 1396.6678477734163                                1393.4484273949356                                1389.5594280508303                                1387.8295259017527                                1385.948622257215
