% Model:              batchmodel_BILLETTA_r_0.0257427_COIL_kr_1.6756_COIL_kw_5.8583_FUNZ_freq_6066_FUNZ_I_eff_85.0125.mph
% Version:            COMSOL 5.6.0.280
% Date:               Jan 27 2022, 13:20
% Table:              Tabella delle sonde 1 - 
% Tempo (s)                                       Temperatura (degC), Punto: (0, 0.5)               Temperatura (degC), Punto: (0.5*BILLETTA_r, 0.5)  Temperatura (degC), Punto: (BILLETTA_r-10*FUNZ_depth_billetta, 0.5)Temperatura (degC), Punto: (BILLETTA_r-5*FUNZ_depth_billetta, 0.5)Temperatura (degC), Punto: (BILLETTA_r-2*FUNZ_depth_billetta, 0.5)Temperatura (degC), Punto: (BILLETTA_r-FUNZ_depth_billetta, 0.5)Temperatura (degC), Punto: (BILLETTA_r-0.01[mm], 0.5)
0                                                 20                                                19.999999999999943                                20.000000000072816                                20.00038364135179                                 20.126043668421516                                20.352757850172793                                20.530916699876286
5                                                 55.495670469717254                                158.03550180622682                                614.7282414089087                                 737.0620456603273                                 802.5908653947841                                 815.6612290094803                                 820.171251665682
10                                                228.5447710083679                                 385.3392005240182                                 1010.8420294767451                                1114.4257228109104                                1139.1586804804033                                1141.6212875927995                                1141.3994632642161
15                                                395.47510588725277                                555.3078984921544                                 1105.9378459357918                                1146.7613432476005                                1155.415461536687                                 1155.6948918799844                                1154.7313341907907
20                                                527.0616037915507                                 676.2824760356108                                 1135.8842040064424                                1156.4542325345228                                1159.7514932897657                                1159.2828125696906                                1158.0659483250543
25                                                631.1277301885448                                 771.2246637969037                                 1160.502651825323                                 1172.655519174415                                 1173.6527956019263                                1172.8361269144566                                1171.4739013410053
30                                                705.0838887413026                                 868.4549597806141                                 1183.2870796546363                                1191.2892677933555                                1191.0950436124472                                1190.0758884354823                                1188.6068562770101
35                                                752.7948922706393                                 960.3861029562094                                 1208.0302836786286                                1213.801425910428                                 1212.906443159026                                 1211.746056970741                                 1210.1818507411786
40                                                819.0764798031231                                 1040.578091553712                                 1237.8701577609813                                1242.3250508242318                                1240.9378617088641                                1239.6545252257142                                1237.9902743167577
45                                                933.380209586857                                  1111.461103696297                                 1273.7519568113003                                1277.2327939554216                                1275.3875086399225                                1273.969581928117                                 1272.1844467255792
50                                                1041.222586453589                                 1175.4673395509517                                1314.2633363217765                                1316.6564850024442                                1314.2686057138308                                1312.69044268258                                  1310.76224960836
55                                                1124.5553267028022                                1233.6034032971806                                1354.2588626996944                                1355.364663479244                                 1352.3829888885912                                1350.636389660378                                 1348.5599235916666
60                                                1195.142401289671                                 1284.6231610187842                                1383.4883466482052                                1383.3574071601429                                1379.8908498980682                                1378.0162481099987                                1375.8288311847455
62.92645608327469                                 1233.2693639533977                                1312.5952644811482                                1397.7295722567565                                1396.8901825253388                                1393.1692821478305                                1391.230599667852                                 1388.9882297628992
