% Model:              batchmodel_BILLETTA_r_0.0445341_COIL_kr_1.9397_COIL_kw_4.5299_FUNZ_freq_6066_FUNZ_I_eff_85.0125.mph
% Version:            COMSOL 5.6.0.401
% Date:               Jan 27 2022, 16:24
% Table:              Tabella delle sonde 1 - 
% Tempo (s)                                       Temperatura (degC), Punto: (0, 0.5)               Temperatura (degC), Punto: (0.5*BILLETTA_r, 0.5)  Temperatura (degC), Punto: (BILLETTA_r-10*FUNZ_depth_billetta, 0.5)Temperatura (degC), Punto: (BILLETTA_r-5*FUNZ_depth_billetta, 0.5)Temperatura (degC), Punto: (BILLETTA_r-2*FUNZ_depth_billetta, 0.5)Temperatura (degC), Punto: (BILLETTA_r-FUNZ_depth_billetta, 0.5)Temperatura (degC), Punto: (BILLETTA_r-0.01[mm], 0.5)
0                                                 20                                                20                                                20.000000000167745                                20.00098671634788                                 20.260271162246                                   20.519973187189294                                20.770212821044765
5                                                 20.746784284207536                                42.619159968186864                                589.0817784021914                                 718.0368432122647                                 788.4757707253215                                 802.687023974947                                  807.6649768708802
10                                                39.298039789979725                                132.69041155937373                                964.5052474097967                                 1092.6709465420986                                1127.6939138503012                                1131.6755965197444                                1131.9777540863888
15                                                87.74263506463706                                 234.2157519718815                                 1076.092969868358                                 1131.9590017361652                                1144.9529389115378                                1145.885017813429                                 1145.1626320031764
20                                                155.16968842265783                                324.7627519744966                                 1114.1750778896171                                1148.9946663452965                                1156.2198184896224                                1156.316500574032                                 1155.2942503590189
25                                                225.85127798195816                                402.2361663133321                                 1132.0250164297695                                1156.5833190885528                                1161.099376662878                                 1160.8112704352243                                1159.6523944796413
30                                                293.31704228058106                                470.82579202652346                                1147.949620562361                                 1165.919879225145                                 1168.6247138546019                                1168.0674745440078                                1166.8032537671625
35                                                356.06796208304934                                530.8438205660613                                 1162.3294422472263                                1176.2318043076125                                1177.7848571327117                                1177.0465575439252                                1175.7018422705123
40                                                413.3991002551421                                 583.4388550441287                                 1175.894222681945                                 1187.0840761408222                                1187.8483617344568                                1186.978055289212                                 1185.5667669945065
45                                                465.2218610937524                                 630.4907001204298                                 1190.054205275319                                 1199.1707178391243                                1199.3152636955883                                1198.33450686871                                  1196.860835529119
50                                                511.7874655425918                                 671.9652064953522                                 1204.6156015050246                                1212.4102394075135                                1212.1336513285755                                1211.0681211537203                                1209.5377667980815
55                                                554.522845996194                                  710.4090197606423                                 1220.2851668520852                                1227.0231783515028                                1226.3919818825343                                1225.2489851887508                                1223.6623495337212
60                                                592.8117012574321                                 744.7222274517269                                 1236.7576491190594                                1242.9142831166528                                1242.0520501077044                                1240.8468279325111                                1239.206601069553
65                                                627.3252129255                                    781.426765734772                                  1254.9101042448115                                1260.5167556866686                                1259.4154119439904                                1258.1420701468915                                1256.4413265487997
70                                                657.9579982676305                                 819.4986204577982                                 1274.6048250101053                                1279.7625786889967                                1278.4347198641858                                1277.0906827550402                                1275.3240066502003
75                                                684.6547362653375                                 858.5551265301159                                 1295.4992161911846                                1300.242759585079                                 1298.68396526806                                  1297.2648310320496                                1295.4269104370883
80                                                707.4284604811611                                 898.8363994230668                                 1317.412298614554                                 1321.6922617889322                                1319.8751415241368                                1318.3734840943894                                1316.4583157526208
85                                                727.0368394127296                                 939.5964526048764                                 1339.8271602639675                                1343.6145631059217                                1341.5238069623501                                1339.9354966797937                                1337.939590015647
90                                                746.1929704913343                                 978.7733058821303                                 1360.4783036056929                                1363.613861679281                                 1361.2215888702726                                1359.546878796445                                 1357.473971557813
95                                                763.6310475283841                                 1017.3289841565046                                1380.42270535032                                  1382.8079282097437                                1380.0921229303785                                1378.3292213514223                                1376.1796788836928
95.13239018626018                                 764.0694259801081                                 1018.3414213460068                                1380.9411896540355                                1383.3052066677014                                1380.5805356983906                                1378.8152746328701                                1376.6637079795742
