% Model:              batchmodel_BILLETTA_r_0.0335556_COIL_kr_2.7711_COIL_kw_5.3284_FUNZ_freq_2540.9_FUNZ_I_eff_85.0125.mph
% Version:            COMSOL 5.6.0.280
% Date:               Jan 27 2022, 20:44
% Table:              Tabella delle sonde 1 - 
% Tempo (s)                                       Temperatura (degC), Punto: (0, 0.5)               Temperatura (degC), Punto: (0.5*BILLETTA_r, 0.5)  Temperatura (degC), Punto: (BILLETTA_r-10*FUNZ_depth_billetta, 0.5)Temperatura (degC), Punto: (BILLETTA_r-5*FUNZ_depth_billetta, 0.5)Temperatura (degC), Punto: (BILLETTA_r-2*FUNZ_depth_billetta, 0.5)Temperatura (degC), Punto: (BILLETTA_r-FUNZ_depth_billetta, 0.5)Temperatura (degC), Punto: (BILLETTA_r-0.01[mm], 0.5)
0                                                 20                                                20                                                20.000000000037232                                20.00016915606625                                 20.10700397645877                                 20.21609972082308                                 20.33581923511906
5                                                 25.18864259172119                                 60.38145552775916                                 294.6458515963095                                 377.30258921041593                                425.6461162506341                                 435.6174885576736                                 439.37554339131
10                                                73.28089517334263                                 173.77788214242838                                554.3883648221255                                 672.2631404215352                                 733.0402624323664                                 744.851667187161                                  748.8695682646795
15                                                162.48058267389553                                300.499937098033                                  775.1531906923352                                 950.3502540850837                                 1028.7984377859684                                1040.8030473448293                                1043.8213610810758
20                                                266.509557839393                                  420.9071765664153                                 974.5990282173674                                 1095.7106993359534                                1125.4412840603131                                1128.1841469414167                                1127.5001510406742
25                                                365.44313532896103                                524.2269621854415                                 1053.0254101632463                                1118.4658002789029                                1132.346670145785                                 1132.891055056899                                 1131.481330538014
30                                                453.52908367877023                                608.7582747953121                                 1091.3380855026585                                1133.367477832819                                 1141.612121323668                                 1141.3747298205672                                1139.679978341303
35                                                529.1340938425877                                 677.2362179006564                                 1112.9815713319153                                1139.3526676927995                                1142.7181844808147                                1141.7784139474165                                1139.850541955137
40                                                593.8582048903742                                 734.0205780350061                                 1126.8488289140964                                1145.221335232607                                 1146.5340196464354                                1145.3016339218852                                1143.2656887311941
45                                                647.7564323894736                                 785.9486506954589                                 1138.1294295496914                                1151.2214483134444                                1151.1446524747985                                1149.707597611889                                 1147.5891210689997
50                                                691.0139468418752                                 839.9945580121565                                 1148.130735174962                                 1157.5249484404603                                1156.4342108437404                                1154.8400888596989                                1152.6518393525612
55                                                723.6531398726554                                 892.8703559481002                                 1157.457532650426                                 1164.1858307078614                                1162.3388137846782                                1160.6205978386593                                1158.3709052220106
60                                                748.5235655764594                                 941.5451417211463                                 1166.6234606781518                                1171.377146011791                                 1168.9499306297917                                1167.1295780436071                                1164.822877462569
65                                                775.650080968035                                  985.3935338423174                                 1176.217320474966                                 1179.4639220349463                                1176.5706648929763                                1174.6605446695376                                1172.2969858224392
70                                                817.6996157433372                                 1025.5993006858212                                1186.6863587753405                                1188.757067272803                                 1185.4702281716536                                1183.4757711470352                                1181.0521241524839
75                                                877.5629730916459                                 1062.5102113935372                                1198.4110157669588                                1199.5390797069094                                1195.9037398889418                                1193.8258832149118                                1191.3365886330384
80                                                937.3500477158731                                 1095.9793552950277                                1211.772060970232                                 1212.078478326026                                 1208.1142341882833                                1205.9516409140015                                1203.3915616324748
85                                                997.4745355568615                                 1125.9370749614745                                1226.8331434603888                                1226.447382500602                                 1222.1741047532446                                1219.9249721250872                                1217.2883554593272
90                                                1043.3477552636323                                1153.3204284785102                                1243.9288932893573                                1242.873619413499                                 1238.2713265890743                                1235.9259895062073                                1233.2028665852058
95                                                1089.220974970403                                 1180.7037819955453                                1261.024643118326                                 1259.2998563263955                                1254.368548424905                                 1251.9270068873275                                1249.1173777110848
100                                               1124.4084986767784                                1205.8723395143647                                1278.6054929764923                                1276.1900741711806                                1270.912874945201                                 1268.3694109871112                                1265.4676544629838
105                                               1159.3160763182009                                1230.9828733513991                                1296.1990515851498                                1293.0924474839944                                1287.4689148061188                                1284.8233786270707                                1281.8293474925163
110                                               1189.228990740789                                 1254.2437077262061                                1313.4058659079788                                1309.6527327947542                                1303.6942610680312                                1300.947724368646                                 1297.8610656631736
115                                               1218.4290462582553                                1277.2405453757738                                1330.557482493528                                 1326.1641938969701                                1319.8724093775313                                1317.0250251153352                                1313.8456884629704
120                                               1241.4680661724756                                1295.8632602393136                                1343.7519219055716                                1338.8965958650933                                1332.3653626529372                                1329.4420232244706                                1326.1901379869323
125                                               1262.725911141873                                 1313.2214023242204                                1355.8023288387326                                1350.53645984478                                  1343.7929143490928                                1340.8008162251913                                1337.4822018648329
130                                               1283.9837561112708                                1330.5795444091277                                1367.852735771893                                 1362.176323824467                                 1355.2204660452485                                1352.1596092259115                                1348.7742657427334
135                                               1305.2416010806683                                1347.937686494035                                 1379.9031427050531                                1373.8161878041547                                1366.6480177414041                                1363.5184022266321                                1360.0663296206344
137.11502209772513                                1314.2337634527262                                1355.2802573110412                                1385.0005180950961                                1378.7399017104653                                1371.4819226134573                                1368.323221866634                                 1364.8429225467708
