% Model:              batchmodel_BILLETTA_r_0.0257427_COIL_kr_1.4848_COIL_kw_3.7744_FUNZ_freq_4639.7_FUNZ_I_eff_61.5962.mph
% Version:            COMSOL 5.6.0.280
% Date:               Jan 27 2022, 11:50
% Table:              Tabella delle sonde 1 - 
% Tempo (s)                                       Temperatura (degC), Punto: (0, 0.5)               Temperatura (degC), Punto: (0.5*BILLETTA_r, 0.5)  Temperatura (degC), Punto: (BILLETTA_r-10*FUNZ_depth_billetta, 0.5)Temperatura (degC), Punto: (BILLETTA_r-5*FUNZ_depth_billetta, 0.5)Temperatura (degC), Punto: (BILLETTA_r-2*FUNZ_depth_billetta, 0.5)Temperatura (degC), Punto: (BILLETTA_r-FUNZ_depth_billetta, 0.5)Temperatura (degC), Punto: (BILLETTA_r-0.01[mm], 0.5)
0                                                 20                                                20                                                20.000000000006025                                20.000020959688527                                20.052924001963277                                20.17301011491736                                 20.300897993453077
5                                                 38.420266537498605                                91.90402508909904                                 287.2379488895706                                 339.9230374662877                                 372.10376287297254                                379.2018344202379                                 381.9641613467794
10                                                141.83848709390577                                238.96480217126134                                537.263808627334                                  612.4227085993545                                 650.5411645079287                                 658.7689732389639                                 661.7999516985268
15                                                274.77338994838976                                392.1557910356171                                 746.8412290275741                                 858.2018801425755                                 914.7460179846177                                 924.767871526631                                  927.7960298007544
20                                                403.24463678143445                                528.1889259958879                                 950.2464033936952                                 1047.3832205825438                                1078.476875228912                                 1082.182808923069                                 1082.4075211072172
25                                                513.637089790981                                  636.2811729355225                                 1028.416464507266                                 1078.0971249609615                                1090.3515998589874                                1091.2450874810415                                1090.5014286897667
30                                                604.5644767025514                                 716.9014914421296                                 1063.022551043743                                 1092.3995759886561                                1098.7280958285496                                1098.744418066873                                 1097.6867741023502
35                                                674.5909191982566                                 781.8784386100812                                 1084.662725086935                                 1103.5869109461587                                1106.8000901784599                                1106.339813457837                                 1105.102286206923
40                                                723.2570985915                                    845.8507469935811                                 1100.2125538128203                                1113.0525822919221                                1114.4250370490163                                1113.6751711199581                                1112.3216873729361
45                                                757.6922153475304                                 905.2893177367995                                 1112.9731153903408                                1121.602746282345                                 1121.6941733740414                                1120.7383784119747                                1119.2978598879595
50                                                800.0130329906232                                 957.3386470563709                                 1124.6481919636012                                1130.1991986927005                                1129.3336909978934                                1128.2186022936116                                1126.7056324271243
55                                                865.8266118891942                                 1003.775776614474                                 1136.0484846211616                                1139.335002879323                                 1137.740683624645                                 1136.497808707978                                 1134.920878121257
60                                                937.382530950884                                  1045.6502499203534                                1147.8947553911294                                1149.4440059699523                                1147.2679493265632                                1145.9163647847845                                1144.2788331649008
65                                                999.3095405439257                                 1082.392240212324                                 1160.6061558077763                                1160.8224253564317                                1158.1733575190378                                1156.7258499656814                                1155.0282496225946
70                                                1043.571134186504                                 1110.7723619329827                                1174.4543800865981                                1173.7731602119698                                1170.7669813309149                                1169.2363970265997                                1167.4780473616997
75                                                1084.862488958997                                 1137.972442387265                                 1188.5244821503907                                1186.994695690682                                 1183.644737331938                                 1182.0324018059187                                1180.2128781702527
80                                                1116.7288331865761                                1161.4949148939331                                1203.4652098478978                                1201.2544544653056                                1197.6076328145327                                1195.9182074207506                                1194.035788178242
85                                                1146.0852233946712                                1183.866728201056                                 1218.437253553559                                 1215.6115795499918                                1211.69019544322                                  1209.9278580907217                                1207.9849000424356
90                                                1171.500273859377                                 1204.4316801875884                                1233.4584722746126                                1230.1215973588219                                1225.9606694341119                                1224.1319806251395                                1222.1321846172395
95                                                1193.064429906873                                 1222.6429127614497                                1247.569041493769                                 1243.811292956534                                 1239.4417809202332                                1237.5525062121383                                1235.499031719999
100                                               1212.3283225845757                                1239.44819285748                                  1261.1356504104624                                1257.010983654286                                 1252.451380736989                                 1250.5049640830307                                1248.3996983631405
105                                               1231.5922152622784                                1256.2534729535114                                1274.7022593271558                                1270.210674352038                                 1265.4609805537443                                1263.4574219539227                                1261.300365006282
110                                               1250.5469185776024                                1272.83979939961                                  1288.1382458095923                                1283.285863092503                                 1278.3483994886824                                1276.2882075794028                                1274.079710420236
115                                               1266.719142422763                                 1287.4557021831142                                1300.398725350687                                 1295.2406247345693                                1290.1362793169442                                1288.0240314560588                                1285.767252976193
120                                               1282.8913662679238                                1302.071604966618                                 1312.6592048917823                                1307.1953863766353                                1301.924159145206                                 1299.7598553327157                                1297.4547955321495
125                                               1299.0635901130845                                1316.6875077501222                                1324.9196844328771                                1319.1501480187012                                1313.7120389734682                                1311.4956792093722                                1309.142338088106
130                                               1313.2207455237262                                1329.57754085233                                  1335.8503791607372                                1329.821669496495                                 1324.236950160308                                 1321.9736538046204                                1319.576094776341
135                                               1325.8822180106963                                1341.1865485726817                                1345.794042181265                                 1339.5407069951866                                1333.8244238895668                                1331.5179907831384                                1329.0792299133836
140                                               1338.5436904976668                                1352.7955562930333                                1355.7377052017932                                1349.2597444938788                                1343.4118976188252                                1341.062327761656                                 1338.5823650504262
145                                               1351.1069357238707                                1364.3138830759149                                1365.6075223904345                                1358.9072340959601                                1352.9289681904775                                1350.536587251238                                 1348.0157057946121
150                                               1361.118339707043                                 1373.476414182654                                 1373.5589022943068                                1366.6959843623367                                1360.6170385455066                                1358.190307054797                                 1355.6358613920675
155                                               1369.9830006948469                                1381.580300987945                                 1380.6481774240797                                1373.6494568388994                                1367.48319523617                                  1365.0259151758833                                1362.4412102800543
160                                               1377.7009186872824                                1388.625543491788                                 1386.8753477797527                                1379.7676515256485                                1373.527438262468                                 1371.0434116144984                                1368.4317524585736
165                                               1384.2720936843493                                1394.6121416941828                                1392.2404133613259                                1385.050568422584                                 1378.7497676243997                                1376.2427963706414                                1373.6074879276248
169.760329297578                                  1389.4626768450817                                1399.3280347489908                                1396.5472003173                                   1389.304073332084                                 1382.9580077922124                                1380.4327247452866                                1377.77797176176
