% Model:              batchmodel_BILLETTA_r_0.0335556_COIL_kr_2.7711_COIL_kw_3.2356_FUNZ_freq_2540.9_FUNZ_I_eff_61.5962.mph
% Version:            COMSOL 5.6.0.280
% Date:               Jan 27 2022, 20:09
% Table:              Tabella delle sonde 1 - 
% Tempo (s)                                       Temperatura (degC), Punto: (0, 0.5)               Temperatura (degC), Punto: (0.5*BILLETTA_r, 0.5)  Temperatura (degC), Punto: (BILLETTA_r-10*FUNZ_depth_billetta, 0.5)Temperatura (degC), Punto: (BILLETTA_r-5*FUNZ_depth_billetta, 0.5)Temperatura (degC), Punto: (BILLETTA_r-2*FUNZ_depth_billetta, 0.5)Temperatura (degC), Punto: (BILLETTA_r-FUNZ_depth_billetta, 0.5)Temperatura (degC), Punto: (BILLETTA_r-0.01[mm], 0.5)
0                                                 20                                                20                                                20.000000000004434                                20.000014444343606                                20.05677411483424                                 20.137997551043668                                20.233885771543214
5                                                 23.424916525127458                                44.44476112337696                                 176.44659280646766                                218.1471897752836                                 244.72530442830134                                250.94278519059606                                253.45092366890879
10                                                54.61996834766683                                 114.47335497243603                                319.4058891756405                                 375.3340992186007                                 409.0607919191501                                 416.3989636364013                                 419.21363966354716
15                                                110.84098147743094                                198.13075421776279                                459.92962974642876                                530.5046180871907                                 569.7829737831307                                 577.6965656400388                                 580.5591745298952
20                                                182.95896142452477                                287.5340873752376                                 598.3089201951053                                 684.0110439425284                                 730.2798337979684                                 739.1859964995781                                 742.1479609427673
25                                                260.8634332949065                                 376.29592854448674                                716.3068291586717                                 817.9235853048048                                 871.9371501118193                                 881.7331680949263                                 884.5907566343473
30                                                338.19632779591416                                459.6895091583697                                 834.0747431852211                                 955.0130033981587                                 1007.4733215162145                                1015.7215380758081                                1017.5407337579026
35                                                410.8261087268078                                 534.6501394389189                                 938.808925194655                                  1038.3702727144537                                1070.9276667599684                                1074.764612913776                                 1074.7135443401194
40                                                476.74276009061145                                599.9130069669422                                 997.6990902692193                                 1065.8628853526293                                1083.34228334603                                  1084.6999193388979                                1083.749283122986
45                                                536.1351447087173                                 655.2443223338806                                 1029.1237027707894                                1076.6038741158172                                1087.5672941106259                                1087.9779361894307                                1086.699503843045
50                                                588.8599100780823                                 701.9221239517791                                 1048.9543765444569                                1083.8229974330493                                1091.1626794196482                                1091.0449240380503                                1089.5791775405046
55                                                634.4717182051141                                 741.1140898888705                                 1064.4274014794942                                1090.6001604342337                                1095.309594545759                                 1094.789875380236                                 1093.174642693075
60                                                672.9794341243096                                 779.0332690937422                                 1076.6685226346767                                1096.5529778576351                                1099.3542091324675                                1098.5387411472807                                1096.8097821994033
65                                                704.2825894336278                                 815.2899210388686                                 1085.942247340658                                 1101.7358306953602                                1103.2813473639503                                1102.2651533200433                                1100.4545793132852
70                                                728.0664713958495                                 851.2967075304313                                 1093.859215451152                                 1106.3325200429304                                1106.8574111532616                                1105.6779219500131                                1103.8003783631266
75                                                748.3867610432715                                 885.4752504794175                                 1100.8706033960707                                1110.634951920972                                 1110.3253728038803                                1109.0109616860045                                1107.0765701658697
80                                                767.5222337203512                                 917.3619354908382                                 1107.390085612938                                 1114.8004686008012                                1113.765830414096                                 1112.3332521525772                                1110.3478157413524
85                                                793.6388526602481                                 946.5388521718345                                 1113.6080820001384                                1119.01688498541                                  1117.3532361906578                                1115.815643252471                                 1113.782843701803
90                                                825.8750059975472                                 973.5559453508569                                 1119.5189156179335                                1123.26670992553                                  1121.0703507651742                                1119.441342615713                                 1117.3652111513793
95                                                866.3093667458946                                 998.935445171409                                  1125.2597958909569                                1127.6210100717922                                1124.9692877812786                                1123.2596096016682                                1121.1430975648918
100                                               904.8326744895827                                 1022.61054886205                                  1131.0556907227465                                1132.1854795370718                                1129.122273792104                                 1127.337719298866                                 1125.1818793720795
105                                               941.8258853036167                                 1044.5760291452884                                1136.8953281339695                                1136.9547219662545                                1133.52556710638                                  1131.6721755854433                                1129.4781543932477
110                                               977.9368967614547                                 1064.822995913773                                 1142.7595377043667                                1141.9195596992                                   1138.1728041749916                                1136.2570325557713                                1134.0261364915864
115                                               1005.8362806871188                                1081.188447809649                                 1148.724857610884                                 1147.2073749398983                                1143.2055259990848                                1141.2354693049297                                1138.9689202579634
120                                               1030.0602066346087                                1096.2321389546905                                1154.7310562017478                                1152.5883777473232                                1148.3461196291069                                1146.3236171095432                                1144.0215867696802
125                                               1054.2841325820982                                1111.275830099732                                 1160.737254792611                                 1157.9693805547472                                1153.4867132591285                                1151.4117649141567                                1149.074253281397
130                                               1075.2633555946682                                1124.9082538817588                                1166.9096903926202                                1163.5865908372662                                1158.8832145685128                                1156.758020066558                                 1154.3847113622655
135                                               1092.3267676327391                                1136.8375152051908                                1173.2827461165166                                1169.488863833316                                 1164.588553426173                                 1162.4157673972372                                1160.0062805296861
140                                               1109.39017967081                                  1148.7667765286224                                1179.655801840413                                 1175.3911368293666                                1170.2938922838325                                1168.073514727917                                 1165.6278496971063
145                                               1125.5105326033386                                1160.2495818130396                                1186.0583816739581                                1181.350495551514                                 1176.064372897782                                 1173.7973789762113                                1171.3155241432078
150                                               1138.499640524988                                 1170.2500163356158                                1192.5589905923116                                1187.4993963649104                                1182.05114409011                                  1179.7407716370926                                1177.2226883570734
155                                               1151.4887484466376                                1180.2504508581924                                1199.059599510665                                 1193.6482971783066                                1188.0379152824376                                1185.6841642979734                                1183.129852570939
160                                               1164.4532666685814                                1190.2374165306373                                1205.5580540323508                                1199.7959305061204                                1194.0237472716271                                1191.6266773895213                                1189.0361658244528
165                                               1174.9311387482899                                1198.8623377446115                                1211.8386440730164                                1205.815388696748                                 1199.9146018561455                                1197.480243575821                                 1194.8564252708206
170                                               1185.409010827998                                 1207.4872589585852                                1218.1192341136816                                1211.8348468873746                                1205.8054564406639                                1203.3338097621208                                1200.6766847171884
175                                               1195.8868829077069                                1216.1121801725585                                1224.3998241543472                                1217.8543050780022                                1211.6963110251818                                1209.1873759484206                                1206.4969441635562
180                                               1204.7881828891927                                1223.7134871272888                                1230.2416312217406                                1223.4827686094268                                1217.2152058178167                                1214.6735455305807                                1211.9533260121598
185                                               1213.2656302112623                                1231.039601068971                                 1235.9654739217958                                1229.0061153965507                                1222.634101284595                                 1220.060942574586                                 1217.3118813879432
190                                               1221.7430775333314                                1238.3657150106533                                1241.6893166218515                                1234.5294621836747                                1228.052996751374                                 1225.448339618591                                 1222.6704367637267
195                                               1230.220524855401                                 1245.6918289523355                                1247.4131593219067                                1240.0528089707987                                1233.4718922181523                                1230.835736662597                                 1228.0289921395101
200                                               1238.69797217747                                  1253.0179428940173                                1253.1370020219624                                1245.576155757923                                 1238.8907876849307                                1236.2231337066023                                1233.3875475152936
205                                               1245.8236855474597                                1259.3824227928649                                1258.3310132400893                                1250.6074353898625                                1243.8330428518143                                1241.137640950988                                 1238.2761224273563
210                                               1252.5859927458832                                1265.4883727158858                                1263.3825822045997                                1255.5064254978583                                1248.6471559191873                                1245.9250143970494                                1243.0383456999052
215                                               1259.3482999443067                                1271.5943226389077                                1268.4341511691105                                1260.4054156058537                                1253.4612689865603                                1250.7123878431098                                1247.8005689724546
220                                               1266.1106071427298                                1277.700272561929                                 1273.4857201336217                                1265.3044057138495                                1258.2753820539333                                1255.4997612891702                                1252.5627922450035
225                                               1272.8729143411533                                1283.8062224849505                                1278.537289098132                                 1270.2033958218458                                1263.0894951213058                                1260.2871347352311                                1257.3250155175524
230                                               1278.6643715610821                                1289.1357303953496                                1283.0422287611905                                1274.5784515827163                                1267.3899632949056                                1264.5636022122585                                1261.5786178547805
235                                               1284.194821152027                                 1294.256496179521                                 1287.4002101700735                                1278.8126505019377                                1271.5523408892868                                1268.7027154547854                                1265.6954802761402
240                                               1289.725270742972                                 1299.3772619636925                                1291.758191578957                                 1283.0468494211586                                1275.7147184836685                                1272.841828697312                                 1269.8123426974998
245                                               1295.2557203339165                                1304.498027747864                                 1296.11617298784                                  1287.28104834038                                  1279.8770960780503                                1276.9809419398384                                1273.9292051188595
250                                               1300.786169924861                                 1309.6187935320354                                1300.4741543967234                                1291.5152472596014                                1284.039473672432                                 1281.120055182365                                 1278.0460675402192
