% Model:              batchmodel_BILLETTA_r_0.0445341_COIL_kr_1.6756_COIL_kw_3.7744_FUNZ_freq_2540.9_FUNZ_I_eff_85.0125.mph
% Version:            COMSOL 5.6.0.401
% Date:               Jan 27 2022, 14:15
% Table:              Tabella delle sonde 1 - 
% Tempo (s)                                       Temperatura (degC), Punto: (0, 0.5)               Temperatura (degC), Punto: (0.5*BILLETTA_r, 0.5)  Temperatura (degC), Punto: (BILLETTA_r-10*FUNZ_depth_billetta, 0.5)Temperatura (degC), Punto: (BILLETTA_r-5*FUNZ_depth_billetta, 0.5)Temperatura (degC), Punto: (BILLETTA_r-2*FUNZ_depth_billetta, 0.5)Temperatura (degC), Punto: (BILLETTA_r-FUNZ_depth_billetta, 0.5)Temperatura (degC), Punto: (BILLETTA_r-0.01[mm], 0.5)
0                                                 20                                                20                                                20.00000000003388                                 20.00015054555513                                 20.10651360973651                                 20.215615429798106                                20.33543375494429
5                                                 20.615193832842863                                33.384106818084774                                270.4324391335849                                 348.37948184520656                                396.00851391653123                                406.08113977111407                                409.900574042622
10                                                30.85423007427272                                 91.38278044809488                                 527.4354824770522                                 646.928066799006                                  709.0411043956733                                 721.0805942576968                                 725.2258724779213
15                                                61.5085060858496                                  172.37948032641373                                728.9037032636776                                 882.6933275845123                                 961.6120999044714                                 975.3584669568278                                 979.2953002312933
20                                                114.10717128401183                                258.96196708913544                                919.5840664475157                                 1066.119060251292                                 1108.2608288552242                                1112.8399114635004                                1112.822154328952
25                                                178.71651851336924                                341.4123813272615                                 1019.6206779113355                                1107.6122311738068                                1127.9810877527211                                1129.4738180688437                                1128.3934076173
30                                                245.41435967173993                                415.9795860955908                                 1065.8688219323399                                1123.0822059535317                                1134.951485230688                                 1135.23588685516                                  1133.7361969913627
35                                                309.3839715849924                                 481.5100528472708                                 1091.4451872490977                                1132.0594889673303                                1139.3899481496442                                1139.022350810883                                 1137.2939927703583
40                                                369.20681353150167                                538.5099759324675                                 1107.4368130848516                                1137.9274609776403                                1142.6061688328027                                1141.8629141396755                                1140.001259107883
45                                                423.79843644429707                                588.5676999071108                                 1120.051671527789                                 1143.2856965516294                                1146.0243073821807                                1145.0014669925476                                1143.0368698894113
50                                                472.9580060119006                                 632.4580553002696                                 1130.3661180038243                                1148.438197328188                                 1149.7693684972687                                1148.5388271481347                                1146.4934134884252
55                                                517.7248956170542                                 671.5285388227791                                 1139.243023627349                                 1153.4134006469035                                1153.6726388110014                                1152.280463580078                                 1150.1686088037668
60                                                558.2239189437745                                 705.9758554409262                                 1146.8477184506032                                1158.2336828349335                                1157.7213254656822                                1156.2088576939486                                1154.043449159009
65                                                594.7545363034791                                 738.0654326350559                                 1154.023238756552                                 1163.1829817178887                                1162.0421992261881                                1160.428260456972                                 1158.214361502275
70                                                627.3458671699572                                 767.9519592526636                                 1160.8352343072424                                1168.280485363914                                 1166.6418276260229                                1164.9434585729537                                1162.6855273213869
75                                                656.3381513118943                                 799.0115458703523                                 1167.661497065888                                 1173.672459220595                                 1171.6064790048554                                1169.8322097225455                                1167.5315982413076
80                                                681.7300128056327                                 831.2317048500387                                 1174.5002100744387                                1179.3582539005874                                1176.9358115754949                                1175.094215670339                                 1172.7522915331888
85                                                703.2740168873509                                 863.0645703397817                                 1181.6220117088524                                1185.5054403107852                                1182.7692849778668                                1180.8645714091645                                1178.48071214307
90                                                720.982285589695                                  894.5760236886114                                 1189.0051252049434                                1192.1017545183809                                1189.0972020460435                                1187.1339675096401                                1184.7077162727492
95                                                736.9139259864224                                 924.605593337844                                  1196.9037301531848                                1199.3191388260343                                1196.069967563913                                 1194.0495140485355                                1191.5786828780847
100                                               750.8252737383958                                 953.305662690162                                  1205.2829283026927                                1207.134496924044                                 1203.667591705611                                 1201.59169539714                                  1199.0743375957113
105                                               768.0461132040701                                 980.7389765409147                                 1214.2802414824937                                1215.6272601988949                                1211.9546712074289                                1209.824412609827                                 1207.2606538378436
110                                               787.6263867390284                                 1006.9137505410848                                1223.8675805924481                                1224.7808373315233                                1220.9175625288572                                1218.7342014355463                                1216.1238399338754
115                                               814.8056940986413                                 1032.150808894391                                 1234.084703986925                                 1234.5854085865044                                1230.5290890194392                                1228.289669039857                                 1225.6287921874082
120                                               848.3388642361523                                 1056.3794543190866                                1244.9204191486892                                1245.0417729966111                                1240.7941578595237                                1238.4966756818849                                1235.7821691768704
125                                               885.20547477158                                   1079.8087053473314                                1256.273887749156                                 1256.0042141215704                                1251.554757728596                                 1249.1954576373005                                1246.4235777642502
130                                               926.1536279675357                                 1102.3784187504507                                1268.1717071013932                                1267.5120723942314                                1262.8537641116832                                1260.4294138650193                                1257.5966292660505
135                                               964.7139153022373                                 1124.3690141440325                                1280.3395906724754                                1279.2608798684278                                1274.3810687698856                                1271.8886251048943                                1268.9926307481933
140                                               1002.7561345801672                                1145.6598620578357                                1292.8564300713106                                1291.339157619855                                 1286.2270262323368                                1283.663403200922                                 1280.701523438588
145                                               1031.19939778651                                  1165.0481006950868                                1305.136142775753                                 1303.159787863287                                 1297.8080450578996                                1295.1718248363986                                1292.14319188247
150                                               1059.6426609928526                                1184.4363393323374                                1317.4158554801948                                1314.9804181067184                                1309.3890638834623                                1306.6802464718758                                1303.584860326352
155                                               1088.0859241991952                                1203.8245779695885                                1329.695568184637                                 1326.8010483501498                                1320.9700827090246                                1318.1886681073524                                1315.026528770234
160                                               1116.1472901156703                                1223.0480651742955                                1341.826990792952                                 1338.4769307172169                                1332.4091875393028                                1329.5560039912052                                1326.327800177443
165                                               1139.4223877883                                   1240.206744456464                                 1352.0999132317188                                1348.3387070867016                                1342.0697030289061                                1339.155130802682                                 1335.8694940857085
170                                               1162.6974854609302                                1257.3654237386327                                1362.372835670485                                 1358.2004834561867                                1351.73021851851                                  1348.754257614159                                 1345.4111879939742
175                                               1185.97258313356                                  1274.5241030208012                                1372.6457581092523                                1368.0622598256714                                1361.3907340081137                                1358.3533844256358                                1354.9528819022394
177.38433600038343                                1197.0717137922184                                1282.706514367103                                 1377.544577869232                                 1372.7650175107701                                1365.9975169809386                                1362.930893151406                                 1359.503002760263
