% Model:              batchmodel_BILLETTA_r_0.0542379_COIL_kr_1.9397_COIL_kw_3.7744_FUNZ_freq_4639.7_FUNZ_I_eff_61.5962.mph
% Version:            COMSOL 5.6.0.401
% Date:               Jan 28 2022, 00:45
% Table:              Tabella delle sonde 1 - 
% Tempo (s)                                       Temperatura (degC), Punto: (0, 0.5)               Temperatura (degC), Punto: (0.5*BILLETTA_r, 0.5)  Temperatura (degC), Punto: (BILLETTA_r-10*FUNZ_depth_billetta, 0.5)Temperatura (degC), Punto: (BILLETTA_r-5*FUNZ_depth_billetta, 0.5)Temperatura (degC), Punto: (BILLETTA_r-2*FUNZ_depth_billetta, 0.5)Temperatura (degC), Punto: (BILLETTA_r-FUNZ_depth_billetta, 0.5)Temperatura (degC), Punto: (BILLETTA_r-0.01[mm], 0.5)
0                                                 20                                                20                                                20.000000000012335                                20.000051519097042                                20.106462731757176                                20.254379360782877                                20.416054976259886
5                                                 20.085226939369647                                24.4499036386502                                  254.1451580967332                                 304.6329341736123                                 335.67331959292915                                342.7225047480757                                 345.51092947024506
10                                                22.025745523022636                                50.03809629045452                                 473.48567584646935                                549.5127746051219                                 591.5302297599519                                 599.9684150364365                                 603.0591035277762
15                                                30.313663698775883                                95.5847830256933                                  655.0970041741327                                 747.7797961090595                                 800.9949931630432                                 811.2652149902016                                 814.7093888746818
20                                                49.50553601189091                                 151.85634650540715                                818.9037840627228                                 944.3895753553728                                 999.6423788097546                                 1008.7389495416963                                1011.2119953862585
25                                                80.53784609775619                                 211.56935116761412                                962.4377656535352                                 1056.9658455152198                                1087.4903145000503                                1091.1043724372394                                1091.2560697737067
30                                                120.2856871625948                                 269.8079790066637                                 1007.8392617260025                                1071.3642256418739                                1087.9467200032018                                1089.5090783110354                                1089.0025411840934
35                                                164.5998191071293                                 324.52701672065325                                1030.73508010376                                  1079.0176307991214                                1091.390626618535                                 1092.3376991838236                                1091.6142764291208
40                                                209.66785770677865                                374.7506454114904                                 1047.898973105162                                 1086.1053587401293                                1095.4037003032408                                1095.8885627512086                                1094.999645206448
45                                                254.08375323988628                                420.38555006406557                                1060.5700810120097                                1091.910508562018                                 1099.0969269475136                                1099.2579275674257                                1098.250347012145
50                                                296.86349233209717                                461.5081796776775                                 1070.47982711125                                  1096.9041763046857                                1102.569507054748                                 1102.495772691927                                 1101.4003903503167
55                                                337.2551780736785                                 498.45996786038256                                1079.596218417531                                 1102.2328182101337                                1106.6943210801282                                1106.429382232211                                 1105.2591603398478
60                                                374.9375675768654                                 532.4221899052334                                 1087.699517928354                                 1107.026895436541                                 1110.4508424440105                                1110.0215618385096                                1108.78660224853
65                                                409.9930110638305                                 563.206073635129                                  1094.742230051529                                 1111.3757651507908                                1113.9636873567447                                1113.4013940337768                                1112.1129631946824
70                                                442.5955701514149                                 591.2048487887984                                 1100.8390783389546                                1115.2402600207183                                1117.1421733044608                                1116.470535314072                                 1115.1375004254387
75                                                472.9763829306909                                 616.9406889092215                                 1106.1424052959328                                1118.5683693701476                                1119.8658821069193                                1119.0983943969309                                1117.7264366726758
80                                                500.9878044578039                                 640.0800432472425                                 1110.554898529956                                 1121.3933162534363                                1122.2117337359773                                1121.3683895648091                                1119.965225342838
85                                                527.2301235756734                                 661.5987478289073                                 1114.799501549865                                 1124.2489073274332                                1124.6423309191387                                1123.7306235140854                                1122.2985030307518
90                                                551.6118572843101                                 681.3480869014363                                 1118.7660389929301                                1127.0537913643775                                1127.087173786525                                 1126.1165013583923                                1124.6585078746416
95                                                574.1386979485551                                 699.3475599472428                                 1122.4866175438306                                1129.833461230597                                 1129.5704808073697                                1128.5500498625338                                1127.0691477348819
100                                               595.2454396702179                                 716.3515283373109                                 1126.6020721078175                                1133.0693855787504                                1132.5193659630095                                1131.4489895209344                                1129.943872660741
105                                               614.7112975980981                                 731.9769336024692                                 1130.7869920166886                                1136.5170786064941                                1135.7169443039425                                1134.6012053191043                                1133.0727361344834
110                                               632.7680335527989                                 747.1534217438581                                 1135.011003038278                                 1140.053781737397                                 1139.0184485931532                                1137.8593799956911                                1136.3079662384262
115                                               649.5291587855409                                 762.3363105550092                                 1139.2592286191966                                1143.6193708337887                                1142.3529753912107                                1141.1513611719329                                1139.5771879142953
120                                               664.8889837475735                                 777.1016567561254                                 1143.545520216439                                 1147.2698270685582                                1145.7865424050638                                1144.5443294336355                                1142.9477890832654
125                                               679.1380954385246                                 792.7754839248176                                 1147.7740003038493                                1150.927686027865                                 1149.2475591858647                                1147.9677305220653                                1146.3497213887536
130                                               692.15170099937                                   808.7883299943197                                 1151.985843574791                                 1154.626214876751                                 1152.7667703188913                                1151.451864029686                                 1149.8130671630706
135                                               703.9272933537808                                 825.1287545274234                                 1156.1818772248262                                1158.366081949307                                 1156.344793459854                                 1154.9973386723454                                1153.3384307573297
140                                               714.4648725017572                                 841.7967575241292                                 1160.3621012539538                                1162.1472872455338                                1159.9816286087512                                1158.6041544500436                                1156.9258121715302
145                                               723.7644384432996                                 858.7923389844369                                 1164.5265156621745                                1165.9698307654312                                1163.6772757655845                                1162.2723113627803                                1160.5752114056727
150                                               733.9259749334768                                 874.6586799791854                                 1169.0148100025654                                1170.1078371122658                                1167.6826385520876                                1166.2484392245228                                1164.5310929357643
155                                               743.580142679477                                  890.3457304293667                                 1173.6054824414741                                1174.3825574793045                                1171.8341098988635                                1170.371717793576                                 1168.6340484750099
160                                               752.7060485319242                                 905.8679845116275                                 1178.295153341056                                 1178.791264547218                                 1176.1291935166728                                1174.639693301653                                 1172.8816457984922
165                                               761.3036924908182                                 921.2254422259674                                 1183.083822701311                                 1183.3339583160064                                1180.5678894055168                                1179.0523657487538                                1177.2738849062116
170                                               769.3730745561594                                 936.4181035723867                                 1187.9714905222381                                1188.01063878567                                  1185.1501975653955                                1183.6097351348776                                1181.8107657981682
175                                               785.5064263173698                                 950.3656220317856                                 1193.4700503737986                                1193.29648554826                                  1190.33859452657                                  1188.7716209404548                                1186.9502608716784
180                                               801.7392840074837                                 964.2992645827798                                 1198.9753083788696                                1198.588798441183                                 1195.5333627001842                                1193.9398526243967                                1192.0960794369776
185                                               817.9721416975973                                 978.2329071337734                                 1204.4805663839406                                1203.8811113341062                                1200.7281308737984                                1199.1080843083387                                1197.2418980022771
190                                               834.2049993877112                                 992.1665496847671                                 1209.9858243890121                                1209.1734242270281                                1205.9228990474135                                1204.276315992281                                 1202.3877165675767
195                                               850.4378570778248                                 1006.100192235761                                 1215.4910823940832                                1214.465737119951                                 1211.1176672210277                                1209.444547676223                                 1207.5335351328758
200                                               868.8837740302146                                 1018.9304821786726                                1221.493707961381                                 1220.280692515989                                 1216.8415959360232                                1215.142495023188                                 1213.2087604252652
205                                               887.3561231938885                                 1031.7475939614897                                1227.5022739590659                                1226.1018902198148                                1222.5718448085813                                1220.8467691579458                                1218.8903088155967
210                                               905.828472357562                                  1044.5647057443066                                1233.5108399567503                                1231.9230879236397                                1228.302093681139                                 1226.5510432927035                                1224.5718572059282
215                                               924.3008215212357                                 1057.3818175271235                                1239.5194059544356                                1237.7442856274656                                1234.0323425536976                                1232.2553174274613                                1230.2534055962592
220                                               942.7731706849096                                 1070.19892930994                                  1245.5279719521209                                1243.565483331291                                 1239.7625914262553                                1237.9595915622194                                1235.9349539865902
225                                               959.5395146298507                                 1081.8903344941336                                1251.6231975840087                                1249.4844646082029                                1245.5930028786197                                1243.7639231447756                                1241.7159523494315
230                                               976.2854824867401                                 1093.5682945279123                                1257.7194582563047                                1255.404613786991                                 1251.424610647105                                 1249.5694497877826                                1247.498138517196
235                                               993.0314503436294                                 1105.2462545616913                                1263.8157189286003                                1261.324762965778                                 1257.2562184155904                                1255.3749764307895                                1253.2803246849603
240                                               1009.7774182005184                                1116.9242145954704                                1269.9119796008958                                1267.2449121445661                                1263.0878261840753                                1261.180503073797                                 1259.0625108527242
245                                               1026.5233860574076                                1128.6021746292495                                1276.0082402731914                                1273.1650613233537                                1268.9194339525607                                1266.9860297168043                                1264.8446970204886
250                                               1041.108611271392                                 1139.2877537796871                                1281.9675082182048                                1278.9580680387285                                1274.6267375774532                                1272.6675639541995                                1270.5028394222954
