% Model:              batchmodel_BILLETTA_r_0.0335556_COIL_kr_2.4069_COIL_kw_5.3284_FUNZ_freq_7167.5_FUNZ_I_eff_61.5962.mph
% Version:            COMSOL 5.6.0.280
% Date:               Jan 27 2022, 19:53
% Table:              Tabella delle sonde 1 - 
% Tempo (s)                                       Temperatura (degC), Punto: (0, 0.5)               Temperatura (degC), Punto: (0.5*BILLETTA_r, 0.5)  Temperatura (degC), Punto: (BILLETTA_r-10*FUNZ_depth_billetta, 0.5)Temperatura (degC), Punto: (BILLETTA_r-5*FUNZ_depth_billetta, 0.5)Temperatura (degC), Punto: (BILLETTA_r-2*FUNZ_depth_billetta, 0.5)Temperatura (degC), Punto: (BILLETTA_r-FUNZ_depth_billetta, 0.5)Temperatura (degC), Punto: (BILLETTA_r-0.01[mm], 0.5)
0                                                 20                                                19.999999999999943                                20.000000000035243                                20.000166072783657                                20.16828059565512                                 20.393953557897362                                20.62016760714056
5                                                 26.147150526943108                                65.72329165602275                                 394.1452613007243                                 459.27501208088745                                496.9758585498712                                 504.92969234321026                                507.9487103284681
10                                                80.51336294869225                                 186.5921390387923                                 693.8288853567379                                 791.3017174398918                                 845.1836162776868                                 855.567995187239                                  859.0887973683981
15                                                176.70824839704113                                315.3156749497947                                 936.5594955204041                                 1037.6656933375934                                1072.0048613101676                                1076.5730591109777                                1077.3393687563444
20                                                278.1464783336154                                 427.86281726959305                                1019.6677307724505                                1075.6880146640297                                1090.594847542966                                 1092.071556460965                                 1091.7395890503835
25                                                372.30233283279176                                520.8455214783012                                 1054.6801766950098                                1090.4111105329762                                1099.3156772297384                                1099.895135261142                                 1099.244529839516
30                                                454.27735400711765                                595.4308552167654                                 1078.5756112178233                                1102.9375549370475                                1108.2886791866972                                1108.327628129991                                 1107.4780107617116
35                                                524.5654454688068                                 656.5677690077616                                 1095.438756986458                                 1112.701712720699                                 1115.8973359744277                                1115.60348829441                                  1114.6271768980696
40                                                584.2856959557588                                 706.6613288085952                                 1108.2915249882785                                1121.0025571891251                                1122.8208050349044                                1122.3106744404759                                1121.2481131782351
45                                                634.1675525289761                                 748.3285945751406                                 1118.8454995807074                                1128.6291707898395                                1129.5432585593444                                1128.8864052136505                                1127.7611965914216
50                                                675.1199231739569                                 787.9618439843647                                 1128.6873679464952                                1136.2880567136258                                1136.5166806804918                                1135.7449945106773                                1134.567286264149
55                                                707.2443253731719                                 828.2381811447998                                 1138.3634496339191                                1144.2209962649567                                1143.892707409595                                 1143.024541502994                                 1141.7996090340057
60                                                731.8601714759433                                 868.6340587154162                                 1148.1240047513256                                1152.5840733493142                                1151.798252611105                                 1150.8473507473527                                1149.578632705709
65                                                751.7341748065509                                 907.432715149257                                  1158.177689561554                                 1161.5435681448898                                1160.3853575405337                                1159.36295025854                                  1158.0526786968726
70                                                774.242836069004                                  943.4377386652212                                 1168.7485912130728                                1171.2579369707805                                1169.7933744810034                                1168.707605984459                                 1167.3566286797063
75                                                805.3891299148003                                 977.3470681817215                                 1180.021770316137                                 1181.8451396342866                                1180.1202398414116                                1178.9760835789698                                1177.5839122435664
80                                                847.2948696464806                                 1009.5576963701238                                1192.155323925288                                 1193.4125163965145                                1191.458133345639                                 1190.2581502476296                                1188.8232242053678
85                                                898.4205367083606                                 1040.598049141472                                 1205.2958514406046                                1206.0573848069093                                1203.889839480907                                 1202.6343971139572                                1201.1542775672633
90                                                945.1302937493953                                 1070.1576799525                                   1219.2560992501694                                1219.5501282121836                                1217.1764930066993                                1215.866453809036                                 1214.3413434677855
95                                                989.8708785461998                                 1098.2636978779424                                1234.0606838182057                                1233.9257803988899                                1231.3556261411982                                1229.9918955521716                                1228.421581601951
100                                               1029.3609088566245                                1124.298923823852                                 1249.5262692892043                                1248.998139998429                                 1246.2388005483594                                1244.8213347288538                                1243.2045452302177
105                                               1062.840334063466                                 1148.8667866970886                                1264.9528116857714                                1264.0387372558612                                1261.089508808751                                 1259.617027654136                                 1257.9519540464935
110                                               1096.3197592703073                                1173.4346495703253                                1280.379354082338                                 1279.0793345132934                                1275.9402170691428                                1274.412720579418                                 1272.6993628627688
115                                               1125.7799191194413                                1196.2325273516976                                1295.5021319063526                                1293.8394246155813                                1290.5168191982298                                1288.9349588689083                                1287.1731537001665
120                                               1153.1863309442324                                1218.1259852796838                                1310.4696933325372                                1308.4561823015133                                1304.9533596803421                                1303.3174684099777                                1301.5071323247507
125                                               1180.592742769023                                 1240.0194432076705                                1325.4372547587222                                1323.0729399874463                                1319.389900162455                                 1317.699977951047                                 1315.841110949335
130                                               1204.2250086139188                                1259.7326907405832                                1339.4073327655206                                1336.7200207213914                                1332.8686856622685                                1331.1274258702201                                1329.2218570539744
135                                               1227.6401164674471                                1279.320492646148                                 1353.3200172594738                                1350.3113078797064                                1346.2923635564703                                1344.4999211551954                                1342.5477557678555
138.85319727162178                                1245.6847224066364                                1294.4156256180659                                1364.0416808460814                                1360.7852899989557                                1356.6371793638846                                1354.8052936245635                                1352.8172190811024
