% Model:              batchmodel_BILLETTA_r_0.0445341_COIL_kr_1.9397_COIL_kw_3.7744_FUNZ_freq_2540.9_FUNZ_I_eff_85.0125.mph
% Version:            COMSOL 5.6.0.401
% Date:               Jan 27 2022, 15:56
% Table:              Tabella delle sonde 1 - 
% Tempo (s)                                       Temperatura (degC), Punto: (0, 0.5)               Temperatura (degC), Punto: (0.5*BILLETTA_r, 0.5)  Temperatura (degC), Punto: (BILLETTA_r-10*FUNZ_depth_billetta, 0.5)Temperatura (degC), Punto: (BILLETTA_r-5*FUNZ_depth_billetta, 0.5)Temperatura (degC), Punto: (BILLETTA_r-2*FUNZ_depth_billetta, 0.5)Temperatura (degC), Punto: (BILLETTA_r-FUNZ_depth_billetta, 0.5)Temperatura (degC), Punto: (BILLETTA_r-0.01[mm], 0.5)
0                                                 20                                                20                                                20.00000000003388                                 20.00015054545287                                 20.106513595726426                                20.215615409075554                                20.335433728020462
5                                                 20.83690897775665                                 34.655439822669734                                281.80468477035276                                362.3546828830222                                 410.49807434084516                                420.64540094042434                                424.51029308593377
10                                                30.770153813668514                                91.41188545859598                                 523.2456522571681                                 637.6434155770352                                 698.7999479069163                                 710.3981203543266                                 714.4049428141191
15                                                61.49732723923046                                 172.21151957422467                                736.8265910987667                                 900.5362366704886                                 980.2401558550317                                 993.5239701109018                                 997.2041474695092
20                                                114.16548626367461                                259.60215944917354                                933.4554058135251                                 1094.3641903278253                                1135.3821457848935                                1139.169708831559                                 1138.7374352264728
25                                                178.74584698778222                                342.5715066538535                                 1029.5781909006878                                1113.4937078556927                                1132.5908824714525                                1133.9138782433365                                1132.764708220623
30                                                246.1205508062045                                 417.7152788452777                                 1066.9944018161395                                1123.3968734949472                                1134.9819660587232                                1135.2121807702147                                1133.693200538327
35                                                310.76271169853976                                483.5429617417408                                 1092.202463691504                                 1133.5706592282518                                1141.1367608861287                                1140.7906038619994                                1139.0623053443792
40                                                370.4907759049187                                 540.549286572829                                  1108.519327298798                                 1138.5281802448394                                1143.078800906941                                 1142.317151607162                                 1140.4479304473189
45                                                425.0218671877468                                 589.972692384172                                  1120.2739062598266                                1143.4400532607287                                1146.1529264918822                                1145.1258641527315                                1143.159430071516
50                                                474.0396947381769                                 632.9627311076654                                 1129.8715733523118                                1148.1522794932453                                1149.5497519054102                                1148.3296062104832                                1146.2884147354061
55                                                518.9041479349042                                 671.98965649116                                   1138.7429232555783                                1153.0367802710748                                1153.3447037360656                                1151.9610134008794                                1149.8531534738718
60                                                559.507176520792                                  706.8280880499157                                 1146.722954336321                                 1158.0506665736025                                1157.528454920704                                 1156.0154745356344                                1153.8506081727642
65                                                596.0919333693248                                 739.4349427519055                                 1154.1614087715066                                1163.2054197101306                                1162.0309315722134                                1160.412237052029                                 1158.196818981016
70                                                628.8400916134066                                 771.2480082159572                                 1161.3199606389194                                1168.511045376897                                 1166.8013061222978                                1165.092495856576                                 1162.8305788756115
75                                                657.6628427766678                                 801.5551174751523                                 1168.0857181540146                                1173.9882890285862                                1171.8909858842053                                1170.1115057160496                                1167.8081902306303
80                                                682.9836499346181                                 833.6158182617459                                 1175.216544558712                                 1179.9128881912357                                1177.4430126110478                                1175.593199043852                                 1173.2467408506122
85                                                704.6130644638143                                 865.9718563225646                                 1182.3733875099774                                1186.1614835975079                                1183.3933923803584                                1181.4821310409516                                1179.0938480729951
90                                                723.4509489614572                                 897.3328125254944                                 1189.870443057243                                 1192.8919306747816                                1189.8593568505298                                1187.889550428149                                 1185.458257172898
95                                                739.7176546376937                                 927.3826992761598                                 1197.7846490351649                                1200.142883807137                                 1196.8696127795438                                1194.8426989091563                                1192.3665968301275
100                                               754.6470304811816                                 956.3743352519322                                 1206.096229528429                                 1207.9182095959409                                1204.434235557355                                 1202.3529059764728                                1199.8311089072376
105                                               774.060401045501                                  983.736748798245                                  1215.1048896608017                                1216.4215637712                                   1212.7321751401491                                1210.5967893898114                                1208.0289259923802
110                                               795.1181380911395                                 1009.7484585270296                                1224.6644339873906                                1225.553603553321                                 1221.676140165906                                 1219.48819542703                                  1216.8736432313303
115                                               822.6052272657199                                 1034.8093153962323                                1234.874952934782                                 1235.3515502672494                                1231.2816594091705                                1229.0379052984545                                1226.3728824721902
120                                               856.0976410304148                                 1058.883886108853                                 1245.7275768635727                                1245.8121054983253                                1241.5473567679987                                1239.244963613533                                 1236.5259682952774
125                                               893.159859117077                                  1082.0484991680255                                1257.1380843836896                                1256.8416229266618                                1252.377859018422                                 1250.014078533683                                 1247.2379187671854
130                                               930.5534726328036                                 1104.5703110959785                                1268.9747909929574                                1268.271363397576                                 1263.5945722512456                                1261.1653820358501                                1258.3285094310163
135                                               970.0515407402871                                 1126.3030511976658                                1281.309795188165                                 1280.193713176734                                 1275.2952783024189                                1272.7973535452388                                1269.8964148628388
140                                               1005.8438418699608                                1147.6577347392567                                1293.6932801038897                                1292.1356549339216                                1287.0050227267725                                1284.436266628958                                 1281.4699523074692
145                                               1039.8611711754925                                1168.4977772076645                                1306.2747244154966                                1304.2543770926513                                1298.8816376706313                                1296.2395453524819                                1293.2058666956932
150                                               1071.7739506926891                                1188.8632022148813                                1318.8902688611388                                1316.395761390189                                 1310.7761505047952                                1308.0595024690633                                1304.9574332271231
155                                               1101.0297690338816                                1208.8092972138252                                1331.3629376127365                                1328.391352744216                                 1322.5250204125805                                1319.7338933058195                                1316.5634227536416
160                                               1128.0511514753834                                1228.270374679582                                 1343.736728516908                                 1340.2827379481173                                1334.1685194455576                                1331.302675627896                                 1328.063574681108
165                                               1153.8801193391023                                1246.7367390899462                                1354.7625174682667                                1350.8758622902355                                1344.5456671547931                                1341.6141550651018                                1338.313953340221
170                                               1178.0632718799839                                1264.430167413067                                 1364.9838190649684                                1360.690278762931                                 1354.1616253728453                                1351.16945292325                                  1347.8123040974633
175                                               1200.600609098029                                 1281.3506596489442                                1374.4006333070133                                1369.7259873662033                                1363.0163940997136                                1359.96856920234                                  1356.558626952834
180                                               1221.4921309932374                                1297.4982157975774                                1383.0129601944009                                1377.9829881000524                                1371.1099733353985                                1368.0115039023717                                1364.5529219063333
183.98419138793668                                1236.961064752315                                 1309.8118657323153                                1389.2996636363991                                1384.0050094602548                                1377.0143155056512                                1373.879075706111                                 1370.3847092939523
