% Model:              batchmodel_BILLETTA_r_0.0257427_COIL_kr_1.6756_COIL_kw_4.5299_FUNZ_freq_8940.8_FUNZ_I_eff_61.5962.mph
% Version:            COMSOL 5.6.0.280
% Date:               Jan 27 2022, 13:02
% Table:              Tabella delle sonde 1 - 
% Tempo (s)                                       Temperatura (degC), Punto: (0, 0.5)               Temperatura (degC), Punto: (0.5*BILLETTA_r, 0.5)  Temperatura (degC), Punto: (BILLETTA_r-10*FUNZ_depth_billetta, 0.5)Temperatura (degC), Punto: (BILLETTA_r-5*FUNZ_depth_billetta, 0.5)Temperatura (degC), Punto: (BILLETTA_r-2*FUNZ_depth_billetta, 0.5)Temperatura (degC), Punto: (BILLETTA_r-FUNZ_depth_billetta, 0.5)Temperatura (degC), Punto: (BILLETTA_r-0.01[mm], 0.5)
0                                                 20                                                19.999999999999943                                20.00000000008714                                 20.000331123109675                                20.213898216496204                                20.490177939949206                                20.753366197956154
5                                                 46.49829801111616                                 124.21667944891061                                479.7537873637019                                 552.2768008361643                                 592.6894493042284                                 600.9806868551383                                 604.0711626421304
10                                                187.96404498788348                                323.72083140916175                                868.7785118428627                                 1001.3296374465607                                1054.420731858991                                 1062.758244076937                                 1065.0514671488827
15                                                352.1924574512825                                 500.07819793696797                                1027.747765931133                                 1079.2619145812373                                1092.9945140474842                                1094.369116064815                                 1094.090909117785
20                                                488.16525658052365                                625.1175962180448                                 1071.4552067779255                                1098.9242853998671                                1105.3786524663064                                1105.6618346873997                                1104.9952184205727
25                                                592.0978369075006                                 711.9335955123332                                 1096.7374590043055                                1113.8380067396201                                1117.1700189758262                                1116.973166565087                                 1116.1250238067419
30                                                669.5869325060789                                 782.3475410401467                                 1116.5232809575941                                1127.4149390364619                                1128.856826596697                                 1128.360929509036                                 1127.3917527877152
35                                                722.0092821406018                                 852.0111634193212                                 1133.2173382692708                                1140.3508331814464                                1140.626809317127                                 1139.9387341411493                                1138.8841316114017
40                                                763.1885299630927                                 917.4256738834139                                 1148.8045810279787                                1153.6340988996303                                1153.1707693802773                                1152.3522428094193                                1151.2313157834346
45                                                823.0987158660847                                 974.7188456393748                                 1165.2996417861868                                1168.6755399615708                                1167.7136390008832                                1166.796648774492                                 1165.616060447392
50                                                896.2236539131619                                 1027.1875320464055                                1183.938075323013                                 1186.1431410211812                                1184.7529018566456                                1183.7432729402326                                1182.4998342950344
55                                                964.4250825617152                                 1073.499276109122                                 1205.432164986823                                 1206.7701346826925                                1205.028605465417                                 1203.9332634204384                                1202.6241619666744
60                                                1022.084320504582                                 1114.384975919792                                 1229.1088665125012                                1229.7555053436213                                1227.7079553475314                                1226.5312472776154                                1225.1551949541713
65                                                1078.0532689391912                                1154.5263550478066                                1252.850306178561                                 1252.820901754702                                 1250.4711377587864                                1249.213331882876                                 1247.7700759552981
70                                                1123.1643403490457                                1189.886457122533                                 1277.0076028700837                                1276.4003578873348                                1273.772833417409                                 1272.4356526878692                                1270.9235696711776
75                                                1166.6620728395155                                1224.3780228592923                                1300.993924365564                                 1299.8238279903558                                1296.9226259896845                                1295.506542002774                                 1293.9256421742489
80                                                1204.1502951358434                                1255.6343861756018                                1324.343382043271                                 1322.6662672734815                                1319.506596257078                                 1318.013365657037                                 1316.3636872984212
85                                                1240.0297791825424                                1285.7888642922044                                1346.794713633377                                 1344.6280551407326                                1341.2198520036573                                1339.652162805074                                 1337.9358192758623
90                                                1271.9434506349198                                1313.227008534417                                 1367.0320121137984                                1364.4188879274507                                1360.7866488011182                                1359.1511274157883                                1357.373328505516
93.17236401826561                                 1292.1918072361746                                1330.635764838813                                 1379.872027619036                                 1376.9756330922692                                1373.2012492237145                                1371.5226901606816                                1369.705899482488
