% Model:              batchmodel_BILLETTA_r_0.0335556_COIL_kr_1.6756_COIL_kw_5.8583_FUNZ_freq_7167.5_FUNZ_I_eff_85.0125.mph
% Version:            COMSOL 5.6.0.280
% Date:               Jan 27 2022, 18:04
% Table:              Tabella delle sonde 1 - 
% Tempo (s)                                       Temperatura (degC), Punto: (0, 0.5)               Temperatura (degC), Punto: (0.5*BILLETTA_r, 0.5)  Temperatura (degC), Punto: (BILLETTA_r-10*FUNZ_depth_billetta, 0.5)Temperatura (degC), Punto: (BILLETTA_r-5*FUNZ_depth_billetta, 0.5)Temperatura (degC), Punto: (BILLETTA_r-2*FUNZ_depth_billetta, 0.5)Temperatura (degC), Punto: (BILLETTA_r-FUNZ_depth_billetta, 0.5)Temperatura (degC), Punto: (BILLETTA_r-0.01[mm], 0.5)
0                                                 20                                                19.999999999999943                                20.000000000263583                                20.001403403390725                                20.308775935445283                                20.61148976354781                                 20.89265443284569
5                                                 27.718936253100424                                88.73009228556674                                 679.9579777963935                                 835.4346710690562                                 919.3745652090339                                 934.3122527240647                                 939.2077682393832
10                                                101.49011957723388                                256.45285666566895                                1047.5232075512808                                1121.9034346197845                                1139.970924053744                                 1141.7004043081438                                1141.3374168767632
15                                                225.46343027185293                                406.1730376889734                                 1110.2840244254808                                1145.1331354229387                                1152.5423298893643                                1152.7458742877088                                1151.8559114941386
20                                                343.858099852358                                  521.35217271802                                   1139.5715723037838                                1161.063306775924                                 1164.895692433593                                 1164.57746493889                                  1163.491029443333
25                                                443.62945282249586                                611.464588490527                                  1161.7080200637115                                1176.1022731609796                                1177.9611676553104                                1177.3417614723303                                1176.1291465204304
30                                                526.5619244015772                                 683.5398386331528                                 1181.0114679662302                                1191.5702380622834                                1192.3376674492556                                1191.5382168660963                                1190.2359705081662
35                                                595.4853827696318                                 743.359623391006                                  1200.8756848751223                                1209.1968156147664                                1209.2853176938056                                1208.359553745463                                 1206.9808862517666
40                                                651.8005327209866                                 802.8170821640557                                 1222.8178993835309                                1229.7537748515529                                1229.3850404100185                                1228.3602014438602                                1226.9100985293553
45                                                696.5810935875021                                 867.0589858276315                                 1248.0977003757512                                1254.129148866466                                 1253.4082823009512                                1252.2909442923656                                1250.7627871800141
50                                                729.0245039291489                                 931.2020241864158                                 1277.0717461849363                                1282.4244852306192                                1281.3782816504436                                1280.162581877884                                 1278.5445140521829
55                                                756.9583043341582                                 992.1164151118197                                 1309.1207757430047                                1313.830835191205                                 1312.4360441163303                                1311.110006480892                                 1309.389428579549
60                                                797.1283074091033                                 1050.1517063328297                                1342.9363357753982                                1346.9068891363345                                1345.1142430030422                                1343.6650358207735                                1341.8316691058048
65                                                865.0337589329557                                 1105.7901115246073                                1374.6383190317683                                1377.5544586042638                                1375.2996414721006                                1373.7232962625271                                1371.7793005364515
69.45286733379882                                 940.9868657576241                                 1153.3849673554091                                1396.03838651843                                  1397.8369349366621                                1395.1743037448095                                1393.4998750008904                                1391.4772858974457
