% Model:              batchmodel_BILLETTA_r_0.0445341_COIL_kr_2.7711_COIL_kw_3.7744_FUNZ_freq_8940.8_FUNZ_I_eff_85.0125.mph
% Version:            COMSOL 5.6.0.401
% Date:               Jan 27 2022, 19:29
% Table:              Tabella delle sonde 1 - 
% Tempo (s)                                       Temperatura (degC), Punto: (0, 0.5)               Temperatura (degC), Punto: (0.5*BILLETTA_r, 0.5)  Temperatura (degC), Punto: (BILLETTA_r-10*FUNZ_depth_billetta, 0.5)Temperatura (degC), Punto: (BILLETTA_r-5*FUNZ_depth_billetta, 0.5)Temperatura (degC), Punto: (BILLETTA_r-2*FUNZ_depth_billetta, 0.5)Temperatura (degC), Punto: (BILLETTA_r-FUNZ_depth_billetta, 0.5)Temperatura (degC), Punto: (BILLETTA_r-0.01[mm], 0.5)
0                                                 20                                                20                                                20.00000000062579                                 20.00233661767834                                 20.388768994542318                                20.767034145031857                                21.104504699461927
5                                                 21.06855861558654                                 47.25507545410443                                 772.7345509449984                                 953.4011701683941                                 1031.4496763542902                                1044.251195545237                                 1048.1639041381509
10                                                39.34416860363132                                 144.45873757686394                                1077.8630037545963                                1140.7928783241678                                1156.1011971007579                                1157.5026695326428                                1157.1078007104911
15                                                90.036745295265                                   251.01523177330557                                1121.9143139957005                                1153.632617773509                                 1160.5658148532789                                1160.790299986175                                 1160.0012140857175
20                                                161.1066388305918                                 344.7846794831346                                 1147.4300501460857                                1168.237675846704                                 1172.1862622145463                                1171.9725343491818                                1171.0180010791728
25                                                236.17396289454166                                424.6621474693071                                 1166.6986336104887                                1181.9572125397995                                1184.3508362067028                                1183.8975111764216                                1182.8413465883696
30                                                307.79139552054664                                492.46610764276556                                1183.2679905410478                                1195.6638620888293                                1197.2280760873728                                1196.6356566014592                                1195.509116719496
35                                                372.49514180544224                                551.1155412983137                                 1200.470473420456                                 1210.8335800688092                                1211.792143925407                                 1211.0908022887315                                1209.9019029326114
40                                                429.8209089309821                                 602.4450475086358                                 1219.966744876007                                 1228.864178634281                                 1229.3647081257109                                1228.5728366234875                                1227.324772384769
45                                                481.184694652114                                  648.0645535910987                                 1241.3110860271486                                1249.2601301729264                                1249.42554772111                                  1248.5546779850329                                1247.245386833626
50                                                527.1005078496108                                 688.6955134733428                                 1264.7991883433633                                1272.1553588598463                                1272.064731627488                                 1271.120544525033                                 1269.7462708209364
55                                                568.4370204118584                                 725.5841405080556                                 1290.6779452452147                                1297.6038083403078                                1297.2808490628868                                1296.2606590388068                                1294.814330206777
60                                                605.7971515303005                                 763.1923285705124                                 1318.8054563615792                                1325.2290254212326                                1324.631812992046                                 1323.5239119630673                                1321.9959137501683
65                                                639.1609205873408                                 802.4471619186037                                 1347.8941639008053                                1353.716134272861                                 1352.8054281680566                                1351.601457717849                                 1349.9859774635897
70                                                668.8780086203884                                 847.1021654564462                                 1375.540424815836                                 1380.4835512958662                                1379.189222939955                                 1377.8819790078933                                1376.178669217602
70.59118255270477                                 672.1427938238346                                 852.6554571082892                                 1378.7673711790817                                1383.592219104286                                 1382.2485841045886                                1380.9286275323584                                1379.2147884542164
