% Model:              batchmodel_BILLETTA_r_0.0445341_COIL_kr_2.4069_COIL_kw_3.7744_FUNZ_freq_2540.9_FUNZ_I_eff_61.5962.mph
% Version:            COMSOL 5.6.0.401
% Date:               Jan 27 2022, 17:34
% Table:              Tabella delle sonde 1 - 
% Tempo (s)                                       Temperatura (degC), Punto: (0, 0.5)               Temperatura (degC), Punto: (0.5*BILLETTA_r, 0.5)  Temperatura (degC), Punto: (BILLETTA_r-10*FUNZ_depth_billetta, 0.5)Temperatura (degC), Punto: (BILLETTA_r-5*FUNZ_depth_billetta, 0.5)Temperatura (degC), Punto: (BILLETTA_r-2*FUNZ_depth_billetta, 0.5)Temperatura (degC), Punto: (BILLETTA_r-FUNZ_depth_billetta, 0.5)Temperatura (degC), Punto: (BILLETTA_r-0.01[mm], 0.5)
0                                                 20                                                20                                                20.00000000000483                                 20.000015798759136                                20.057345956085555                                20.138010126793233                                20.23438559772802
5                                                 20.406011102980415                                28.322566705617078                                163.5488660442694                                 203.72642039613947                                229.70322217524546                                235.9519975691228                                 238.49896005432032
10                                                27.715294002061228                                64.20910987337129                                 297.2740432872812                                 350.4127611614588                                 383.84974034208847                                391.77556016843687                                394.89042749098223
15                                                49.51899454344317                                 117.42382191230666                                423.4499917658061                                 490.8668657428776                                 530.4269806711808                                 538.6839317969777                                 541.7325353861905
20                                                83.72823439480288                                 177.20065712329358                                545.3950016727526                                 624.2982485655454                                 668.3185270276252                                 677.1391877681261                                 680.209514697161
25                                                127.78888786429684                                240.0773932432346                                 657.930272267423                                  752.3951516949645                                 803.9617409388264                                 813.5380834853501                                 816.5358859243648
30                                                177.96782297906213                                303.1291696265148                                 761.8368216966704                                 877.0426666322554                                 933.3498229156543                                 943.0253682068675                                 945.6437342867727
35                                                231.18781451882103                                364.6930425368772                                 868.1576009470808                                 996.0871525252163                                 1046.1308512907917                                1053.5677399792717                                1054.9489602200933
40                                                284.05610896552923                                422.9281094063282                                 949.2568756710867                                 1047.6409416790166                                1078.2030262543644                                1081.651016109186                                 1081.435245291967
45                                                335.0341456238863                                 476.4324990565043                                 992.236347439877                                  1063.152998270909                                 1082.0104506856487                                1083.610070011217                                 1082.7503323276442
50                                                383.526443223279                                  524.7429539269643                                 1017.7113634239314                                1072.362709962973                                 1085.8823055232715                                1086.6994707991885                                1085.5663434411654
55                                                428.8968653524653                                 567.8050939278864                                 1033.8117323102247                                1078.2118155205017                                1088.9044961433906                                1089.3096285771717                                1088.0285256631878
60                                                470.63783609468476                                606.0742583732904                                 1048.2577371568223                                1084.0871415124984                                1092.0790416307223                                1092.071908164306                                 1090.6411284805927
65                                                508.9359543292071                                 639.8478701478316                                 1060.5262721260228                                1089.5931817453957                                1095.237787689343                                 1094.8601624765029                                1093.2931219701213
70                                                544.3186100379893                                 670.1193394480449                                 1069.9004891522818                                1093.8919156351508                                1097.9712714178431                                1097.3525585188431                                1095.6949664543035
75                                                576.6365388563685                                 696.8493990977615                                 1077.2043089527206                                1097.5124592034927                                1100.4993426119404                                1099.7119243920088                                1097.988902128906
80                                                605.9650318391765                                 720.5510135545212                                 1083.2882679730365                                1100.7831017291705                                1102.9230575962283                                1102.0023899686416                                1100.2261039103619
85                                                632.556589366134                                  743.0370507703165                                 1088.801076917954                                 1103.9437917930918                                1105.3706539724476                                1104.3361740113255                                1102.5131424160331
90                                                656.6116916499147                                 765.7385242637166                                 1094.457003191476                                 1107.2628761241522                                1107.9629934815398                                1106.811673204194                                 1104.9405130188989
95                                                678.0231066883114                                 787.8900196193257                                 1099.8740024869771                                1110.596822567025                                 1110.6354301103215                                1109.3762575479595                                1107.4598119393258
100                                               696.7908344813239                                 809.4915368371434                                 1105.0520748044582                                1113.945631121711                                 1113.3879638587928                                1112.0299270426221                                1110.071039177314
105                                               713.7802750853532                                 831.0495079624146                                 1109.7488471941679                                1117.0510352276528                                1115.9841181855472                                1114.5413628408032                                1112.5452184120718
110                                               728.6022547139991                                 852.3361885258104                                 1114.0733157185368                                1120.0291783661555                                1118.5302375151468                                1117.01458993191                                  1114.9853211896484
115                                               741.1917985044286                                 873.3135552426885                                 1118.0436779141241                                1122.8994513775856                                1121.0440766775428                                1119.4669759024923                                1117.408539218
120                                               752.651381845057                                  893.8004571203816                                 1121.7461308131542                                1125.6982274026363                                1123.5465040407403                                1121.9170016912494                                1119.8324726513565
125                                               767.5580661000762                                 913.0448236652234                                 1125.5385319333955                                1128.5765139818923                                1126.1241571858923                                1124.4413931746894                                1122.3301906818037
130                                               782.8787082464875                                 931.5450395806639                                 1129.1837350041556                                1131.434240910543                                 1128.719622817896                                 1126.9893053807887                                1124.853271561732
135                                               798.6133082842913                                 949.3011048667037                                 1132.6817400254354                                1134.2714081885883                                1131.3329009367521                                1129.560738309548                                 1127.401715291141
140                                               818.5694216014937                                 965.4889410486927                                 1136.157302521136                                 1137.193328686083                                 1134.0614528496712                                1132.2516284644435                                1130.0705882862144
145                                               842.2351898848525                                 980.7146307647148                                 1139.715298760771                                 1140.2100662211938                                1136.8867159352808                                1135.0391733699898                                1132.8357395304934
150                                               865.9009581682116                                 995.9403204807367                                 1143.2732950004065                                1143.2268037563044                                1139.7119790208912                                1137.8267182755367                                1135.6008907747728
155                                               889.5667264515706                                 1011.166010196759                                 1146.831291240042                                 1146.243541291415                                 1142.5372421065017                                1140.6142631810835                                1138.3660420190522
160                                               911.1378002603966                                 1024.7262563179875                                1150.6673922051896                                1149.6400988064697                                1145.7692495748652                                1143.8113416599444                                1141.5401689466903
165                                               932.2296823761939                                 1037.9055081006459                                1154.5671136533624                                1153.1235456418754                                1149.0943057105978                                1147.1021068739042                                1144.8078549840216
170                                               953.3215644919911                                 1051.0847598833038                                1158.4668351015343                                1156.606992477281                                 1152.4193618463305                                1150.392872087864                                 1148.0755410213524
175                                               973.9424001466913                                 1064.0326640991952                                1162.416132956037                                 1160.1499004779344                                1155.8063719980973                                1153.7457714395973                                1151.405183846768
180                                               990.9117305327565                                 1075.1871850106772                                1166.7497421765424                                1164.153745511584                                 1159.6736435139615                                1157.580328441224                                 1155.2151095249437
185                                               1007.8810609188218                                1086.3417059221597                                1171.0833513970474                                1168.1575905452341                                1163.540915029826                                 1161.4148854428508                                1159.0250352031194
190                                               1024.8503913048876                                1097.4962268336412                                1175.4169606175524                                1172.1614355788838                                1167.4081865456897                                1165.2494424444776                                1162.8349608812946
195                                               1041.198348650329                                 1108.3444197820418                                1179.8284249677358                                1176.2545622886091                                1171.3676109617563                                1169.1762826204558                                1166.7368234491319
200                                               1056.1540764755641                                1118.506263620995                                 1184.414329151562                                 1180.5477308040126                                1175.5335103608786                                1173.309889667783                                 1170.8446770133824
205                                               1070.381420075771                                 1128.3090245236012                                1189.0914964649219                                1184.9455568442618                                1179.8074329834271                                1177.551672648147                                 1175.0603005897678
210                                               1083.8803794509486                                1137.7527024898613                                1193.8599269078145                                1189.448040409357                                 1184.1893788294014                                1181.9016315615472                                1179.3836941782865
215                                               1096.6509546010966                                1146.8372975197744                                1198.7196204802412                                1194.0551814992982                                1188.679347898801                                 1186.3597664079834                                1183.8148577789393
220                                               1108.7839757071956                                1155.6200409931312                                1203.5954500571725                                1198.690270286249                                 1193.2012885569543                                1190.850503986428                                 1188.2788140388247
225                                               1120.374036110356                                 1164.160535427206                                 1208.409175942419                                 1203.2734187986898                                1197.6759982949252                                1195.29514004344                                  1192.6974792390506
230                                               1131.316613688759                                 1172.3929222584038                                1213.2472500887307                                1207.8929002722725                                1202.1909929377189                                1199.780639850243                                 1197.1571329832577
235                                               1141.611708442404                                 1180.3172014867241                                1218.1096724961071                                1212.5487147069975                                1206.7462724853353                                1204.3070034068382                                1201.6577752714475
240                                               1151.2593203712913                                1187.9333731121674                                1222.9964431645485                                1217.2408621028649                                1211.3418369377746                                1208.8742307132256                                1206.1994061036185
245                                               1160.4742368787465                                1195.3111256563075                                1227.8439087927795                                1221.9019661320126                                1215.9094392004604                                1213.414197594488                                 1210.7143020006047
250                                               1169.4801441656568                                1202.5230348866012                                1232.5857788771855                                1226.461859016556                                 1220.378004652298                                 1217.855957441841                                 1215.1319336504853
