% Model:              batchmodel_BILLETTA_r_0.0335556_COIL_kr_1.9397_COIL_kw_5.8583_FUNZ_freq_2540.9_FUNZ_I_eff_61.5962.mph
% Version:            COMSOL 5.6.0.280
% Date:               Jan 27 2022, 18:58
% Table:              Tabella delle sonde 1 - 
% Tempo (s)                                       Temperatura (degC), Punto: (0, 0.5)               Temperatura (degC), Punto: (0.5*BILLETTA_r, 0.5)  Temperatura (degC), Punto: (BILLETTA_r-10*FUNZ_depth_billetta, 0.5)Temperatura (degC), Punto: (BILLETTA_r-5*FUNZ_depth_billetta, 0.5)Temperatura (degC), Punto: (BILLETTA_r-2*FUNZ_depth_billetta, 0.5)Temperatura (degC), Punto: (BILLETTA_r-FUNZ_depth_billetta, 0.5)Temperatura (degC), Punto: (BILLETTA_r-0.01[mm], 0.5)
0                                                 20                                                20                                                20.000000000004945                                20.000016162777115                                20.05751956635737                                 20.137846576192032                                20.233412627803943
5                                                 22.679217367961257                                40.93608747397428                                 164.1482538204595                                 204.52932616572446                                230.60950849067478                                236.80492673223995                                239.31926604327282
10                                                47.43706758412753                                 106.57736195531663                                306.4884926489407                                 361.4356680820881                                 394.6564446307427                                 401.92900014323243                                404.7274021171089
15                                                102.77960445353517                                189.90822037190242                                449.27466809004284                                519.4493190310743                                 558.6518015975435                                 566.6385778098984                                 569.5457108234457
20                                                175.24724501934264                                279.5097270551787                                 588.7809761717542                                 673.7903482581168                                 719.625002744699                                  728.476007901126                                  731.4432079599436
25                                                253.75980435364443                                368.9865063898699                                 707.1940772099894                                 806.3204613742479                                 860.3774259571886                                 870.2720598605662                                 873.1982968663293
30                                                332.5401951190738                                 453.80272688674097                                820.9159393854774                                 940.1747275606023                                 994.5061972363625                                 1003.2274546714483                                1005.2455750417142
35                                                405.99954878297774                                529.5065718902844                                 928.4798703359351                                 1032.506100817297                                 1068.2561310684428                                1072.7463522417584                                1072.9494378326804
40                                                472.36308894889453                                595.2126584920661                                 992.9748710021687                                 1063.7414829291192                                1082.2977633920814                                1083.823534503064                                 1082.9333046364195
45                                                532.0565522826535                                 651.0883952892949                                 1026.866993011935                                 1075.8450379004144                                1087.2530130329378                                1087.7278985607145                                1086.4718026502687
50                                                585.1328815113312                                 698.3116148161928                                 1047.8192414467412                                1083.5514368553577                                1091.1084563692011                                1091.019682471257                                 1089.5633630679677
55                                                631.1555027227904                                 738.133210646637                                  1063.888095498587                                 1090.6076609179477                                1095.4440417892965                                1094.9403792992985                                1093.329708387953
60                                                670.1364910132875                                 775.9389154872239                                 1076.279772295873                                 1096.5939588516662                                1099.4966833364233                                1098.6937047705178                                1096.9681445879842
65                                                701.9984885080256                                 812.3677760501852                                 1085.5630457913321                                1101.6311569283707                                1103.2528079740277                                1102.2473999706876                                1100.4404757738562
70                                                726.3808996402583                                 848.7045532134317                                 1093.814858140203                                 1106.3079468431806                                1106.8387804057024                                1105.660288489118                                 1103.7831715842694
75                                                746.7651379644445                                 883.3891628570829                                 1100.9350941079124                                1110.6404113398548                                1110.3129907578996                                1108.9961559684425                                1107.0610623326897
80                                                765.7254458062918                                 915.6802004755651                                 1107.342790630492                                 1114.7687888290325                                1113.7349930334244                                1112.3024842529944                                1110.317164374832
85                                                791.7189954382487                                 945.1527107738276                                 1113.487590243073                                 1118.9471521771857                                1117.2954505962116                                1115.7596143213536                                1113.7275731169952
90                                                823.6267413263269                                 972.3297029256543                                 1119.3252429870704                                1123.1512380287672                                1120.9769444831936                                1119.3513394353204                                1117.276637093526
95                                                863.882138989126                                  997.9233913136208                                 1125.078709462001                                 1127.4873775717356                                1124.8508783639759                                1123.1438141046847                                1121.0285792026334
100                                               903.2076594088129                                 1021.8032701159169                                1130.8732246190339                                1132.0367792522434                                1128.9859525228176                                1127.2037206272844                                1125.049136679897
105                                               940.2042910117531                                 1043.9879956560558                                1136.742137884567                                 1136.8189057978962                                1133.3975830482045                                1131.5458440488396                                1129.3528288217094
110                                               976.0563430439139                                 1064.4617747434377                                1142.657217873832                                 1141.817281370546                                 1138.07271971491                                  1136.157668342551                                 1133.927364566805
115                                               1004.7397232732845                                1081.1644132891201                                1148.6483959371535                                1147.1186567262444                                1143.1148087987272                                1141.1447993195516                                1138.8785933681265
120                                               1028.9519356971919                                1096.0655993251162                                1154.6701445074746                                1152.5256515489978                                1148.2840081474683                                1146.2618373045743                                1143.96013631714
125                                               1053.1641481210986                                1110.9667853611118                                1160.6918930777956                                1157.9326463717512                                1153.453207496209                                 1151.378875289598                                 1149.041679266153
130                                               1074.7383797348634                                1124.7553944392089                                1166.8413704487084                                1163.5215820345625                                1158.8197613068141                                1156.6950041832965                                1154.3220766317668
135                                               1091.7705262532609                                1136.6283644048094                                1173.2107717399117                                1169.4237841073063                                1164.5261207582676                                1162.353928538373                                 1159.9448622658297
140                                               1108.8026727716579                                1148.5013343704109                                1179.580173031115                                 1175.3259861800502                                1170.232480209721                                 1168.0128528934497                                1165.567647899893
145                                               1125.214035069538                                 1160.084770658004                                 1185.968801866526                                 1181.265364224114                                 1175.9812596251622                                1173.7148317983574                                1171.2334793243722
150                                               1138.0405313774045                                1169.9962259239346                                1192.468464724749                                 1187.419423748196                                 1181.9750032023403                                1179.6654394317438                                1177.1478888940032
155                                               1150.8670276852708                                1179.9076811898644                                1198.9681275829726                                1193.5734832722783                                1187.968746779518                                 1185.6160470651303                                1183.0622984636343
160                                               1163.6935239931372                                1189.8191364557952                                1205.467790441196                                 1199.7275427963605                                1193.962490356696                                 1191.5666546985167                                1188.9767080332654
165                                               1174.3405991299328                                1198.5235720495962                                1211.7419235978514                                1205.7343616166677                                1199.838682003788                                 1197.4052763364957                                1194.7819840039783
170                                               1184.8181027375185                                1207.1340945556904                                1217.99850924378                                  1211.7297242615314                                1205.7057274331555                                1203.2351848185494                                1200.5787687516536
175                                               1195.2956063451043                                1215.7446170617845                                1224.2550948897087                                1217.7250869063955                                1211.572772862523                                 1209.0650933006027                                1206.3755534993293
180                                               1204.124058169867                                 1223.287596666296                                 1230.0567676290952                                1223.3155457531911                                1217.0547403004562                                1214.5146504493891                                1211.7956085827427
185                                               1212.2724410383798                                1230.3903215775376                                1235.6708342855436                                1228.7390222734125                                1222.3779015744853                                1219.8073507081017                                1217.060300352383
190                                               1220.420823906893                                 1237.4930464887798                                1241.2849009419929                                1234.1624987936348                                1227.701062848515                                 1225.1000509668147                                1222.324992122023
195                                               1228.5692067754062                                1244.595771400022                                 1246.8989675984412                                1239.5859753138575                                1233.0242241225442                                1230.3927512255273                                1227.5896838916633
200                                               1236.717589643919                                 1251.698496311264                                 1252.51303425489                                  1245.0094518340798                                1238.3473853965734                                1235.6854514842403                                1232.854375661304
205                                               1243.888187999563                                 1258.0793981372835                                1257.6946790825646                                1250.026472882881                                 1243.274891963064                                 1240.5851684049621                                1237.7281850081336
210                                               1250.655548021498                                 1264.1626201225126                                1262.6979931477872                                1254.8758716950188                                1248.039230527922                                 1245.3228189968554                                1242.4407944435557
215                                               1257.4229080434338                                1270.2458421077417                                1267.7013072130094                                1259.725270507157                                 1252.80356909278                                  1250.0604695887487                                1247.1534038789778
220                                               1264.1902680653693                                1276.3290640929713                                1272.704621278232                                 1264.5746693192946                                1257.567907657638                                 1254.7981201806424                                1251.8660133144003
225                                               1270.9576280873048                                1282.4122860782                                   1277.7079353434547                                1269.4240681314327                                1262.3322462224955                                1259.5357707725357                                1256.5786227498224
230                                               1276.8994197278485                                1287.8309481317174                                1282.2395145592927                                1273.8210638201795                                1266.652975362208                                 1263.8321571478068                                1260.8519258544516
235                                               1282.5007469673988                                1292.9755456689877                                1286.576550322955                                 1278.0314884605614                                1270.7907599747173                                1267.9465661598729                                1264.9440590279905
240                                               1288.1020742069495                                1298.120143206258                                 1290.9135860866172                                1282.2419131009433                                1274.928544587227                                 1272.060975171939                                 1269.03619220153
245                                               1293.7034014464998                                1303.2647407435284                                1295.2506218502795                                1286.4523377413252                                1279.0663291997362                                1276.1753841840045                                1273.1283253750694
250                                               1299.30472868605                                  1308.4093382807991                                1299.5876576139417                                1290.6627623817071                                1283.2041138122454                                1280.2897931960706                                1277.2204585486088
