% Model:              batchmodel_BILLETTA_r_0.0542379_COIL_kr_2.7711_COIL_kw_3.2356_FUNZ_freq_8940.8_FUNZ_I_eff_61.5962.mph
% Version:            COMSOL 5.6.0.401
% Date:               Jan 28 2022, 04:13
% Table:              Tabella delle sonde 1 - 
% Tempo (s)                                       Temperatura (degC), Punto: (0, 0.5)               Temperatura (degC), Punto: (0.5*BILLETTA_r, 0.5)  Temperatura (degC), Punto: (BILLETTA_r-10*FUNZ_depth_billetta, 0.5)Temperatura (degC), Punto: (BILLETTA_r-5*FUNZ_depth_billetta, 0.5)Temperatura (degC), Punto: (BILLETTA_r-2*FUNZ_depth_billetta, 0.5)Temperatura (degC), Punto: (BILLETTA_r-FUNZ_depth_billetta, 0.5)Temperatura (degC), Punto: (BILLETTA_r-0.01[mm], 0.5)
0                                                 20.000000000000057                                20                                                20.000000000084242                                20.00032661365458                                 20.213315087389844                                20.492228392745062                                20.760392247178515
5                                                 20.04625376709174                                 24.959640897991846                                441.1144453626421                                 514.1644045626482                                 555.4195353837276                                 563.9876141254945                                 567.197808708154
10                                                21.875065175160614                                60.02707104974837                                 773.5218556213662                                 897.5416684360565                                 958.2375492955549                                 968.8759842228088                                 972.2431733390109
15                                                32.20124446868874                                 122.55011992121894                                979.3857357957103                                 1060.7370033110565                                1084.986788615689                                 1087.9653633726766                                1088.2432174101787
20                                                58.30399111095204                                 191.14837529547458                                1034.1481749128488                                1081.4545870222923                                1094.2878981958052                                1095.56062952926                                  1095.2496514716736
25                                                97.93223759939207                                 256.09404311547894                                1062.1286346557208                                1093.79041538936                                  1102.0385893710563                                1102.6296281666819                                1102.0765328958
30                                                144.99379520909605                                314.89707774641454                                1077.1072468219195                                1103.1594211024458                                1109.298785138597                                 1109.5385283151222                                1108.8519930718157
35                                                194.20407773074731                                367.65454779175604                                1088.3333513793673                                1108.4514328840792                                1112.9923688013205                                1113.002742186573                                 1112.234177761823
40                                                242.14757397210565                                415.00849637918805                                1096.9347405939498                                1113.1810513639894                                1116.5378897650253                                1116.367033924947                                 1115.5314275259257
45                                                287.76274071029104                                457.3920534887186                                 1104.4497614457646                                1118.747685684219                                 1121.3517237551173                                1121.0510278222919                                1120.162143656063
50                                                330.61518387984347                                495.4317663979448                                 1111.502628504406                                 1125.002387483973                                 1127.144741947462                                 1126.7515943199219                                1125.8197223064662
55                                                370.04187662772756                                530.6245618552999                                 1119.068582299025                                 1130.8770147318696                                1132.46253942581                                  1131.975475595195                                 1131.0023203488886
60                                                406.26773022319037                                562.5267440447246                                 1126.819468477488                                 1136.6342238635425                                1137.6783737396468                                1137.1070361837383                                1136.0968254836962
65                                                439.730369620039                                  591.553662264079                                  1134.3430025500666                                1142.2758488319541                                1142.836200170611                                 1142.1909761933016                                1141.1474747624075
70                                                471.02751237166444                                618.2726094978241                                 1141.0760775130157                                1147.804394489417                                 1147.9960537856468                                1147.2883479903157                                1146.214688099321
75                                                499.73852478416995                                642.2843628316894                                 1147.4149704669499                                1153.2180980881676                                1153.1156859142416                                1152.3561869968325                                1151.2559459940612
80                                                526.6536445626692                                 664.6818635678895                                 1153.9587053463038                                1159.0174036280255                                1158.6636898427723                                1157.8573472456442                                1156.731265358867
85                                                551.7496245093367                                 685.4329595799197                                 1160.6896600763325                                1165.1875890568922                                1164.626280502824                                 1163.7782125055892                                1162.6271134249378
90                                                574.9087557443862                                 704.4025204459845                                 1167.4934722336898                                1171.6135845179392                                1170.8906956194533                                1170.0067229599017                                1168.831893108004
95                                                596.6241774235733                                 722.5483721821274                                 1174.4934045700593                                1178.2037144895671                                1177.3210945067967                                1176.4019370277047                                1175.203292396743
100                                               616.6579146240323                                 739.4082952107169                                 1181.6299739892775                                1185.0022189696083                                1183.983030014112                                 1183.0318691050284                                1181.8099870179199
105                                               635.2681822694263                                 756.1998491484993                                 1189.0797369885172                                1192.1469866873754                                1191.0019918363332                                1190.0200982655733                                1188.7748688034176
110                                               652.7554090965206                                 774.3396442068646                                 1197.0481140936772                                1199.7984488688185                                1198.5239851306774                                1197.5104066907725                                1196.2409203403304
115                                               668.9175112829787                                 792.8747954875129                                 1205.3969288922503                                1207.8486912188177                                1206.4507993179268                                1205.4060790892704                                1204.1119641855857
120                                               683.7544888288003                                 811.8053029904435                                 1214.1261813842375                                1216.2977137373719                                1214.782434398081                                 1213.7071154610667                                1212.3880003391846
125                                               697.2663417339853                                 831.1311667156568                                 1223.2358715696387                                1225.1455164244808                                1223.51889037114                                  1222.4135158061617                                1221.0690288011256
130                                               709.8770837515573                                 850.5748533867546                                 1232.5698361469276                                1234.2290650646178                                1232.4922268030978                                1231.3564836159876                                1229.9860653575001
135                                               721.8958648486355                                 869.9340124840629                                 1242.0142158858625                                1243.4294908191864                                1241.5799977136485                                1240.4129487431683                                1239.0159030042855
140                                               732.9235188506971                                 889.4699135901197                                 1251.7160227812792                                1252.9002739554307                                1250.9403020798018                                1249.741816072552                                 1248.3176233319732
145                                               742.9600457577424                                 909.1825567049242                                 1261.6752568331794                                1262.6414144733512                                1260.5731399015563                                1259.3430856041387                                1257.8912263405637
150                                               752.005445569771                                  929.0719418284774                                 1271.8919180415628                                1272.6529123729465                                1270.4785111789129                                1269.2167573379274                                1267.7367120300569
155                                               762.4564845833801                                 948.6737623398266                                 1282.0676508978381                                1282.6228296248182                                1280.341630515829                                 1279.0479163074206                                1277.539420006572
160                                               776.0606538091878                                 967.6494905955238                                 1291.9849233172254                                1292.323731078939                                 1289.9329867369188                                1288.6069568669418                                1287.0699302342532
165                                               790.5616395615724                                 986.4362244405551                                 1301.924606913352                                 1302.0492749220912                                1299.5489185374195                                1298.1903396892421                                1296.6244637314126
170                                               805.9594418405344                                 1005.03396387492                                  1311.8867016862177                                1311.799461154275                                 1309.1894259173323                                1307.798064774322                                 1306.203020498051
175                                               822.2540606460733                                 1023.4427088986191                                1321.8712076358233                                1321.5742897754913                                1318.854508876656                                 1317.4301321221815                                1315.8056005341678
180                                               840.2642185964997                                 1041.5728799694703                                1331.6409120748972                                1331.1345089380156                                1328.306002314362                                 1326.84897660068                                  1325.1952814757701
185                                               860.5868493259853                                 1059.359164317963                                 1341.0228623717212                                1340.3056792508423                                1337.3702591903998                                1335.8813886092653                                1334.1993223668965
190                                               882.4512080810492                                 1076.8858920463958                                1350.2403703416576                                1349.313032193188                                 1346.2714879216096                                1344.7510117545903                                1343.0407617128299
195                                               905.8572948616912                                 1094.1530631547694                                1359.2934359847059                                1358.1565677650556                                1355.0096885079897                                1353.4578460366547                                1351.7195995135703
200                                               930.8051096679113                                 1111.1606776430826                                1368.1820593008674                                1366.8362859664426                                1363.5848609495415                                1362.0018914554576                                1360.2358357691182
202.67685663650587                                944.7950998218806                                 1120.1593898215942                                1372.873188078142                                 1371.4158297902823                                1368.1087583404642                                1366.509222674878                                 1364.7283557470391
