% Model:              batchmodel_BILLETTA_r_0.0445341_COIL_kr_1.4848_COIL_kw_5.3284_FUNZ_freq_4639.7_FUNZ_I_eff_61.5962.mph
% Version:            COMSOL 5.6.0.401
% Date:               Jan 27 2022, 13:16
% Table:              Tabella delle sonde 1 - 
% Tempo (s)                                       Temperatura (degC), Punto: (0, 0.5)               Temperatura (degC), Punto: (0.5*BILLETTA_r, 0.5)  Temperatura (degC), Punto: (BILLETTA_r-10*FUNZ_depth_billetta, 0.5)Temperatura (degC), Punto: (BILLETTA_r-5*FUNZ_depth_billetta, 0.5)Temperatura (degC), Punto: (BILLETTA_r-2*FUNZ_depth_billetta, 0.5)Temperatura (degC), Punto: (BILLETTA_r-FUNZ_depth_billetta, 0.5)Temperatura (degC), Punto: (BILLETTA_r-0.01[mm], 0.5)
0                                                 20                                                20                                                20.00000000000574                                 20.00002008502446                                 20.053120177688868                                20.173070978872317                                20.30317604353371
5                                                 20.638779120947845                                31.914439629840444                                261.7931034859338                                 311.42262642170544                                341.77837857713746                                348.523542496735                                  351.18950289806844
10                                                28.63635381765988                                 79.41171093240126                                 469.23043166654395                                541.7734045781068                                 581.7574235617926                                 589.7638255542686                                 592.7036119662837
15                                                53.87436958233474                                 150.32618190720518                                651.0298045517943                                 735.9126980139071                                 777.7584211741206                                 786.4112769222462                                 789.3972793538954
20                                                99.75384353953774                                 227.08152320379384                                814.5535238208023                                 936.8685136370281                                 992.8786504263443                                 1002.1370276649712                                1004.6801759639012
25                                                157.92130163307326                                302.3076589565644                                 957.298797567421                                  1051.8455736736737                                1080.693377692613                                 1084.0494573009764                                1084.1506920851193
30                                                219.7500876008723                                 373.11843099522514                                1010.7646556904853                                1071.724721389981                                 1087.8696393712648                                1089.3655712738773                                1088.8328151834817
35                                                280.32442774867036                                437.0441981167768                                 1037.463380140343                                 1081.7154310751685                                1092.8013428226245                                1093.5497839138839                                1092.7553867127845
40                                                337.3435466628067                                 493.0291760877076                                 1056.4779732027819                                1089.994326035006                                 1097.776470921524                                 1098.024658783258                                 1097.0493434845666
45                                                390.26049770708846                                541.8445250956433                                 1069.7034016484313                                1096.8045661187098                                1102.5878804801                                   1102.524874190461                                 1101.4320498149273
50                                                438.47228834180703                                585.3287832168323                                 1081.3033939819197                                1102.9421135337634                                1107.0479383996144                                1106.7252012681265                                1105.5338327236464
55                                                482.04684712268113                                623.2880585589552                                 1090.8352424444456                                1108.322379476234                                 1111.176997795174                                 1110.66064804622                                  1109.3944206078386
60                                                521.8957196366229                                 657.1433436113174                                 1099.0617917455957                                1113.2923094335665                                1115.156221278613                                 1114.484280528186                                 1113.156136920271
65                                                558.0858215215197                                 686.9989519927                                    1106.0390415425277                                1117.8773723224422                                1118.9989078136991                                1118.2073351342383                                1116.8294294813977
70                                                590.6891752134337                                 713.4445554523668                                 1112.1078339678202                                1122.1708880361944                                1122.734277366254                                 1121.8504538881566                                1120.4322029025802
75                                                620.0873862550562                                 737.755062044425                                  1117.9871800193564                                1126.4119821409909                                1126.4594040639745                                1125.489892014844                                 1124.033524930182
80                                                646.1326026804744                                 759.6089216409956                                 1123.332137590237                                 1130.4916852065626                                1130.135010309853                                 1129.0965468240133                                1127.6077846791754
85                                                669.4186343324874                                 782.5615633339859                                 1128.656623836795                                 1134.6333259783573                                1133.8969607459667                                1132.7931083449657                                1131.2729327410643
90                                                689.6914362354219                                 805.0918959725567                                 1133.740773640488                                 1138.7413594828581                                1137.687129475431                                 1136.5270870713598                                1134.978507245753
95                                                707.0217097505587                                 827.8604840154534                                 1138.85865257953                                  1142.9831014423999                                1141.6393412280636                                1140.426915517237                                 1138.850761442488
100                                               721.4046306005542                                 850.822254127523                                  1143.9915599056485                                1147.3471351397661                                1145.7444645302908                                1144.4838301445757                                1142.8810804944546
105                                               733.9013738110012                                 873.4152128964123                                 1149.1694137342529                                1151.854841336462                                 1150.0214354843179                                1148.7163668524972                                1147.0878069360815
110                                               745.6251656371659                                 895.1594306788053                                 1154.4663316598167                                1156.5547045949884                                1154.5109395297982                                1153.163948527701                                 1151.509820550351
115                                               756.4987251902154                                 916.2796561193401                                 1159.8561311887952                                1161.4294846861535                                1159.1985002782244                                1157.812550905836                                 1156.1332899615331
120                                               769.9527959079675                                 936.3895667376167                                 1165.4471439986796                                1166.5494039035375                                1164.1429906405206                                1162.7192364583511                                1161.0144897321702
125                                               784.4623495864274                                 955.6608899417398                                 1171.1912146775144                                1171.883247153327                                 1169.3182405310372                                1167.858639873055                                 1166.1284047899899
130                                               803.2901263602799                                 974.409544865964                                  1177.189480707073                                 1177.5016244750977                                1174.7853249689229                                1173.2902417132514                                1171.5337758189617
135                                               825.8131972390196                                 992.5752155858639                                 1183.422632713387                                 1183.3910548563103                                1180.532583387152                                 1179.0026858286724                                1177.2193879280867
140                                               851.2353191572373                                 1010.2844077615069                                1189.922073754617                                 1189.5729124555382                                1186.5781462165519                                1185.013540817296                                 1183.2025411585464
145                                               879.2005573577316                                 1027.652051998064                                 1196.717923087947                                 1196.0678216142774                                1192.939590483386                                 1191.339859885576                                 1189.5000398888087
150                                               908.7495559119731                                 1044.5891981465097                                1203.7730479344991                                1202.84105323526                                  1199.5836738991165                                1197.9488871196095                                1196.0795780121548
155                                               935.163402048615                                  1061.0560452688687                                1211.0228169598417                                1209.8118736343258                                1206.427300050334                                 1204.758025001453                                 1202.8596528545004
160                                               960.6297007853956                                 1077.071044380416                                 1218.4971921146098                                1217.017709528417                                 1213.5089909737321                                1211.8055642886297                                1209.878047623
165                                               985.1484521223152                                 1092.634195481151                                 1226.1961733988032                                1224.4585609175338                                1220.828746669311                                 1219.0915049811406                                1217.1347623176543
170                                               1008.719656059373                                 1107.7454985710751                                1234.1197608124226                                1232.1344278016763                                1228.3865671370704                                1226.6158470789856                                1224.6297969384632
175                                               1028.7185122170881                                1121.5629055871377                                1242.0650075532812                                1239.847583623563                                 1235.9848808314669                                1234.1806826377456                                1232.164829071145
180                                               1046.961228333042                                 1134.7891721545775                                1249.930396296837                                 1247.485974628757                                 1243.5090954153347                                1241.671280019039                                 1239.6253585164923
185                                               1065.2039444489956                                1148.0154387220182                                1257.7957850403923                                1255.1243656339516                                1251.033309999203                                 1249.1618774003318                                1247.085887961839
190                                               1083.4466605649495                                1161.241705289458                                 1265.661173783948                                 1262.7627566391466                                1258.5575245830705                                1256.6524747816252                                1254.5464174071863
195                                               1101.6893766809035                                1174.4679718568982                                1273.5265625275033                                1270.4011476443407                                1266.0817391669389                                1264.143072162918                                 1262.0069468525335
200                                               1116.7246342996104                                1186.1996741796306                                1281.0213434962889                                1277.690596403289                                 1273.264336012513                                 1271.2933441651112                                1269.1277707092695
205                                               1131.7525773653756                                1197.927968174772                                 1288.5152793005327                                1284.979249405555                                 1280.4461538048167                                1278.4428400612355                                1276.2478198733588
210                                               1146.7805204311403                                1209.656262169914                                 1296.0092151047766                                1292.267902407821                                 1287.6279715971204                                1285.5923359573603                                1283.3678690374481
215                                               1161.808463496905                                 1221.384556165055                                 1303.5031509090209                                1299.5565554100863                                1294.8097893894237                                1292.7418318534847                                1290.487918201538
220                                               1176.0004526527032                                1232.635444848364                                 1310.8333629527142                                1306.688035277884                                 1301.8368725766582                                1299.737107004842                                 1297.4540854380607
225                                               1188.774839479739                                 1243.0767543506327                                1317.8859338711477                                1313.552982506998                                 1308.6015583591175                                1306.4708561506159                                1304.1593012318413
230                                               1201.5492263067745                                1253.5180638529014                                1324.9385047895807                                1320.417929736112                                 1315.3662441415763                                1313.2046052963901                                1310.8645170256214
235                                               1214.3236131338103                                1263.9593733551706                                1331.9910757080143                                1327.282876965226                                 1322.1309299240356                                1319.938354442164                                 1317.569732819402
240                                               1227.0979999608458                                1274.4006828574393                                1339.0436466264473                                1334.1478241943396                                1328.8956157064954                                1326.6721035879382                                1324.2749486131825
245                                               1238.9772852798087                                1284.2779025581222                                1345.7508098325384                                1340.678442978327                                 1335.3309968985172                                1333.0777931027105                                1330.653060891476
250                                               1250.1582538228258                                1293.7150454987568                                1352.1885019251363                                1346.9482341804114                                1341.5094698875873                                1339.2275456742723                                1336.7759821436402
