% Model:              batchmodel_BILLETTA_r_0.0257427_COIL_kr_1.9397_COIL_kw_3.2356_FUNZ_freq_4639.7_FUNZ_I_eff_61.5962.mph
% Version:            COMSOL 5.6.0.280
% Date:               Jan 27 2022, 13:28
% Table:              Tabella delle sonde 1 - 
% Tempo (s)                                       Temperatura (degC), Punto: (0, 0.5)               Temperatura (degC), Punto: (0.5*BILLETTA_r, 0.5)  Temperatura (degC), Punto: (BILLETTA_r-10*FUNZ_depth_billetta, 0.5)Temperatura (degC), Punto: (BILLETTA_r-5*FUNZ_depth_billetta, 0.5)Temperatura (degC), Punto: (BILLETTA_r-2*FUNZ_depth_billetta, 0.5)Temperatura (degC), Punto: (BILLETTA_r-FUNZ_depth_billetta, 0.5)Temperatura (degC), Punto: (BILLETTA_r-0.01[mm], 0.5)
0                                                 20                                                20                                                20.000000000013017                                20.000052791896167                                20.10694742175474                                 20.253099011261327                                20.41095372613779
5                                                 44.367612363004355                                95.88114073525873                                 293.38392700239353                                346.72843795257927                                379.0829469670982                                 386.16032905326676                                388.90861411978915
10                                                148.88571998694454                                244.77077439152595                                541.7256294316959                                 620.5514832218686                                 662.6978287092679                                 671.0063642191067                                 673.9833256793326
15                                                279.2462874420827                                 394.49304546576604                                753.2692321716046                                 864.4886804310792                                 919.5525115024187                                 929.2357725230155                                 932.1376677625477
20                                                402.07004705926306                                525.0928629163255                                 939.0975714460238                                 1036.2912295746391                                1069.1897417762598                                1073.4784484681081                                1073.9654832232986
25                                                510.4538724821184                                 632.100838188992                                  1024.664385112077                                 1076.746813344981                                 1089.767221481306                                 1090.7708034876505                                1090.0646577321036
30                                                601.0393138153854                                 713.4690510415829                                 1062.6358909680034                                1092.7961877773541                                1099.2596659536011                                1099.2875990491434                                1098.231571663422
35                                                671.5299030356064                                 778.6312220016338                                 1084.2447995148755                                1103.4737820396367                                1106.7716831574116                                1106.3234155578898                                1105.0899059650187
40                                                721.2504312967359                                 842.6985725165947                                 1099.5398887778915                                1112.6655752237743                                1114.1239063772323                                1113.387311035051                                 1112.039004750919
45                                                756.2034055638941                                 902.4947722414666                                 1112.2476839016717                                1121.112394138357                                 1121.2717510263583                                1120.3266976550467                                1118.8907942759788
50                                                797.5559229793099                                 954.8395442096372                                 1123.9399211833475                                1129.6534704316423                                1128.8392752349055                                1127.7329375884296                                1126.2241383853411
55                                                861.5265770792324                                 1001.303479703757                                 1135.2943854439382                                1138.711141949921                                 1137.160404013297                                 1135.925421523043                                 1134.3526078656123
60                                                933.7918275836565                                 1043.3563967625369                                1147.0929472330567                                1148.7434571513777                                1146.6021971042237                                1145.25734402224                                  1143.6237640292748
65                                                995.6375067051821                                 1080.2842766636236                                1159.782398326205                                 1160.0652662186235                                1157.4411913490671                                1155.9991161306157                                1154.3052082708427
70                                                1041.1340063004764                                1109.2014258563167                                1173.6050992599335                                1172.9708797647686                                1169.9844578832449                                1168.4586873263388                                1166.7039879374183
75                                                1082.9925880683004                                1136.598890662252                                 1187.624254763744                                 1186.131502755708                                 1182.798065196279                                 1181.1901489615188                                1179.374329569484
80                                                1114.5954523780756                                1159.9773205344854                                1202.551329016997                                 1200.3875633144207                                1196.7611188448313                                1195.077046320369                                 1193.1990753383443
85                                                1144.836000095001                                 1182.7645254437207                                1217.5309978909268                                1214.7271493189892                                1210.8175227537058                                1209.0588592118002                                1207.1193272617043
90                                                1169.762916730644                                 1203.044373113083                                 1232.477101330519                                 1229.1749498942245                                1225.0297656972689                                1223.2053179051159                                1221.2090827018174
95                                                1192.8482157160138                                1222.187635171897                                 1246.9612529106153                                1243.2034136772277                                1238.8374894168637                                1236.950094519921                                 1234.898786687957
100                                               1211.5742797476773                                1238.6405213426192                                1260.3519328395519                                1256.2392785883649                                1251.6876884622648                                1249.7440621779037                                1247.6415415170954
105                                               1230.300343779341                                 1255.0934075133414                                1273.7426127684894                                1269.275143499502                                 1264.5378875076658                                1262.538029835886                                 1260.3842963462334
110                                               1249.026407811005                                 1271.5462936840631                                1287.1332926974264                                1282.3110084106397                                1277.3880865530664                                1275.3319974938686                                1273.127051175372
115                                               1265.8137167558066                                1286.5950256051283                                1299.648412593987                                 1294.5086558903672                                1289.4145310175013                                1287.3054769472787                                1285.0516515113095
120                                               1281.5716104513072                                1300.8981977560288                                1311.6986388816977                                1306.2612374553896                                1301.0035888656103                                1298.8433041229036                                1296.541838693522
125                                               1297.3295041468082                                1315.2013699069294                                1323.7488651694084                                1318.0138190204116                                1312.5926467137192                                1310.381131298529                                 1308.0320258757347
130                                               1313.0489464938091                                1329.4700139380598                                1335.771531715403                                 1329.7397879469645                                1324.155516895562                                 1321.8928811838596                                1319.4962255296132
135                                               1324.7029559323496                                1340.0880251602998                                1344.880326959336                                 1338.6520221038681                                1332.949584307491                                 1330.6474982699292                                1328.2127828505782
140                                               1336.3569653708896                                1350.7060363825394                                1353.9891222032684                                1347.5642562607713                                1341.74365171942                                  1339.4021153559988                                1336.9293401715431
145                                               1348.0109748094305                                1361.324047604779                                 1363.0979174472013                                1356.476490417675                                 1350.5377191313491                                1348.1567324420685                                1345.6458974925076
150                                               1358.8561165724227                                1371.1997622317276                                1371.5973386051523                                1364.7967695128664                                1358.7488812752454                                1356.3311164819388                                1353.7846023731317
155                                               1367.5438012973773                                1379.0955819237747                                1378.4714031685212                                1371.538153007827                                 1365.405285934025                                 1362.9578705360068                                1360.3820269528542
160                                               1375.127722223302                                 1385.9784793112303                                1384.513928684767                                 1377.4717670894197                                1371.2662703373435                                1368.7928507922634                                1366.190926259395
165                                               1381.6078793501965                                1391.8484543940936                                1389.7249151538913                                1382.5976117576433                                1376.3318344852005                                1373.8360572507086                                1371.2113002927554
170                                               1386.9842726780603                                1396.7055071723648                                1394.104362575893                                 1386.915687012499                                 1380.601978377596                                 1378.0874899113414                                1375.4431490529341
173.17221439892234                                1389.8230073319833                                1399.2618494398607                                1396.4517351758127                                1389.236446565359                                 1382.8987310142152                                1380.3742619567402                                1377.7191805282332
