% Model:              batchmodel_BILLETTA_r_0.0445341_COIL_kr_2.4069_COIL_kw_5.3284_FUNZ_freq_7167.5_FUNZ_I_eff_85.0125.mph
% Version:            COMSOL 5.6.0.401
% Date:               Jan 27 2022, 18:25
% Table:              Tabella delle sonde 1 - 
% Tempo (s)                                       Temperatura (degC), Punto: (0, 0.5)               Temperatura (degC), Punto: (0.5*BILLETTA_r, 0.5)  Temperatura (degC), Punto: (BILLETTA_r-10*FUNZ_depth_billetta, 0.5)Temperatura (degC), Punto: (BILLETTA_r-5*FUNZ_depth_billetta, 0.5)Temperatura (degC), Punto: (BILLETTA_r-2*FUNZ_depth_billetta, 0.5)Temperatura (degC), Punto: (BILLETTA_r-FUNZ_depth_billetta, 0.5)Temperatura (degC), Punto: (BILLETTA_r-0.01[mm], 0.5)
0                                                 20                                                20                                                20.000000000263583                                20.001420965482964                                20.309131249989548                                20.61479901583317                                 20.900007443212758
5                                                 20.985674237000353                                44.86201912599711                                 658.8721239913605                                 803.6867570923272                                 879.4904799793782                                 893.6286732409209                                 898.3922466999458
10                                                40.15607947868574                                 138.59206243259592                                1018.3485851902559                                1112.4823148606033                                1136.5912020845217                                1139.1817487186077                                1139.1100088189955
15                                                92.23099499732416                                 240.34704507470622                                1103.1125252815555                                1150.5217957033187                                1161.2941194184004                                1161.946096664375                                 1161.1836605295384
20                                                160.43877610388404                                331.0091853103045                                 1127.8712336019203                                1156.3931097583331                                1162.1864995304518                                1162.152888338897                                 1161.166115747401
25                                                230.26485091529725                                406.7107826588824                                 1144.4027002463072                                1164.9970428469173                                1168.6326211550158                                1168.285154055085                                 1167.1820971161046
30                                                295.7458072905906                                 472.12540602576985                                1159.6094746382787                                1175.39826445154                                  1177.6947037213463                                1177.1420420777176                                1175.9525712684217
35                                                356.7836369189446                                 530.5693325491235                                 1174.2896316722072                                1186.7043856961732                                1188.0391121703465                                1187.3315298038565                                1186.0692698686094
40                                                412.8809643041226                                 582.7690084527603                                 1189.6111955217884                                1199.8139387640908                                1200.4899525919468                                1199.6661695744256                                1198.339358732535
45                                                464.1405130139973                                 629.439594357682                                  1205.6094421192824                                1214.2950989320489                                1214.4962562227352                                1213.5802561762907                                1212.1947817465757
50                                                510.4532919992804                                 670.7035303549065                                 1222.3201306141282                                1230.01236327193                                  1229.8790426939704                                1228.8894706061428                                1227.4504327600162
55                                                552.7699006763204                                 708.4940547727082                                 1240.845374821989                                 1247.7585543366554                                1247.3355379461073                                1246.2739736214344                                1244.7766722416968
60                                                590.9549394387201                                 743.4110828653528                                 1260.9875394205396                                1267.3811873467835                                1266.7263374939785                                1265.5967189367852                                1264.0379145259453
65                                                625.3288918070258                                 779.4736538880455                                 1283.0542502598732                                1288.980287582323                                 1288.089022816203                                 1286.8854832768252                                1285.257876015834
70                                                655.9666044025313                                 817.4615403030772                                 1306.7494167304544                                1312.2375566421752                                1311.1008538215838                                1309.8174642922827                                1308.1143816154176
75                                                683.0276250652724                                 859.2283071782821                                 1331.9041650428908                                1336.903934457468                                 1335.4906134372109                                1334.11852111827                                  1332.33264992353
80                                                706.0222646799759                                 902.0626620615734                                 1356.2837404134275                                1360.6343802423394                                1358.9049933927126                                1357.4400776452062                                1355.5709601992867
84.08826291859341                                 721.8146665948358                                 937.9358686040015                                 1375.7109447751482                                1379.4157447543284                                1377.3991581797877                                1375.8551806723449                                1373.9174598442846
