% Model:              batchmodel_BILLETTA_r_0.0131664_COIL_kr_1.6756_COIL_kw_5.8583_FUNZ_freq_7167.5_FUNZ_I_eff_61.5962.mph
% Version:            COMSOL 5.6.0.401
% Date:               Jan 27 2022, 12:42
% Table:              Tabella delle sonde 1 - 
% Tempo (s)                                       Temperatura (degC), Punto: (0, 0.5)               Temperatura (degC), Punto: (0.5*BILLETTA_r, 0.5)  Temperatura (degC), Punto: (BILLETTA_r-10*FUNZ_depth_billetta, 0.5)Temperatura (degC), Punto: (BILLETTA_r-5*FUNZ_depth_billetta, 0.5)Temperatura (degC), Punto: (BILLETTA_r-2*FUNZ_depth_billetta, 0.5)Temperatura (degC), Punto: (BILLETTA_r-FUNZ_depth_billetta, 0.5)Temperatura (degC), Punto: (BILLETTA_r-0.01[mm], 0.5)
0                                                 20                                                20                                                20.00000000001529                                 20.00005987014896                                 20.087260647640278                                20.266263025350725                                20.4466892125879
5                                                 258.8103598148268                                 336.86544108320254                                502.7678298190824                                 573.9126531495306                                 613.388842279094                                  621.2973305594827                                 624.1772412960833
10                                                570.6786963259257                                 664.7951501908583                                 919.161909096773                                  1021.8450046158015                                1059.4835880589826                                1064.8160114727311                                1065.896756755093
15                                                751.5278219050239                                 889.245241475406                                  1075.3281436799257                                1098.8313393461872                                1103.66524343038                                  1103.615342105969                                 1102.7420546064473
20                                                966.1657645922497                                 1055.2201166837972                                1122.582644240922                                 1128.2613634386016                                1127.9321606463018                                1127.090834309743                                 1125.906250363205
25                                                1107.8677384117727                                1140.9155469417447                                1164.661297530673                                 1164.8766093603826                                1162.7353366520833                                1161.5593041290895                                1160.1920196076717
30                                                1177.633218621554                                 1196.0972025012438                                1208.2059514872676                                1206.4717882164778                                1203.521351772356                                 1202.1468173942867                                1200.6270002620658
35                                                1225.5829551481902                                1239.3782644420062                                1246.78428929756                                  1244.0639370185645                                1240.633901394253                                 1239.1229655887228                                1237.485213026358
40                                                1265.7569607528412                                1277.1024953019946                                1281.5749098686047                                1278.1352615681503                                1274.3209757679683                                1272.6925000412507                                1270.9480759735652
45                                                1299.802051683187                                 1309.6302135540777                                1312.0227037551658                                1308.008676280951                                 1303.8683176702439                                1302.135965102343                                 1300.2949553113958
50                                                1330.7006566411724                                1339.1354574517604                                1339.712422924798                                 1335.2001711571866                                1330.7696176311501                                1328.942855606008                                 1327.012935292882
55                                                1354.7476021462608                                1362.0590845352008                                1361.3962711412341                                1356.551626840011                                 1351.909004639132                                 1350.0084489456767                                1348.0063313150422
60                                                1373.7764538254178                                1380.1930112029058                                1378.6338315476596                                1373.551084284778                                 1368.7491433930886                                1366.790883985107                                 1364.73134459626
65                                                1386.820255923887                                 1392.6142917027196                                1390.5683318846613                                1385.3599402515001                                1380.4615952498693                                1378.464822516084                                 1376.3654840875383
67.01293458829981                                 1392.0715200052764                                1397.6149367325293                                1395.373005589147                                 1390.1140311762338                                1385.1768751411314                                1383.1645974462217                                1381.0492364449583
