% Model:              batchmodel_BILLETTA_r_0.0257427_COIL_kr_2.7711_COIL_kw_5.3284_FUNZ_freq_7167.5_FUNZ_I_eff_61.5962.mph
% Version:            COMSOL 5.6.0.280
% Date:               Jan 27 2022, 15:51
% Table:              Tabella delle sonde 1 - 
% Tempo (s)                                       Temperatura (degC), Punto: (0, 0.5)               Temperatura (degC), Punto: (0.5*BILLETTA_r, 0.5)  Temperatura (degC), Punto: (BILLETTA_r-10*FUNZ_depth_billetta, 0.5)Temperatura (degC), Punto: (BILLETTA_r-5*FUNZ_depth_billetta, 0.5)Temperatura (degC), Punto: (BILLETTA_r-2*FUNZ_depth_billetta, 0.5)Temperatura (degC), Punto: (BILLETTA_r-FUNZ_depth_billetta, 0.5)Temperatura (degC), Punto: (BILLETTA_r-0.01[mm], 0.5)
0                                                 19.999999999999943                                20                                                20.000000000036323                                20.000169010246452                                20.16863002012792                                 20.393561340297765                                20.618494661828493
5                                                 48.72807487294597                                 114.36500972226804                                401.24976120177257                                465.77918548019477                                502.7967642314718                                 510.66755622236326                                513.658217725985
10                                                173.54191303527494                                296.65974895978127                                741.6716781699939                                 856.9858400600571                                 915.1675999787827                                 925.5545678932712                                 928.853449310088
15                                                328.8299953979366                                 469.92917217046                                   985.2450714781422                                 1063.9157066740263                                1085.9081389462644                                1088.3643069437226                                1088.3571596422162
20                                                465.0652258111427                                 601.5804227167657                                 1050.3943391453295                                1088.628767993142                                 1098.021251466344                                 1098.667602989708                                 1098.0414325125457
25                                                572.506111191069                                  694.5765008699126                                 1080.428787045449                                 1103.3412511044653                                1108.20326725808                                  1108.1658579609207                                1107.2902679781678
30                                                654.2963386940922                                 766.4493020902017                                 1099.9803128095418                                1115.1074813591945                                1117.6421277392833                                1117.2453064226665                                1116.2308039745762
35                                                712.413536553677                                  833.0953760912033                                 1117.6604815564247                                1127.109634581555                                 1127.9102172647217                                1127.237903969536                                 1126.1104550117416
40                                                753.5450920897284                                 898.3911017343415                                 1132.192270517493                                 1138.4838058778168                                1138.2930337234047                                1137.4542184831644                                1136.2501493876443
45                                                801.3968050781558                                 956.1210373587779                                 1146.0143717794326                                1150.2767957199117                                1149.4275127402107                                1148.4702543923422                                1147.2039831107973
50                                                873.2873206461217                                 1007.3092500322151                                1160.4596469822618                                1163.1216383182286                                1161.733549165821                                 1160.6732669161397                                1159.347312525591
55                                                943.6359045102851                                 1052.8506577173011                                1176.9678629520176                                1178.4761220830878                                1176.6649351638835                                1175.5135237220793                                1174.12595756058
60                                                998.7671023092736                                 1090.6460828470817                                1196.0642280726033                                1196.7444986548066                                1194.5939114286184                                1193.3591124819345                                1191.9070805517285
65                                                1049.7138497026622                                1126.345300576636                                 1215.8597709123687                                1215.7987519826947                                1213.3310346622666                                1212.0148998379627                                1210.4976287389836
70                                                1096.1221124882718                                1160.0502573979643                                1235.9938120530405                                1235.2542111926973                                1232.487430046007                                 1231.092266837402                                 1229.510030651923
75                                                1135.7462547423174                                1190.774195764453                                 1256.6338399869996                                1255.3093924018808                                1252.2705528613828                                1250.7998105063075                                1249.153018932132
80                                                1171.9392944052242                                1219.6996737119312                                1277.0401934189817                                1275.1769553712743                                1271.8791402709467                                1270.3344871141458                                1268.6233649541127
85                                                1204.3626698833268                                1246.6492294451214                                1297.1898146846675                                1294.8383870052835                                1291.2959701183877                                1289.6792391273298                                1287.9040333665366
90                                                1234.260957025694                                 1272.1340794106136                                1316.8531384287012                                1314.0450944083805                                1310.267725777513                                 1308.5803895330755                                1306.7416379818933
95                                                1262.1111282978482                                1296.430896828666                                 1336.1220230326685                                1332.8829719766068                                1328.8784788152216                                1327.1217317375044                                1325.2198706174868
100                                               1284.2606188116229                                1315.487339913756                                 1350.6024685081288                                1347.0467932792853                                1342.8752896725919                                1341.0662768040388                                1339.1159242690733
105                                               1303.030466928662                                 1331.437032766532                                 1362.2440930464413                                1358.4396054009017                                1354.1367299190329                                1352.2856156794387                                1350.295438086182
110                                               1321.8003150457016                                1347.386725619308                                 1373.8857175847534                                1369.832417522518                                 1365.3981701654743                                1363.5049545548386                                1361.4749519032912
115                                               1340.5701631627408                                1363.336418472084                                 1385.5273421230659                                1381.2252296441343                                1376.6596104119153                                1374.7242934302385                                1372.6544657204
116.10439707023265                                1344.7160362165746                                1366.8593772836275                                1388.098737329638                                 1383.7416673098992                                1379.1470307348695                                1377.2024144270263                                1375.123790181648
