% Model:              batchmodel_BILLETTA_r_0.0335556_COIL_kr_1.4848_COIL_kw_5.8583_FUNZ_freq_7167.5_FUNZ_I_eff_85.0125.mph
% Version:            COMSOL 5.6.0.280
% Date:               Jan 27 2022, 17:02
% Table:              Tabella delle sonde 1 - 
% Tempo (s)                                       Temperatura (degC), Punto: (0, 0.5)               Temperatura (degC), Punto: (0.5*BILLETTA_r, 0.5)  Temperatura (degC), Punto: (BILLETTA_r-10*FUNZ_depth_billetta, 0.5)Temperatura (degC), Punto: (BILLETTA_r-5*FUNZ_depth_billetta, 0.5)Temperatura (degC), Punto: (BILLETTA_r-2*FUNZ_depth_billetta, 0.5)Temperatura (degC), Punto: (BILLETTA_r-FUNZ_depth_billetta, 0.5)Temperatura (degC), Punto: (BILLETTA_r-0.01[mm], 0.5)
0                                                 20                                                19.999999999999943                                20.00000000009635                                 20.00051175056791                                 20.151272405976613                                20.416957697773512                                20.62755830359208
5                                                 26.22536482759216                                 87.05974155420802                                 677.7456792370904                                 825.1776019032719                                 900.5327081607146                                 914.580354391789                                  919.242509834443
10                                                100.25161797633541                                256.41988061997176                                1046.8465173693753                                1121.5641425286321                                1139.5252680912818                                1141.218575075587                                 1140.8430707741136
15                                                224.57087692480894                                405.8581867999268                                 1112.4700968219977                                1147.309129765245                                 1154.7052058211689                                1154.902504496502                                 1154.0059210256454
20                                                343.32667658287824                                521.5328987897177                                 1140.173244221401                                 1161.336138904172                                 1165.0750391812066                                1164.7434590249532                                1163.6522838020842
25                                                443.44813867532855                                612.0519356354908                                 1162.0717621942554                                1176.2382481911118                                1178.0338601489784                                1177.4054363359642                                1176.1897075916759
30                                                526.4784584369726                                 683.9042646223629                                 1181.2788527715034                                1191.7487443995474                                1192.4914594028191                                1191.688275428257                                 1190.3844333395587
35                                                595.4474430413741                                 744.1448091881739                                 1201.0321762250533                                1209.332404236704                                 1209.4141709522596                                1208.4868266687395                                1207.1069034621669
40                                                651.764516809729                                  802.6005367984984                                 1222.7943861849158                                1229.7269166012356                                1229.3570894736413                                1228.332122945536                                 1226.8820381808519
45                                                697.0245369310784                                 865.8981500515605                                 1247.7705268863147                                1253.7859677872912                                1253.061317005429                                 1251.9440685342151                                1250.4167342189844
50                                                732.7360445270214                                 930.8383708651746                                 1276.8169939154545                                1282.1062450345435                                1281.042781813694                                 1279.8251411874303                                1278.2070940704925
55                                                770.1423481470005                                 994.3957822522017                                 1308.7484794342404                                1313.3858873985137                                1311.9738623084681                                1310.6463068081885                                1308.9261084622271
60                                                818.9795507624493                                 1053.750456113817                                 1342.6836131784257                                1346.6068229853026                                1344.8029070348634                                1343.3527375476474                                1341.519694138045
65                                                883.393499429652                                  1109.5725461827337                                1372.0087939533619                                1374.9268276361167                                1372.6908710235543                                1371.1228048625362                                1369.187665355883
69.31442630885061                                 951.6385172251561                                 1154.8888355890977                                1393.4979114737503                                1395.310059121471                                 1392.6688075844195                                1391.0030464907181                                1388.9887884600817
