% Model:              batchmodel_BILLETTA_r_0.0257427_COIL_kr_2.4069_COIL_kw_3.7744_FUNZ_freq_8940.8_FUNZ_I_eff_61.5962.mph
% Version:            COMSOL 5.6.0.280
% Date:               Jan 27 2022, 14:38
% Table:              Tabella delle sonde 1 - 
% Tempo (s)                                       Temperatura (degC), Punto: (0, 0.5)               Temperatura (degC), Punto: (0.5*BILLETTA_r, 0.5)  Temperatura (degC), Punto: (BILLETTA_r-10*FUNZ_depth_billetta, 0.5)Temperatura (degC), Punto: (BILLETTA_r-5*FUNZ_depth_billetta, 0.5)Temperatura (degC), Punto: (BILLETTA_r-2*FUNZ_depth_billetta, 0.5)Temperatura (degC), Punto: (BILLETTA_r-FUNZ_depth_billetta, 0.5)Temperatura (degC), Punto: (BILLETTA_r-0.01[mm], 0.5)
0                                                 20                                                19.999999999999943                                20.00000000008447                                 20.00032209185906                                 20.213103316217712                                20.49153729260138                                 20.757206660347833
5                                                 48.23931024580179                                 129.99441720769454                                468.3762321156843                                 525.662862283953                                  554.7525634661324                                 561.742739314695                                  564.5341222760975
10                                                188.5944425026999                                 314.0412816077869                                 804.3687572689395                                 916.0361080026815                                 968.0918577384085                                 977.0365200458369                                 979.7488221514878
15                                                340.5672728121767                                 480.0083924689742                                 1017.2416026106602                                1098.166287591272                                 1119.9797130345696                                1122.0499783202968                                1121.892957456325
20                                                469.14781035930446                                604.3155044116238                                 1068.3905500517644                                1099.6130750328844                                1107.0711128697726                                1107.4855737037365                                1106.8580716377874
25                                                568.3323708617946                                 690.7772533939002                                 1091.0889240877327                                1110.3069104700762                                1114.274744156643                                 1114.1770485966854                                1113.3672851539623
30                                                644.3677528205621                                 757.1714672400507                                 1110.1088062021636                                1122.7876572743671                                1124.7793885037972                                1124.3717867582213                                1123.4394507772954
35                                                699.9342594075927                                 821.9381424468842                                 1126.323640787807                                 1134.8840781386675                                1135.6079722807226                                1134.9946275685002                                1133.9740498003075
40                                                737.785136620156                                  886.3330385604128                                 1141.4568807971932                                1147.3276877279354                                1147.201600774892                                 1146.4430170921623                                1145.3529636145927
45                                                792.7431518228042                                 945.3359164771153                                 1157.2223124503594                                1161.3593914685575                                1160.6560334091282                                1159.7892230694697                                1158.638379913431
50                                                859.3702695701                                    1000.9669056797801                                1174.2617408856668                                1177.013802056807                                 1175.8278166792807                                1174.863712507678                                 1173.6522625136035
55                                                933.8141743978671                                 1051.7212695901694                                1193.8204698906316                                1195.5413134877726                                1193.9639602235443                                1192.9110826002998                                1191.6361675923076
60                                                1001.4847443065665                                1097.3016800763994                                1216.368429139452                                 1217.2901484889476                                1215.3795175771334                                1214.2425366758443                                1212.9010904256452
65                                                1058.4723870113776                                1138.2725831050775                                1240.7782494776143                                1241.0133022689438                                1238.7954408314072                                1237.575962007958                                 1236.1661423894575
70                                                1110.6599689914801                                1177.1048135254646                                1265.413407053648                                 1265.0042377034379                                1262.488986815215                                 1261.187405968229                                 1259.7081293176411
75                                                1156.4477760251534                                1213.0712173300667                                1290.218656546966                                 1289.2201307799805                                1286.420214090339                                 1285.0369896647576                                1283.4867565841014
80                                                1197.0882204256523                                1246.5791126526738                                1314.8243568680487                                1313.2814008408345                                1310.2086123640906                                1308.744749590845                                 1307.1230078802505
85                                                1233.8416787007395                                1277.8524086992616                                1338.45098439208                                  1336.3994876893912                                1333.066576417808                                 1331.5244019853058                                1329.8323447847056
90                                                1266.0488010827798                                1306.7739702471222                                1361.5063368824453                                1358.9869164554025                                1355.4061317968062                                1353.787281089964                                 1352.02518848721
90.18894882401413                                 1267.176751945924                                 1307.8207942925337                                1362.3663911466037                                1359.830084446437                                 1356.2401729084486                                1354.6184566913576                                1352.8537229594472
