% Model:              batchmodel_BILLETTA_r_0.0445341_COIL_kr_2.4069_COIL_kw_3.2356_FUNZ_freq_2540.9_FUNZ_I_eff_61.5962.mph
% Version:            COMSOL 5.6.0.401
% Date:               Jan 27 2022, 17:15
% Table:              Tabella delle sonde 1 - 
% Tempo (s)                                       Temperatura (degC), Punto: (0, 0.5)               Temperatura (degC), Punto: (0.5*BILLETTA_r, 0.5)  Temperatura (degC), Punto: (BILLETTA_r-10*FUNZ_depth_billetta, 0.5)Temperatura (degC), Punto: (BILLETTA_r-5*FUNZ_depth_billetta, 0.5)Temperatura (degC), Punto: (BILLETTA_r-2*FUNZ_depth_billetta, 0.5)Temperatura (degC), Punto: (BILLETTA_r-FUNZ_depth_billetta, 0.5)Temperatura (degC), Punto: (BILLETTA_r-0.01[mm], 0.5)
0                                                 20                                                20                                                20.00000000000483                                 20.00001579875851                                 20.05734595481681                                 20.138010124492894                                20.234385594956393
5                                                 20.406275752804504                                28.32895563188191                                 163.69366728475586                                203.91224312166474                                229.9163592406789                                 236.17177300392422                                238.72100232401885
10                                                27.720566352689445                                64.24302268365761                                 297.6920901579666                                 351.08130026588765                                384.7219690270781                                 392.66683655096995                                395.7838292904297
15                                                49.54394047222945                                 117.52061934833944                                424.0089283552886                                 491.5199791566914                                 531.0425312281624                                 539.2696920484757                                 542.3056386460164
20                                                83.82980129542216                                 177.43945344899873                                546.0294984496129                                 625.0149358843478                                 669.2402114776063                                 678.1603366920465                                 681.2769450789004
25                                                128.03277783035617                                240.45528933407252                                657.932995305298                                  752.1384854961792                                 803.790839305448                                  813.4670047333085                                 816.5114294477877
30                                                178.27887530286057                                303.458444617688                                  761.6992802859764                                 876.849885139385                                  933.1478424301966                                 942.8095223655199                                 945.4217344495474
35                                                230.9604478609309                                 364.66813639904126                                867.2739576474977                                 987.5517047800255                                 1036.2350945725925                                1043.5527933942858                                1044.9237059062598
40                                                283.55668789226104                                422.6288541600652                                 946.6663497450687                                 1043.4713843488148                                1074.3770380690603                                1077.9435971670791                                1077.7876348711397
45                                                334.5763731771722                                 476.0394669806727                                 991.012321597257                                  1062.6879862931282                                1081.9487041658394                                1083.6188546906624                                1082.78241656014
50                                                383.18532626898036                                524.3625199679735                                 1017.1543011366267                                1071.763105101778                                 1085.3620981187487                                1086.2142757996626                                1085.0959375289226
55                                                428.42358497585826                                567.4122217101353                                 1035.7333642182948                                1079.2173944968163                                1089.2293069008588                                1089.5117321005218                                1088.186836726109
60                                                470.1624683506898                                 605.7460047014578                                 1050.2908899196873                                1085.2165388647154                                1092.569273600834                                 1092.4434116371112                                1090.9695681381882
65                                                508.54004682362313                                639.6335721550618                                 1061.2755661893689                                1090.010993610258                                 1095.52969011894                                  1095.1315331723686                                1093.5564955206219
70                                                543.9759487889168                                 669.9930553355604                                 1070.5362515452357                                1094.4166681503038                                1098.4619894947832                                1097.8362538323513                                1096.1743661353876
75                                                576.3556221631393                                 696.8055160300399                                 1077.8089856165311                                1098.154097759097                                 1101.131620654423                                 1100.3388165261877                                1098.611298397882
80                                                605.745438109829                                  720.5716734026867                                 1083.7555863152852                                1101.265282981523                                 1103.3814862786471                                1102.4536895034494                                1100.673031850577
85                                                632.3942556223783                                 743.1129484767192                                 1089.143596441214                                 1104.2508213923006                                1105.632117498008                                 1104.5879045217866                                1102.760450545898
90                                                656.4972890486885                                 765.862662337985                                  1094.7136817728933                                1107.475658833161                                 1108.131768918668                                 1106.97159816552                                  1105.0967194751684
95                                                677.9501230177801                                 788.0541666610881                                 1100.0696783353205                                1110.7445947163324                                1110.747655235251                                 1109.4816760151757                                1107.5624731531698
100                                               696.7527575296529                                 809.6874614460286                                 1105.2115861284979                                1114.057629041814                                 1113.4797764477576                                1112.118138070754                                 1110.1577115799032
105                                               713.7736219068818                                 831.2681587554888                                 1109.8698282836122                                1117.1273211905345                                1116.0463288699689                                1114.6012938867843                                1112.6041928858012
110                                               728.6221804829335                                 852.568883098137                                  1114.1656344498779                                1120.0829342019142                                1118.5740405931274                                1117.0569212228443                                1115.0270434008535
115                                               741.23323071684                                   873.5516726152779                                 1118.1192447278727                                1122.9460494047426                                1121.0840697194744                                1119.506019516948                                 1117.4471538025477
120                                               752.7121684091068                                 894.0370794238246                                 1121.8140740309946                                1125.748287147031                                 1123.5924659904827                                1121.9622952986228                                1119.8773893650273
125                                               767.6481901224132                                 913.2801019525142                                 1125.5964303818273                                1128.6209234769976                                1126.1658620262247                                1124.4826530342693                                1122.3711619719338
130                                               783.0001119382797                                 931.7744403004427                                 1129.2368212374527                                1131.4769639499136                                1128.7601015022015                                1127.029383084358                                 1124.8930764600036
135                                               798.7679338567067                                 949.5200944676097                                 1132.735246597871                                 1134.316408565779                                 1131.375184418413                                 1129.6024854488896                                1127.4431328292367
140                                               818.7485469594911                                 965.6963026931907                                 1136.2125705277158                                1137.2407689738466                                1134.1057286553087                                1132.2952592991692                                1130.1138438342145
145                                               842.4291854326217                                 980.912403717594                                  1139.769912998735                                 1140.2573080480765                                1136.9310265573345                                1135.0828820959077                                1132.879088935098
150                                               866.1098239057525                                 996.1285047419973                                 1143.3272554697546                                1143.273847122307                                 1139.7563244593598                                1137.8705048926472                                1135.644334035981
155                                               889.790462378883                                  1011.3446057664004                                1146.8845979407743                                1146.2903861965374                                1142.5816223613847                                1140.6581276893862                                1138.4095791368645
160                                               911.3604212443366                                 1024.896519145363                                 1150.72092317153                                  1149.6876079299968                                1145.8144513495577                                1143.8560511779742                                1141.58455609798
165                                               932.4475301348936                                 1038.06772435815                                  1154.6210699401672                                1153.1719165959234                                1149.1405092550895                                1147.1478371732346                                1144.8532654369083
170                                               953.5346390254502                                 1051.2389295709363                                1158.5212167088039                                1156.6562252618496                                1152.4665671606213                                1150.4396231684955                                1148.121974775836
175                                               974.1501390917625                                 1064.1789851048688                                1162.4709771253306                                1160.2000154327902                                1155.8545924998098                                1153.7935554874307                                1151.452652571637
180                                               991.1097561054142                                 1075.3271823229552                                1166.8053395365105                                1164.2049026293794                                1159.722985632974                                 1157.6292423449318                                1155.2637060933257
185                                               1008.069373119066                                 1086.4753795410415                                1171.1397019476904                                1168.209789825969                                 1163.591378766138                                 1161.4649292024324                                1159.0747596150145
190                                               1025.0289901327178                                1097.623576759128                                 1175.4740643588702                                1172.2146770225581                                1167.4597718993027                                1165.3006160599334                                1162.8858131367033
195                                               1041.3675447019514                                1108.4657904890128                                1179.8861682078136                                1176.3087109879098                                1171.4201775802808                                1169.2284453090197                                1166.7886630666103
200                                               1056.3145630703757                                1118.6224256518653                                1184.4724574803363                                1180.6024848619177                                1175.5867441591886                                1173.3627263805802                                1170.8971896177432
205                                               1070.5335602207824                                1128.4203811460702                                1189.1498767458556                                1185.0007582749977                                1179.8611695979162                                1177.6050185173012                                1175.1133216657486
210                                               1084.0245361531702                                1137.8596569716274                                1193.918426004373                                 1189.5035312271502                                1184.2434538964649                                1181.9553217191833                                1179.4370592106252
215                                               1096.7874908675408                                1146.940253128536                                 1198.7781052558876                                1194.1108037183749                                1188.7335970548343                                1186.4136359862264                                1183.8684022523744
220                                               1108.913405495423                                 1155.719258034957                                 1203.6537996007437                                1198.7458937832562                                1193.2555830250062                                1190.9044257358628                                1188.3324127955007
225                                               1120.4970309415517                                1164.2561255488458                                1208.4672817781707                                1203.3289421644095                                1197.7302460590627                                1195.3490255935503                                1192.75104781336
230                                               1131.4336711383858                                1172.4851614676454                                1213.304989871268                                 1207.9481902377715                                1202.2450612319303                                1199.8343577410806                                1197.210541817502
235                                               1141.7233260859257                                1180.4063657913562                                1218.166923880036                                 1212.6036380033406                                1206.8000285436083                                1204.3604221784522                                1201.7108948079258
240                                               1151.3659957841714                                1188.019738519978                                 1223.0530838044742                                1217.2952854611167                                1211.3951479940965                                1208.9272189056665                                1206.2521067846328
245                                               1160.5763311522755                                1195.3948229589373                                1227.8998698975065                                1221.9558115749473                                1215.962222074536                                 1213.466670560752                                 1210.7664979263286
250                                               1169.5778770994925                                1202.6040439176027                                1232.6410471774948                                1226.5151058837282                                1220.43022753476                                  1217.9078790186813                                1215.183584120629
