% Model:              batchmodel_BILLETTA_r_0.0335556_COIL_kr_2.7711_COIL_kw_3.7744_FUNZ_freq_7167.5_FUNZ_I_eff_85.0125.mph
% Version:            COMSOL 5.6.0.280
% Date:               Jan 27 2022, 20:29
% Table:              Tabella delle sonde 1 - 
% Tempo (s)                                       Temperatura (degC), Punto: (0, 0.5)               Temperatura (degC), Punto: (0.5*BILLETTA_r, 0.5)  Temperatura (degC), Punto: (BILLETTA_r-10*FUNZ_depth_billetta, 0.5)Temperatura (degC), Punto: (BILLETTA_r-5*FUNZ_depth_billetta, 0.5)Temperatura (degC), Punto: (BILLETTA_r-2*FUNZ_depth_billetta, 0.5)Temperatura (degC), Punto: (BILLETTA_r-FUNZ_depth_billetta, 0.5)Temperatura (degC), Punto: (BILLETTA_r-0.01[mm], 0.5)
0                                                 20                                                19.999999999999943                                20.000000000271086                                20.001449046340326                                20.309492294578774                                20.614031694192306                                20.897643196284605
5                                                 28.61861486179754                                 92.12681502202253                                 696.1920101769925                                 856.0460596044535                                 938.0057539926603                                 952.3012503336469                                 956.9175851176398
10                                                110.14474558760952                                259.9125646976921                                 1042.0879977541217                                1123.2155163675511                                1143.5356858981668                                1145.6032718867978                                1145.3494182248814
15                                                229.24804555148836                                401.9938996372425                                 1122.7163860919263                                1162.1975353771718                                1170.551867779198                                 1170.8252862262016                                1169.916168397233
20                                                340.3594358307895                                 512.5745099173462                                 1137.7188262887166                                1160.4438685271966                                1164.6021901764698                                1164.3297079656527                                1163.2587987226184
25                                                432.41410835922386                                597.3109712589235                                 1156.7414071559306                                1172.4548595585734                                1174.6930885369434                                1174.1335375211952                                1172.947490953136
30                                                509.1569165971217                                 665.8088876535278                                 1175.0220226026995                                1186.6775956874176                                1187.7656760826485                                1187.0200619731859                                1185.7452211615814
35                                                576.8045711802598                                 727.0797032388282                                 1194.1670903313939                                1203.0799933423104                                1203.3590545698712                                1202.4707606467582                                1201.116458634223
40                                                635.1754129077063                                 785.4971428591797                                 1215.9294135277642                                1223.2077631643524                                1222.96025922422                                  1221.963722935764                                 1220.5354358263826
45                                                683.1016980108349                                 847.8682945554723                                 1240.495560698112                                 1246.6937122070353                                1246.04886909805                                  1244.9551543315101                                1243.4491103002874
50                                                721.5108344268589                                 912.8573383068396                                 1267.9479807337284                                1273.5025790588888                                1272.5552898373958                                1271.3702420617083                                1269.7806021599945
55                                                754.0876227966982                                 974.8846413751197                                 1298.579323690025                                 1303.5068481666503                                1302.2290797328387                                1300.9399039719442                                1299.253481206642
60                                                796.041464911678                                  1034.1242131115723                                1331.027125766259                                 1335.2587425585152                                1333.610056416339                                 1332.205385120074                                 1330.4125075662187
64.4917051313928                                  848.913975189283                                  1084.3701755245297                                1361.1661697605764                                1364.6153026226825                                1362.5756780891306                                1361.0554882546003                                1359.1592122823877
