% Model:              batchmodel_BILLETTA_r_0.0445341_COIL_kr_1.6756_COIL_kw_3.7744_FUNZ_freq_2540.9_FUNZ_I_eff_127.5152.mph
% Version:            COMSOL 5.6.0.401
% Date:               Jan 27 2022, 14:16
% Table:              Tabella delle sonde 1 - 
% Tempo (s)                                       Temperatura (degC), Punto: (0, 0.5)               Temperatura (degC), Punto: (0.5*BILLETTA_r, 0.5)  Temperatura (degC), Punto: (BILLETTA_r-10*FUNZ_depth_billetta, 0.5)Temperatura (degC), Punto: (BILLETTA_r-5*FUNZ_depth_billetta, 0.5)Temperatura (degC), Punto: (BILLETTA_r-2*FUNZ_depth_billetta, 0.5)Temperatura (degC), Punto: (BILLETTA_r-FUNZ_depth_billetta, 0.5)Temperatura (degC), Punto: (BILLETTA_r-0.01[mm], 0.5)
0                                                 20                                                20                                                20.000000000578382                                20.006615972641896                                20.214650334572696                                20.36780900049854                                 20.52501581621283
5                                                 20.829679166822245                                44.94086901642663                                 548.2555657573189                                 723.9781284399248                                 814.9230454909874                                 831.9605208823044                                 837.7007133446594
10                                                40.33513672065567                                 144.31121793273786                                974.7811581329951                                 1152.7870498048992                                1196.7553793776942                                1201.2566186101267                                1200.908731097833
15                                                94.95888623679883                                 256.53352929272285                                1146.6830022839004                                1229.1551446884291                                1246.4020109934527                                1247.0720503089492                                1245.3060315657767
20                                                168.92621161625402                                357.0666969123822                                 1202.9815408789154                                1252.1861499363213                                1260.7417432185885                                1260.1703121509968                                1257.9506283135129
25                                                245.23908928958656                                446.1490621483099                                 1232.2834264382786                                1264.1636086798135                                1268.207104947327                                 1266.9936789504932                                1264.5396000265778
30                                                318.2029846865141                                 524.4174646652815                                 1252.8274622196518                                1275.068193193491                                 1276.5928483929306                                1275.0110547222253                                1272.40827178565
35                                                386.74785880748914                                594.8774596055762                                 1271.1832538170988                                1287.4868490197455                                1287.437034423921                                 1285.609537081044                                 1282.8887999877124
40                                                449.43834873813046                                657.390725793734                                  1288.7226608856818                                1301.734839574538                                 1300.7900951915549                                1298.802315277142                                 1295.981652070392
45                                                506.4902212016541                                 714.6154383041095                                 1307.6453779577346                                1318.6761640885056                                1317.1413517206288                                1315.023672252274                                 1312.100784996083
50                                                558.5942119962293                                 772.2508915545872                                 1328.8547839050398                                1338.6174486172454                                1336.6318859279259                                1334.390724593256                                 1331.3543290904013
55                                                605.6812950732408                                 835.8296590774602                                 1352.0684808775677                                1360.8318286746853                                1358.4351481030471                                1356.06796221559                                  1352.9068165272315
60                                                647.6567252501796                                 903.8686719050635                                 1374.9566462236612                                1382.506404644902                                 1379.6638659047844                                1377.1708740704717                                1373.8862815948214
62.6384588408067                                  667.7250185919853                                 939.7502130633001                                 1385.961970074075                                 1392.6677903603636                                1389.5641675464212                                1387.0078374937116                                1383.6639875958203
