% Model:              batchmodel_BILLETTA_r_0.0445341_COIL_kr_1.4848_COIL_kw_3.7744_FUNZ_freq_2540.9_FUNZ_I_eff_85.0125.mph
% Version:            COMSOL 5.6.0.401
% Date:               Jan 27 2022, 12:32
% Table:              Tabella delle sonde 1 - 
% Tempo (s)                                       Temperatura (degC), Punto: (0, 0.5)               Temperatura (degC), Punto: (0.5*BILLETTA_r, 0.5)  Temperatura (degC), Punto: (BILLETTA_r-10*FUNZ_depth_billetta, 0.5)Temperatura (degC), Punto: (BILLETTA_r-5*FUNZ_depth_billetta, 0.5)Temperatura (degC), Punto: (BILLETTA_r-2*FUNZ_depth_billetta, 0.5)Temperatura (degC), Punto: (BILLETTA_r-FUNZ_depth_billetta, 0.5)Temperatura (degC), Punto: (BILLETTA_r-0.01[mm], 0.5)
0                                                 20                                                20                                                20.00000000001836                                 20.00007634524519                                 20.048882289365167                                20.148745191908517                                20.22271614755516
5                                                 20.322662778666086                                32.35557239636523                                 289.05601516729894                                371.1582886777054                                 419.46317995457014                                429.3524698946827                                 433.09267470659177
10                                                28.900658940791857                                90.94647705349308                                 538.2324606601658                                 657.3949696491628                                 718.817301190425                                  730.540098407051                                  734.5708934666574
15                                                60.0668559424941                                  173.59043709837                                   748.3859727457334                                 916.1945923493378                                 995.7404971494294                                 1008.6097627168316                                1012.0768066711154
20                                                113.57557405356692                                261.13079825433135                                933.4320430793806                                 1073.4510245670795                                1112.2784394540436                                1116.4183609969791                                1116.2540816016653
25                                                179.04260761292602                                344.129658835093                                  1024.2319161631467                                1108.585771168423                                 1127.9448244516075                                1129.3017982221445                                1128.177126109806
30                                                247.33538077245066                                419.0733132322896                                 1062.8700122949194                                1119.3596909361186                                1131.857746641354                                 1132.2828558502993                                1130.8436379076957
35                                                311.5310461855224                                 484.344819300846                                  1090.8136044946004                                1130.972914683416                                 1138.2177054205981                                1137.8440300349025                                1136.1180546541577
40                                                371.370272558499                                  541.0521371877605                                 1107.7657705785377                                1137.969938118355                                 1142.5561711023124                                1141.7994453264664                                1139.9335428204772
45                                                425.70496254420425                                590.3209145571794                                 1120.2780370827809                                1143.4931224838188                                1146.2167848688755                                1145.1907535646715                                1143.224412394005
50                                                475.1590059786148                                 634.1223310064789                                 1130.58858069478                                  1148.5827432803317                                1149.9035198755832                                1148.6715966333945                                1146.625298259848
55                                                519.9355547828612                                 673.1534891626084                                 1139.5444977820434                                1153.6263886000634                                1153.8691067244595                                1152.4743442699873                                1150.360970362874
60                                                560.3599088420287                                 708.2419523582075                                 1147.4064939922087                                1158.616598898555                                 1158.0510939080673                                1156.5299724644046                                1154.3605440349138
65                                                596.9038697093562                                 740.6711251688272                                 1154.843155441768                                 1163.7038515557565                                1162.4753437243048                                1160.8475914284777                                1158.6276163301882
70                                                629.3629510302125                                 770.2862898378229                                 1161.573257512749                                 1168.8405929377595                                1167.1481817357603                                1165.4405969484947                                1163.1778341950558
75                                                658.4019255446589                                 802.5248490445784                                 1168.6161319456828                                1174.3985112918754                                1172.264528603615                                 1170.478584996632                                 1168.1717752634117
80                                                683.7327705406892                                 835.0309669197685                                 1175.5301380494748                                1180.2165671371513                                1177.7399320420336                                1175.8880755865603                                1173.5398668785947
85                                                705.3250836772552                                 866.9983116868169                                 1182.7689240643845                                1186.5135241283906                                1183.730483425607                                 1181.8159767677062                                1179.425378862391
90                                                723.1792067642065                                 898.4359488365457                                 1190.327389678012                                 1193.2869227322335                                1190.2344278378555                                1188.2606368706056                                1185.8267004494896
95                                                739.0306856903981                                 928.8997455039408                                 1198.2644586085744                                1200.5840703025724                                1197.2968265930017                                1195.2670631603992                                1192.7890312808422
100                                               755.280303935555                                  957.5711940642137                                 1206.7756508912707                                1208.5254697900673                                1205.0193508009665                                1202.9345490318974                                1200.411019427339
105                                               771.2419385504273                                 984.9302187482193                                 1215.7673584585978                                1217.0526618639306                                1213.3519875673728                                1211.214098652506                                 1208.6439534641745
110                                               794.8090438678331                                 1011.1443644099785                                1225.4439782352752                                1226.2827099695987                                1222.3854946242582                                1220.1925744630207                                1217.5737359188188
115                                               822.6139277167564                                 1036.1421491013612                                1235.7183055712044                                1236.1656697313797                                1232.0811507615222                                1229.8329171546156                                1227.1637170233712
120                                               855.255024096184                                  1060.2888974033144                                1246.5794214986431                                1246.636929983314                                 1242.3577582983698                                1240.050817115935                                 1237.327573226234
125                                               892.762465136156                                  1083.6030040056426                                1258.0267762297162                                1257.6932374475841                                1253.2112287988484                                1250.8420292202345                                1248.060957995482
130                                               930.6164179902713                                 1105.2739248150451                                1270.1533230405844                                1269.4147614906128                                1264.715766916081                                 1262.2793250058544                                1259.4355823912642
135                                               963.842457951704                                  1125.6807890643072                                1282.5733716086634                                1281.399957018964                                 1276.4697566187647                                1273.9623946047386                                1271.0529903818401
140                                               997.0684979131369                                 1146.0876533135693                                1294.993420176742                                 1293.3851525473156                                1288.2237463214483                                1285.6454642036229                                1282.670398372416
145                                               1030.2945378745694                                1166.4945175628313                                1307.4134687448213                                1305.3703480756672                                1299.977736024132                                 1297.328533802507                                 1294.287806362992
150                                               1061.9360723335058                                1186.4458485147488                                1319.6118367928848                                1317.132372499177                                 1311.509853695653                                 1308.7903047497675                                1305.6844759346345
155                                               1087.5331422725685                                1204.6594418260675                                1330.9645529729892                                1328.0430588724562                                1322.1955889354313                                1319.4078805548043                                1316.2390875018618
160                                               1113.1302122116308                                1222.873035137386                                 1342.317269153093                                 1338.9537452457353                                1332.8813241752096                                1330.025456359841                                 1326.7936990690896
165                                               1138.727282150693                                 1241.0866284487051                                1353.669985333197                                 1349.8644316190139                                1343.5670594149879                                1340.6430321648777                                1337.3483106363174
170                                               1164.3243520897554                                1259.3002217600238                                1365.022701513301                                 1360.775117992293                                 1354.2527946547666                                1351.2606079699144                                1347.9029222035451
175                                               1184.3428452166727                                1274.0018198327566                                1372.415007798024                                 1367.8594345154047                                1361.1961469688135                                1358.1606945442823                                1354.76150688902
180                                               1204.3187587663328                                1288.6766119157855                                1379.7770854805808                                1374.9145455231792                                1368.11093481413                                  1365.0324066559106                                1361.5918809273253
185                                               1224.2946723159926                                1303.3514039988145                                1387.1391631631373                                1381.9696565309532                                1375.0257226594467                                1371.9041187675384                                1368.4222549656301
190                                               1244.2705858656527                                1318.0261960818439                                1394.5012408456942                                1389.0247675387277                                1381.9405105047636                                1378.7758308791663                                1375.252629003936
191.11422809440717                                1248.722130683349                                 1321.2964092055427                                1396.1418476031167                                1390.5969681175325                                1383.4814406815867                                1380.3071618174572                                1376.7747479336936
