% Model:              batchmodel_BILLETTA_r_0.0131664_COIL_kr_2.4069_COIL_kw_5.8583_FUNZ_freq_2540.9_FUNZ_I_eff_85.0125.mph
% Version:            COMSOL 5.6.0.401
% Date:               Jan 27 2022, 13:28
% Table:              Tabella delle sonde 1 - 
% Tempo (s)                                       Temperatura (degC), Punto: (0, 0.5)               Temperatura (degC), Punto: (0.5*BILLETTA_r, 0.5)  Temperatura (degC), Punto: (BILLETTA_r-10*FUNZ_depth_billetta, 0.5)Temperatura (degC), Punto: (BILLETTA_r-5*FUNZ_depth_billetta, 0.5)Temperatura (degC), Punto: (BILLETTA_r-2*FUNZ_depth_billetta, 0.5)Temperatura (degC), Punto: (BILLETTA_r-FUNZ_depth_billetta, 0.5)Temperatura (degC), Punto: (BILLETTA_r-0.01[mm], 0.5)
0                                                 20                                                20                                                20.000000000026944                                20.00010358182692                                 20.049606314641665                                20.14668733100484                                 20.211734280270548
5                                                 243.55462992325192                                314.6416677506221                                 394.0663750528423                                 474.6039328610242                                 519.3826912974274                                 528.458579783039                                  531.7887414189063
10                                                538.885791966381                                  628.6011876201928                                 740.3981765563643                                 866.4535779793147                                 929.7206951128481                                 940.3360312165818                                 943.2255578372675
15                                                736.4576419945308                                 890.5850117920871                                 1035.7035520658874                                1100.3789386954977                                1113.7676771698284                                1114.2324026844963                                1112.8489935173138
20                                                1016.8455547943723                                1092.6224931888455                                1123.201907711743                                 1132.0956197815503                                1131.1119045489054                                1129.6099883228603                                1127.539449040797
25                                                1137.6662424389801                                1154.5359951560768                                1161.6074350414892                                1161.2342029907686                                1157.5371542029852                                1155.572165209141                                 1153.2580990238157
30                                                1176.5573317331728                                1182.0941605859625                                1182.8975772409913                                1179.4345114872567                                1174.6510446217826                                1172.4711310136763                                1170.0245502545836
35                                                1196.5000339650683                                1199.5525713276493                                1198.4805865677217                                1193.8681313406987                                1188.5914477420006                                1186.2925674043045                                1183.7556483789058
40                                                1209.4606881897575                                1211.701810602438                                 1210.0066749059001                                1204.942010355086                                 1199.4219029125384                                1197.0510704658127                                1194.450033461911
45                                                1219.664521930526                                 1221.3460714121838                                1219.2058146147856                                1213.8135857431575                                1208.1138632694738                                1205.6886660262376                                1203.03826117768
50                                                1227.9961382716215                                1229.3032268445172                                1226.849916045419                                 1221.2187725272806                                1215.3837825359233                                1212.9168522783211                                1210.2281247103174
55                                                1236.124664715539                                 1237.0702335148999                                1234.3140156860827                                1228.451372825693                                 1222.48504274268                                  1219.9775196693859                                1217.2514675898974
60                                                1242.7529686222615                                1243.4326136525851                                1240.4484443495135                                1234.4090789069282                                1228.340420579264                                 1225.8007273236663                                1223.0447244824536
65                                                1249.3812725289836                                1249.7949937902713                                1246.5828730129447                                1240.3667849881635                                1234.195798415848                                 1231.623934977947                                 1228.8379813750098
70                                                1254.3794193360773                                1254.6030482244114                                1251.2266615336093                                1244.881736552837                                 1238.6347632255906                                1236.0386116202712                                1233.229773235386
75                                                1259.018865298534                                 1259.069087804382                                 1255.5424486129523                                1249.0792234609976                                1242.7620595776134                                1240.1433541686356                                1237.3131858046577
80                                                1263.65831126099                                  1263.5351273843526                                1259.8582356922952                                1253.276710369159                                 1246.8893559296353                                1244.248096717                                    1241.3965983739295
85                                                1268.2977572234468                                1268.0011669643227                                1264.1740227716377                                1257.47419727732                                  1251.0166522816576                                1248.3528392653643                                1245.4800109432013
90                                                1272.586546940253                                 1272.1319041570896                                1268.167494231183                                 1261.3591583795737                                1254.836874366475                                 1252.1521619675536                                1249.2595048618232
95                                                1275.6354972872364                                1275.077089671805                                 1271.0213322180862                                1264.1391005264977                                1257.571352875747                                 1254.8715907442515                                1251.964412735072
100                                               1278.6844476342199                                1278.02227518652                                  1273.8751702049894                                1266.9190426734212                                1260.3058313850183                                1257.5910195209503                                1254.669320608321
105                                               1281.7333979812033                                1280.9674607012348                                1276.7290081918932                                1269.6989848203448                                1263.0403098942907                                1260.3104482976482                                1257.3742284815698
110                                               1284.7823483281873                                1283.9126462159502                                1279.582846178796                                 1272.4789269672688                                1265.774788403562                                 1263.0298770743466                                1260.0791363548187
115                                               1287.130050284131                                 1286.1830868894303                                1281.784715754331                                 1274.624660894236                                 1267.8855413388974                                1265.1289427557263                                1262.1668604402303
120                                               1289.0503119421642                                1288.0422422899078                                1283.5891832458897                                1276.3838183185844                                1269.616107383904                                 1266.8498711184825                                1263.8783851282387
125                                               1290.9705736001974                                1289.9013976903852                                1285.3936507374483                                1278.1429757429328                                1271.34667342891                                  1268.5707994812392                                1265.5899098162472
130                                               1292.8908352582303                                1291.7605530908622                                1287.198118229007                                 1279.9021331672816                                1273.077239473916                                 1270.2917278439963                                1267.3014345042557
135                                               1294.8110969162635                                1293.6197084913397                                1289.0025857205655                                1281.66129059163                                  1274.8078055189226                                1272.0126562067526                                1269.0129591922641
140                                               1296.270161349194                                 1295.0325409369475                                1290.3739350765095                                1282.998151620487                                 1276.1228508739941                                1273.3203406374278                                1270.313459094732
145                                               1297.4481067352758                                1296.1733208270957                                1291.4812807680123                                1284.077605289268                                 1277.1846189456337                                1274.3761355640477                                1271.3634221560105
150                                               1298.6260521213571                                1297.3141007172444                                1292.5886264595151                                1285.1570589580492                                1278.2463870172733                                1275.4319304906671                                1272.413385217289
155                                               1299.803997507439                                 1298.454880607393                                 1293.695972151018                                 1286.23651262683                                  1279.3081550889128                                1276.4877254172866                                1273.4633482785675
160                                               1300.9819428935202                                1299.5956604975413                                1294.8033178425208                                1287.3159662956118                                1280.3699231605528                                1277.543520343906                                 1274.513311339846
165                                               1301.8703264328547                                1300.4555513568785                                1295.6376090359386                                1288.1289984170544                                1281.1695510581635                                1278.338641030793                                 1275.3040441200314
170                                               1302.582209885174                                 1301.1442285741678                                1296.3054620635094                                1288.7796354342531                                1281.8093935280813                                1278.9748698384078                                1275.9367651742805
175                                               1303.294093337494                                 1301.832905791457                                 1296.9733150910802                                1289.4302724514519                                1282.449235997999                                 1279.6110986460221                                1276.56948622853
180                                               1304.0059767898133                                1302.5215830087468                                1297.6411681186514                                1290.0809094686506                                1283.0890784679164                                1280.2473274536364                                1277.202207282779
185                                               1304.7178602421332                                1303.210260226036                                 1298.3090211462227                                1290.7315464858493                                1283.7289209378341                                1280.8835562612517                                1277.8349283370276
190                                               1305.2518165754282                                1303.7265390221737                                1298.8094786005508                                1291.2189891232033                                1284.2082506577922                                1281.3601810491305                                1278.3089339646626
195                                               1305.6773188691354                                1304.1377337518988                                1299.207901434037                                 1291.6069579432478                                1284.5897411262977                                1281.7395204947316                                1278.6861958847871
200                                               1306.1028211628432                                1304.5489284816226                                1299.6063242675232                                1291.9949267632933                                1284.9712315948036                                1282.1188599403326                                1279.0634578049112
205                                               1306.5283234565509                                1304.9601232113473                                1300.0047471010093                                1292.3828955833383                                1285.3527220633096                                1282.4981993859346                                1279.4407197250353
210                                               1306.9538257502586                                1305.371317941072                                 1300.4031699344955                                1292.7708644033833                                1285.7342125318155                                1282.8775388315357                                1279.8179816451593
215                                               1307.2715941192314                                1305.6783751054172                                1300.700681988349                                 1293.060572171118                                 1286.0190885219595                                1283.1608109336871                                1280.0997046275174
220                                               1307.5236941437602                                1305.921956057141                                 1300.9366846907951                                1293.290385707352                                 1286.2450739364654                                1283.3855259618708                                1280.3231926213284
225                                               1307.7757941682894                                1306.1655370088656                                1301.1726873932407                                1293.520199243586                                 1286.4710593509712                                1283.6102409900545                                1280.5466806151398
230                                               1308.0278941928182                                1306.4091179605903                                1301.4086900956863                                1293.7500127798203                                1286.6970447654771                                1283.8349560182382                                1280.7701686089504
235                                               1308.2799942173474                                1306.652698912315                                 1301.6446927981324                                1293.9798263160546                                1286.9230301799835                                1284.0596710464224                                1280.9936566027618
240                                               1308.467676744603                                 1306.834096677836                                 1301.8204982170273                                1294.151052122224                                 1287.0914130834822                                1284.2271077949613                                1281.160177726807
245                                               1308.6160941062235                                1306.9775911840052                                1301.9596108675064                                1294.2865662503168                                1287.2246848412315                                1284.3596310303597                                1281.2919751550908
250                                               1308.7645114678444                                1307.121085690174                                 1302.098723517986                                 1294.4220803784096                                1287.3579565989799                                1284.4921542657576                                1281.4237725833746
