% Model:              batchmodel_BILLETTA_r_0.0131664_COIL_kr_1.6756_COIL_kw_4.5299_FUNZ_freq_2540.9_FUNZ_I_eff_61.5962.mph
% Version:            COMSOL 5.6.0.401
% Date:               Jan 27 2022, 12:29
% Table:              Tabella delle sonde 1 - 
% Tempo (s)                                       Temperatura (degC), Punto: (0, 0.5)               Temperatura (degC), Punto: (0.5*BILLETTA_r, 0.5)  Temperatura (degC), Punto: (BILLETTA_r-10*FUNZ_depth_billetta, 0.5)Temperatura (degC), Punto: (BILLETTA_r-5*FUNZ_depth_billetta, 0.5)Temperatura (degC), Punto: (BILLETTA_r-2*FUNZ_depth_billetta, 0.5)Temperatura (degC), Punto: (BILLETTA_r-FUNZ_depth_billetta, 0.5)Temperatura (degC), Punto: (BILLETTA_r-0.01[mm], 0.5)
0                                                 20                                                19.999999999999943                                20.00000000000267                                 20.00000713788097                                 20.039988737468832                                20.12931321056709                                 20.213531841918837
5                                                 157.75625959584312                                198.1090773251703                                 240.69226051330293                                282.2491966011851                                 309.235830048047                                  315.26537474396014                                317.6294021052804
10                                                373.0994788493018                                 427.419327619132                                  487.0107344180569                                 546.9778012247073                                 581.2872869154938                                 588.1411290540334                                 590.5715908830426
15                                                568.6557677827628                                 630.1243716407115                                 698.0637211435138                                 771.1003936524077                                 812.1969881684671                                 819.7919523825855                                 822.0257234240618
20                                                708.0799312980379                                 784.0547295755113                                 897.6777740184717                                 994.9135813293                                    1032.8071020078237                                1038.2027723937645                                1038.8892535641894
25                                                852.6225009717463                                 961.6586744102109                                 1040.5274616143906                                1077.1365678002371                                1084.914296504336                                 1084.8554132493623                                1083.4281444423423
30                                                1030.2239593323375                                1074.121282449436                                 1095.6240390507328                                1102.489186330703                                 1101.5257286098772                                1100.1497010928429                                1098.2254574005642
35                                                1114.2980584482698                                1123.6163169590577                                1126.212810209914                                 1124.1669417572302                                1120.3257149404799                                1118.4591344862288                                1116.306203329511
40                                                1141.0838073450795                                1142.8404055030878                                1141.4650356650445                                1137.2414681634887                                1132.5607147853184                                1130.524764771446                                 1128.2728155557702
45                                                1150.8061588935652                                1151.4133572670862                                1149.096077716761                                 1144.248193258753                                 1139.2824167403933                                1137.1799979686466                                1134.8823401937816
50                                                1156.2211445366556                                1156.3078438818725                                1153.492248757862                                 1148.3046766741559                                1143.1852460700047                                1141.0465142558041                                1138.723099122532
55                                                1159.589922960984                                 1159.2253304715941                                1156.0750720708675                                1150.6736516671049                                1145.462554890984                                 1143.3026350561045                                1140.964198763837
60                                                1160.8257140231226                                1160.2823344234994                                1157.010564982772                                 1151.5326972525759                                1146.288144063787                                 1144.1204388443616                                1141.776516738818
65                                                1162.0615050852607                                1161.3393383754046                                1157.946057894676                                 1152.3917428380469                                1147.1137332365897                                1144.9382426326197                                1142.5888347137989
70                                                1163.2972961473988                                1162.3963423273094                                1158.88155080658                                  1153.2507884235179                                1147.9393224093924                                1145.7560464208773                                1143.4011526887798
75                                                1163.9833066297497                                1162.9918505303317                                1159.4136653897522                                1153.742632609878                                 1148.4133130679197                                1146.2257918324694                                1143.8678209414975
80                                                1164.659253707087                                 1163.5789113294181                                1159.9383963736404                                1154.227755394034                                 1148.8808679257268                                1146.6891662434455                                1144.328162282578
85                                                1165.3352007844246                                1164.165972128505                                 1160.4631273575283                                1154.7128781781898                                1149.3484227835338                                1147.1525406544215                                1144.788503623659
90                                                1165.6413484337977                                1164.4365486384222                                1160.707342096016                                 1154.9400263148536                                1149.567877789611                                 1147.3701239244047                                1145.0046926364648
95                                                1165.892528603622                                 1164.6600825020364                                1160.9098605261374                                1155.1288287562893                                1149.750454903255                                 1147.5511724717944                                1145.1845905219825
100                                               1166.1437087734462                                1164.883616365651                                 1161.112378956259                                 1155.317631197725                                 1149.9330320168992                                1147.7322210191837                                1145.3644884075006
105                                               1166.3948889432704                                1165.1071502292652                                1161.31489738638                                  1155.5064336391606                                1150.1156091305434                                1147.913269566574                                 1145.5443862930183
110                                               1166.646069113095                                 1165.3306840928794                                1161.5174158165014                                1155.6952360805963                                1150.2981862441875                                1148.0943181139637                                1145.7242841785355
115                                               1166.7062810586817                                1165.387893915216                                 1161.5711337180464                                1155.7463777449093                                1150.3480415236763                                1148.1438226431123                                1145.7734960489029
120                                               1166.7381072330463                                1165.4203811105117                                1161.6027337108194                                1155.777057327945                                 1150.3781688529489                                1148.1737742941718                                1145.8032825759028
125                                               1166.7699334074114                                1165.4528683058074                                1161.6343337035923                                1155.807736910981                                 1150.4082961822219                                1148.2037259452309                                1145.8330691029023
130                                               1166.801759581776                                 1165.4853555011032                                1161.6659336963653                                1155.838416494017                                 1150.4384235114949                                1148.23367759629                                  1145.8628556299022
135                                               1166.8335857561406                                1165.517842696399                                 1161.6975336891387                                1155.8690960770527                                1150.4685508407674                                1148.263629247349                                 1145.8926421569026
140                                               1166.8069119245347                                1165.496790696985                                 1161.679901698405                                 1155.8534631809644                                1150.4537315516104                                1148.2489832234396                                1145.8781053995926
145                                               1166.771542574119                                 1165.4677805603546                                1161.6549518000656                                1155.8309463362903                                1150.4322313372204                                1148.227708141717                                 1145.856980370264
150                                               1166.7361732237036                                1165.4387704237238                                1161.6300019017258                                1155.8084294916166                                1150.4107311228304                                1148.206433059995                                 1145.8358553409357
155                                               1166.7008038732874                                1165.4097602870934                                1161.6050520033864                                1155.7859126469425                                1150.3892309084404                                1148.1851579782729                                1145.8147303116075
160                                               1166.6654345228721                                1165.380750150463                                 1161.5801021050465                                1155.7633958022689                                1150.3677306940508                                1148.1638828965501                                1145.7936052822788
165                                               1166.6304246224327                                1165.3501933933326                                1161.552768545253                                 1155.7381060290318                                1150.3433429248926                                1148.1397102313936                                1145.7695898282527
170                                               1166.5954681511166                                1165.3194067444715                                1161.5250806748463                                1155.7124040839994                                1150.3185259457473                                1148.1151068655754                                1145.7451447376493
175                                               1166.5605116798006                                1165.2886200956104                                1161.4973928044387                                1155.6867021389671                                1150.2937089666016                                1148.0905034997577                                1145.7206996470463
180                                               1166.525555208484                                 1165.2578334467494                                1161.469704934032                                 1155.6610001939353                                1150.2688919874563                                1148.065900133939                                 1145.696254556443
185                                               1166.490598737168                                 1165.2270467978879                                1161.442017063625                                 1155.6352982489034                                1150.244075008311                                 1148.041296768121                                 1145.6718094658395
190                                               1166.4698196308796                                1165.2082007555582                                1161.424769273673                                 1155.6191229703572                                1150.2283968433562                                1148.0257438039116                                1145.6563533558447
195                                               1166.4511478670129                                1165.191129580889                                 1161.4090733111866                                1155.6043637482076                                1150.214077083916                                 1148.0115361034523                                1145.6422333799
200                                               1166.4324761031467                                1165.1740584062195                                1161.3933773486997                                1155.5896045260574                                1150.1997573244753                                1147.9973284029925                                1145.6281134039564
205                                               1166.41380433928                                  1165.15698723155                                  1161.3776813862132                                1155.5748453039078                                1150.1854375650346                                1147.9831207025331                                1145.6139934280122
210                                               1166.3951325754133                                1165.1399160568799                                1161.3619854237263                                1155.560086081758                                 1150.1711178055943                                1147.9689130020738                                1145.599873452068
215                                               1166.383711935488                                 1165.1293639345504                                1161.3522217036543                                1155.5508737501054                                1150.1621694713972                                1147.9600331125785                                1145.591047875259
220                                               1166.3733691122839                                1165.1197808128436                                1161.3433397599965                                1155.5424859156442                                1150.1540195530038                                1147.9519451560013                                1145.5830092649894
225                                               1166.3630262890797                                1165.1101976911368                                1161.3344578163387                                1155.5340980811834                                1150.1458696346099                                1147.9438571994242                                1145.5749706547203
230                                               1166.3526834658755                                1165.1006145694305                                1161.325575872681                                 1155.5257102467226                                1150.1377197162165                                1147.9357692428466                                1145.5669320444508
235                                               1166.3423406426714                                1165.0910314477237                                1161.3166939290231                                1155.5173224122618                                1150.1295697978221                                1147.9276812862695                                1145.5588934341813
240                                               1166.3383057609485                                1165.0872454273258                                1161.3131557969168                                1155.5139681034962                                1150.1263072245256                                1147.9244430854656                                1145.5556748515219
245                                               1166.3352085000492                                1165.0843210957883                                1161.310411976077                                 1155.5113619846943                                1150.1237711127137                                1147.9219257588193                                1145.553172724186
250                                               1166.3321112391504                                1165.0813967642512                                1161.3076681552375                                1155.5087558658925                                1150.1212350009018                                1147.9194084321734                                1145.5506705968505
