% Model:              batchmodel_BILLETTA_r_0.0335556_COIL_kr_1.4848_COIL_kw_5.8583_FUNZ_freq_7167.5_FUNZ_I_eff_61.5962.mph
% Version:            COMSOL 5.6.0.280
% Date:               Jan 27 2022, 17:01
% Table:              Tabella delle sonde 1 - 
% Tempo (s)                                       Temperatura (degC), Punto: (0, 0.5)               Temperatura (degC), Punto: (0.5*BILLETTA_r, 0.5)  Temperatura (degC), Punto: (BILLETTA_r-10*FUNZ_depth_billetta, 0.5)Temperatura (degC), Punto: (BILLETTA_r-5*FUNZ_depth_billetta, 0.5)Temperatura (degC), Punto: (BILLETTA_r-2*FUNZ_depth_billetta, 0.5)Temperatura (degC), Punto: (BILLETTA_r-FUNZ_depth_billetta, 0.5)Temperatura (degC), Punto: (BILLETTA_r-0.01[mm], 0.5)
0                                                 20                                                19.999999999999943                                20.000000000012392                                20.000050851947492                                20.085886519819894                                20.268596552022984                                20.45657026623735
5                                                 23.654773999127315                                61.24292292945455                                 387.46648119298186                                452.64093386962656                                489.72762016095976                                497.6526995364585                                 500.67477219784166
10                                                71.56852047768552                                 182.54964303602895                                716.0928898601817                                 827.0646978703975                                 883.9732616437692                                 894.4199207973335                                 897.8261414983691
15                                                169.09848946378673                                316.32336668102505                                956.4036505315604                                 1051.643109588751                                 1081.5710985132127                                1085.2504541641983                                1085.666932482935
20                                                277.4046006560243                                 434.3580566918431                                 1028.7604867818236                                1079.8216671934174                                1093.119891564334                                 1094.3526032022164                                1093.9330318162338
25                                                375.4653351077774                                 528.8704206513086                                 1062.2979480438185                                1094.246904290993                                 1101.886398993966                                 1102.2744101372596                                1101.554428235941
30                                                459.93735871015724                                604.3104267621949                                 1082.6120151405034                                1104.5561659440637                                1109.2067278904174                                1109.143025256521                                 1108.2574993587018
35                                                531.1423204928526                                 665.063405162667                                  1098.6276215274656                                1114.6056266172704                                1117.414885051512                                 1117.0615454359117                                1116.0623333674885
40                                                591.432201348864                                  714.8450526579296                                 1111.4802296102698                                1123.2392478699458                                1124.7574973427186                                1124.198990223164                                 1123.116300998509
45                                                641.2746934514064                                 757.4981690323103                                 1122.1077462476683                                1131.131444205315                                 1131.8042613754037                                1131.1070967935639                                1129.9638040324048
50                                                681.4951943537505                                 797.2153079549563                                 1131.6944567886394                                1138.7383383189635                                1138.787912909197                                 1137.985253347253                                 1136.7925720810658
55                                                712.5857993861672                                 838.1972085828601                                 1141.1517145860348                                1146.5868227853193                                1146.1198523015296                                1145.226846765098                                 1143.9890694182614
60                                                736.8645928680486                                 878.2367657971519                                 1150.690195821047                                 1154.866536660637                                 1153.9832918236011                                1153.0137439009518                                1151.7343064775323
65                                                757.3213346513834                                 916.6072414040194                                 1160.6495134450074                                1163.8117165173967                                1162.580418613224                                 1161.5429665161114                                1160.2231232047884
70                                                782.3399369972825                                 952.0670697523921                                 1171.2867351382874                                1173.6308480706953                                1172.1045674200318                                1171.0052273964502                                1169.6448840619291
75                                                816.213164933586                                  985.5070336067948                                 1182.7354092341739                                1184.4165014037894                                1182.6358020143293                                1181.4785405195976                                1180.076667253828
80                                                860.3415726466679                                 1017.2799656770281                                1195.111645775536                                 1196.2464961279998                                1194.240936581431                                 1193.0281309480051                                1191.5831648558346
85                                                910.5244879622127                                 1047.9817480882843                                1208.531102456148                                 1209.1804078761738                                1206.9651685184267                                1205.697707763441                                 1204.2081797909818
90                                                960.0453148793944                                 1077.5405621956888                                1222.861448498364                                 1223.0621474830236                                1220.6458163957668                                1219.3242700865867                                1217.7896447834787
95                                                1003.0485379745488                                1104.9258801142983                                1238.0737841784821                                1237.8595234290792                                1235.2483977634429                                1233.8725384345748                                1232.291514812236
100                                               1037.3936315412243                                1130.0020525983496                                1253.5568485976146                                1252.9466102912866                                1250.1428000556389                                1248.7116111698015                                1247.082321102263
105                                               1071.7387251078994                                1155.0782250824013                                1269.039913016747                                 1268.0336971534934                                1265.037202347834                                 1263.5506839050286                                1261.87312739229
110                                               1103.517426713896                                 1179.0253996329052                                1284.3420655750988                                1282.9556333448172                                1279.7707925282884                                1278.229381569683                                 1276.503440263199
115                                               1131.5710871379988                                1201.333867446022                                 1299.3816299777704                                1297.6378582762545                                1294.2709687377046                                1292.675299615486                                 1290.9008017358829
120                                               1159.6247475621012                                1223.6423352591387                                1314.4211943804426                                1312.3200832076918                                1308.7711449471212                                1307.121217661289                                 1305.2981632085657
125                                               1184.9293555851787                                1244.3426861381727                                1328.8774716902808                                1326.4395774369127                                1322.716204649665                                 1321.013521787223                                 1319.1427841853351
130                                               1209.3607034425513                                1264.5322048265198                                1343.148462832728                                 1340.380315413223                                 1336.484926814011                                 1334.729965684658                                 1332.8118223842448
135                                               1232.964284914634                                 1284.0233191494412                                1356.7402550810043                                1353.655689758726                                 1349.5962322737728                                1347.7913661381876                                1345.8279233227472
140                                               1249.865372664366                                 1297.859394855057                                 1364.8325170206012                                1361.543559081304                                 1357.3843796375531                                1355.5488249861396                                1353.5571365997862
145                                               1266.7664604140982                                1311.6954705606722                                1372.9247789601977                                1369.4314284038824                                1365.1725270013344                                1363.3062838340916                                1361.2863498768256
150                                               1283.6675481638308                                1325.5315462662875                                1381.0170408997947                                1377.3192977264607                                1372.9606743651157                                1371.063742682044                                 1369.0155631538646
155                                               1300.568635913563                                 1339.3676219719027                                1389.1093028393911                                1385.2071670490386                                1380.7488217288965                                1378.8212015299955                                1376.7447764309031
159.45037331150712                                1315.6118658849327                                1351.682762383155                                 1396.3120201525326                                1392.2279596726098                                1387.6808543636675                                1385.7259190944037                                1383.6243533283196
