% Model:              batchmodel_BILLETTA_r_0.0542379_COIL_kr_1.6756_COIL_kw_5.8583_FUNZ_freq_8940.8_FUNZ_I_eff_61.5962.mph
% Version:            COMSOL 5.6.0.401
% Date:               Jan 28 2022, 00:14
% Table:              Tabella delle sonde 1 - 
% Tempo (s)                                       Temperatura (degC), Punto: (0, 0.5)               Temperatura (degC), Punto: (0.5*BILLETTA_r, 0.5)  Temperatura (degC), Punto: (BILLETTA_r-10*FUNZ_depth_billetta, 0.5)Temperatura (degC), Punto: (BILLETTA_r-5*FUNZ_depth_billetta, 0.5)Temperatura (degC), Punto: (BILLETTA_r-2*FUNZ_depth_billetta, 0.5)Temperatura (degC), Punto: (BILLETTA_r-FUNZ_depth_billetta, 0.5)Temperatura (degC), Punto: (BILLETTA_r-0.01[mm], 0.5)
0                                                 20.000000000000057                                20                                                20.000000000084242                                20.000326614161224                                20.213315217193212                                20.492228610207064                                20.76039251440386
5                                                 20.068434121058374                                26.1763143730235                                  447.25295962479936                                519.8706425529107                                 560.6932499588836                                 569.0629187918868                                 572.1955348486678
10                                                23.456142603468948                                65.73965380569507                                 773.1733218435423                                 895.5051247259167                                 952.8398169219976                                 962.9735368252667                                 966.1856357061225
15                                                38.17453386087442                                 127.94003406334497                                969.4271516123869                                 1055.482625883651                                 1081.8114431196223                                1085.0738365459224                                1085.4504867412975
20                                                64.97786204179886                                 194.22187434373103                                1031.2567460930254                                1080.8538792675113                                1094.2684326097838                                1095.6448917896719                                1095.3720697161548
25                                                103.4079399676067                                 257.64645150299384                                1061.1922007497155                                1095.0059349031162                                1103.4260681941832                                1104.0019261604762                                1103.436644581779
30                                                148.8641619062745                                 315.9940480261339                                 1075.403258282257                                 1101.1864680907834                                1107.3287500467904                                1107.5758383788057                                1106.8956878144622
35                                                197.05943686331705                                368.5229148607767                                 1090.875156112571                                 1113.4565171948802                                1118.3867507268274                                1118.4241284194472                                1117.6525214635521
40                                                243.5336949339403                                 415.9280580372898                                 1101.728431441461                                 1120.1493066962416                                1123.8123342852655                                1123.6521354746815                                1122.8044619201041
45                                                287.9825305804985                                 458.4702390312875                                 1107.8602118817562                                1121.6592759365317                                1124.0791733980986                                1123.7428792491864                                1122.8366976079965
50                                                330.0656859581368                                 496.63316372088104                                1110.1618889666884                                1120.5374102641217                                1122.0616247632252                                1121.6047797090587                                1120.6628680122512
55                                                369.4318008603441                                 531.6044138053709                                 1113.9836103484654                                1121.975274228711                                 1122.8433648694013                                1122.2924592941154                                1121.318165061387
60                                                405.94011074458456                                563.7912475359511                                 1121.0276900097624                                1127.79809357383                                  1128.2503916009377                                1127.6266718741704                                1126.6180298127292
65                                                439.6796943112947                                 592.9359435070404                                 1130.2168686168038                                1136.850827873051                                 1137.1271759048245                                1136.4552069165452                                1135.4136137907176
70                                                471.07383753260217                                619.6350634373099                                 1139.5269240777302                                1146.1696824944702                                1146.3183965650746                                1145.6053108636024                                1144.5326178800683
75                                                500.5091683980479                                 644.4335048029677                                 1147.108938712077                                 1153.0475373457707                                1152.941993748807                                 1152.179001239971                                 1151.077474691535
80                                                527.6472026077419                                 666.8542218501219                                 1154.581599277029                                 1159.8544165171766                                1159.5211474408256                                1158.7133979536925                                1157.5849407343885
85                                                552.8846259666055                                 687.5523380012776                                 1161.9131279862117                                1166.574278561514                                 1166.0334746435215                                1165.1843451857244                                1164.0301558730303
90                                                576.5037818186581                                 706.9941410226212                                 1169.0809068221424                                1173.195705888887                                 1172.4630441329477                                1171.5746498965336                                1170.3954257666737
95                                                598.2551085841419                                 724.7674819684938                                 1176.1049277141274                                1179.728790438177                                 1178.8239374219138                                1177.8995089101204                                1176.696390336475
100                                               618.446030638028                                  742.0644317643996                                 1183.3958851670209                                1186.5926980349977                                1185.531504944664                                 1184.572643444375                                 1183.345409780382
105                                               637.2245822341218                                 759.4590090773905                                 1191.1515411656164                                1193.9892698645895                                1192.7857506586165                                1191.7932729391355                                1190.5410481654371
110                                               654.4336090949525                                 776.3418313723015                                 1199.161950099135                                 1201.704229806292                                 1200.3743488579876                                1199.3499045383837                                1198.0725083843117
115                                               670.2855774219697                                 793.907295284084                                  1207.584574615681                                 1209.8593128507323                                1208.410902084844                                 1207.3554283165286                                1206.052943106427
120                                               684.8418911042298                                 812.5005879434981                                 1216.4649222779103                                1218.4897010730251                                1216.9282420923873                                1215.8424701197396                                1214.515054069339
125                                               698.0150134935571                                 831.6296147147729                                 1225.738118050011                                 1227.5452393286218                                1225.879564326815                                 1224.7645189328118                                1223.4122220679901
130                                               709.820989738484                                  850.9876737134624                                 1235.2658239813145                                1236.8583076526452                                1235.088269683653                                 1233.943433853738                                 1232.5654907981648
135                                               720.2618343940055                                 870.5362568626771                                 1245.0306709954925                                1246.407860453843                                 1244.5321851922135                                1243.3568483308295                                1241.9523913300259
140                                               729.3322962906526                                 890.3757398970835                                 1255.0779335891643                                1256.2487554881445                                1254.2691072526873                                1253.0630633554392                                1251.6314915153534
145                                               738.134640243095                                  909.8747090970954                                 1265.1292930511404                                1266.0874593605668                                1264.0008375002417                                1262.7632601943496                                1261.3038578894484
150                                               746.6523360941002                                 929.0426334831571                                 1275.1889231988152                                1275.9283740561027                                1273.7318478782718                                1272.461920094334                                 1270.97397341966
155                                               754.6054530287328                                 948.0398666787643                                 1285.3275057618412                                1285.8460452205668                                1283.537868746822                                 1282.2349309639917                                1280.7177551517566
160                                               764.3080215339802                                 966.7068527247089                                 1295.3166939010248                                1295.6151314805034                                1293.19561395547                                  1291.85977368162                                  1290.3134838788287
165                                               775.4425780857865                                 985.0654812189806                                 1305.1878146851686                                1305.2665475826861                                1302.7357162934481                                1301.3669758072238                                1299.7915774199905
170                                               787.5698893757173                                 1003.1460379733857                                1314.9842113365053                                1314.8430662725686                                1312.200558397948                                 1310.798774385892                                 1309.1941209860202
175                                               803.5443765560559                                 1021.1408256652429                                1324.6182826103118                                1324.2621574915024                                1321.510222206833                                 1320.0759439188719                                1318.442446088135
180                                               822.6683065961214                                 1039.0028379410064                                1334.11144170342                                  1333.543994838571                                 1330.6842428442928                                1329.2178502405668                                1327.5557824055481
185                                               844.561622316923                                  1056.7064703053493                                1343.4753524454354                                1342.6995669309404                                1339.7332611483907                                1338.235041976408                                 1336.5446043995694
190                                               868.7135520074715                                 1074.3242651781816                                1352.5557979320683                                1351.5735460563742                                1348.5029698712538                                1346.97368041963                                  1345.2555265442306
195                                               895.2974294896959                                 1091.831604800484                                 1361.4051127089715                                1360.2186437206874                                1357.0457342172363                                1355.4859717720078                                1353.7406012513484
200                                               924.3554786603671                                 1109.2224923177255                                1370.0360454043616                                1368.6477003791078                                1365.3743102829771                                1363.784633397353                                 1362.0125084216993
200.23923168418318                                925.8078219207226                                 1110.0516633811726                                1370.443529558017                                 1369.045584189525                                 1365.7674329088763                                1364.1763387285628                                1362.4029452363388
