% Model:              batchmodel_BILLETTA_r_0.0335556_COIL_kr_1.6756_COIL_kw_3.2356_FUNZ_freq_8940.8_FUNZ_I_eff_61.5962.mph
% Version:            COMSOL 5.6.0.280
% Date:               Jan 27 2022, 17:16
% Table:              Tabella delle sonde 1 - 
% Tempo (s)                                       Temperatura (degC), Punto: (0, 0.5)               Temperatura (degC), Punto: (0.5*BILLETTA_r, 0.5)  Temperatura (degC), Punto: (BILLETTA_r-10*FUNZ_depth_billetta, 0.5)Temperatura (degC), Punto: (BILLETTA_r-5*FUNZ_depth_billetta, 0.5)Temperatura (degC), Punto: (BILLETTA_r-2*FUNZ_depth_billetta, 0.5)Temperatura (degC), Punto: (BILLETTA_r-FUNZ_depth_billetta, 0.5)Temperatura (degC), Punto: (BILLETTA_r-0.01[mm], 0.5)
0                                                 20                                                20                                                20.000000000086743                                20.000332677656445                                20.213799980842794                                20.491703429287497                                20.758145482388557
5                                                 26.528565804501852                                69.79932380016317                                 452.84306503145683                                522.7989335990715                                 561.7626475980428                                 569.7504216615717                                 572.7492091147432
10                                                80.72881824931886                                 198.97256233263477                                802.0627028584801                                 922.6972162303883                                 978.776281201804                                  988.6001027596434                                 991.6378197291866
15                                                183.43476073662157                                335.3215632016834                                 1001.526156192209                                 1069.5434731366586                                1088.4007250214213                                1090.5043988489078                                1090.4730840307984
20                                                292.1139094182172                                 451.1150282736993                                 1048.9252509008497                                1084.2477616319266                                1093.6443099165426                                1094.422613188689                                 1093.9492948003399
25                                                389.3698194282322                                 542.4952422473908                                 1077.5079270392353                                1102.7711433288873                                1108.5778240591317                                1108.7618634147912                                1108.0566819804299
30                                                472.14460930529356                                615.1287286705964                                 1097.2507101616134                                1114.8537554168406                                1118.3401091517385                                1118.1639867552158                                1117.3206329076538
35                                                541.6177089086541                                 673.7239991160992                                 1111.608362550467                                 1124.2883582175182                                1126.304928907041                                 1125.9006134534256                                1124.9670321680392
40                                                599.8179052210588                                 721.3238700876901                                 1123.774082558808                                 1133.3487085795664                                1134.3995855806652                                1133.8385754753099                                1132.8380193921635
45                                                647.8509305341429                                 762.7958437566309                                 1134.708807603151                                 1142.1195200950456                                1142.487098441819                                 1141.8110102166843                                1140.7573492762313
50                                                686.5341461713869                                 803.7093923517369                                 1145.4577655586263                                1151.2474914829068                                1151.0936584683063                                1150.325713128022                                 1149.225713202079
55                                                716.3768822649515                                 845.641544187216                                  1156.6044233614407                                1161.1046052489942                                1160.52515017621                                  1159.678255093952                                 1158.534627887197
60                                                738.6603544502327                                 887.3950495202497                                 1168.4173034126497                                1171.9135241146296                                1170.9859970957868                                1170.0697692522026                                1168.8836566498944
65                                                758.9473224498512                                 926.8474732471974                                 1181.1256224034341                                1183.860270534933                                 1182.6497821635908                                1181.671607551386                                 1180.442979922463
70                                                785.7890846536108                                 963.9360817544936                                 1194.9420113143701                                1197.0699684129045                                1195.6166075605238                                1194.5799127139117                                1193.3070929972673
75                                                822.9603477562017                                 999.2427628989893                                 1209.907055982596                                 1211.534554036392                                 1209.867355194112                                 1208.7754455795148                                1207.4582454591223
80                                                870.5627397284346                                 1033.2663196599547                                1225.9509773298787                                1227.1281638403461                                1225.2609907822239                                1224.1156905740277                                1222.754264333702
85                                                919.207724428013                                  1066.012327013521                                 1242.7640505819427                                1243.504819015624                                 1241.4366007170092                                1240.2359777865654                                1238.8278562662945
90                                                970.8377957590627                                 1097.4476159058063                                1260.4152384821286                                1260.744929195158                                 1258.4787675661983                                1257.2217813253565                                1255.76502530395
95                                                1014.1761149731275                                1126.5701756710118                                1278.2573222622423                                1278.187264386404                                 1275.7223438886795                                1274.4073004852344                                1272.8995809670705
100                                               1054.9221455219745                                1155.301323297229                                 1296.018775117463                                 1295.547958656467                                 1292.8835898054454                                1291.5102150404332                                1289.9512336797684
105                                               1094.067759186788                                 1183.4065100886014                                1313.6393718430445                                1312.7732102759428                                1309.9110845349287                                1308.4795924025293                                1306.8693552703726
110                                               1127.374056330324                                 1209.2278023015997                                1330.7460377715115                                1329.5042828379792                                1326.4505717174861                                1324.961743001605                                 1323.3002722487759
115                                               1160.6803534738597                                1235.0490945145984                                1347.852703699979                                 1346.2353554000156                                1342.9900589000445                                1341.443893600681                                 1339.7311892271796
120                                               1189.990479797354                                 1258.364308530352                                 1362.5333346139691                                1360.5694131617188                                1357.155147077276                                 1355.558853246776                                 1353.8012500267487
125                                               1217.0000954439856                                1280.2368265480022                                1375.817348690347                                 1373.5235604068075                                1369.9533441708018                                1368.311071331826                                 1366.512216060221
129.72911625486873                                1242.546417922434                                 1300.924362646438                                 1388.3816780700472                                1385.77589406775                                  1382.0581765524034                                1380.3724156981548                                1378.5345432770173
