% Model:              batchmodel_BILLETTA_r_0.0542379_COIL_kr_1.9397_COIL_kw_3.2356_FUNZ_freq_7167.5_FUNZ_I_eff_61.5962.mph
% Version:            COMSOL 5.6.0.401
% Date:               Jan 28 2022, 00:32
% Table:              Tabella delle sonde 1 - 
% Tempo (s)                                       Temperatura (degC), Punto: (0, 0.5)               Temperatura (degC), Punto: (0.5*BILLETTA_r, 0.5)  Temperatura (degC), Punto: (BILLETTA_r-10*FUNZ_depth_billetta, 0.5)Temperatura (degC), Punto: (BILLETTA_r-5*FUNZ_depth_billetta, 0.5)Temperatura (degC), Punto: (BILLETTA_r-2*FUNZ_depth_billetta, 0.5)Temperatura (degC), Punto: (BILLETTA_r-FUNZ_depth_billetta, 0.5)Temperatura (degC), Punto: (BILLETTA_r-0.01[mm], 0.5)
0                                                 20                                                20                                                20.000000000035868                                20.000171100038187                                20.16875228559087                                 20.39424112590882                                 20.62145314824636
5                                                 20.093747192301407                                25.819568449160045                                362.64390517995105                                424.3934196871662                                 460.63003707616997                                468.39473041919143                                471.3748494511284
10                                                23.366030402103718                                60.17343819993306                                 620.0356114461663                                 707.1087444927522                                 754.5216384214413                                 764.1137420011272                                 767.5093283670179
15                                                36.564701614018986                                116.04728844874546                                865.0086330737635                                 987.1435350227722                                 1038.118231371809                                 1046.326173282724                                 1048.5473191635401
20                                                62.916784525040384                                178.75078968271396                                983.6833989698026                                 1062.3123565759006                                1085.159518890884                                 1087.813712772911                                 1087.8868691907546
25                                                99.39499730904112                                 240.05697147862327                                1037.1212926436374                                1091.0080825504342                                1104.41801090309                                  1105.5963054899203                                1105.1291097745052
30                                                141.95906232242334                                296.79030265169536                                1061.5042660295044                                1100.2316442803835                                1109.4806036118794                                1110.0620348567004                                1109.3878070127598
35                                                186.92585069904533                                348.8397512931091                                 1066.1001769344825                                1095.362445271422                                 1102.3641831778036                                1102.6664148905315                                1101.9175009642422
40                                                231.43671951276787                                396.0934097263064                                 1077.6296955196226                                1101.7108200677394                                1107.1318549625994                                1107.1937966193195                                1106.355359167022
45                                                274.2284552301645                                 438.62277040717925                                1089.324612819827                                 1109.158942051843                                 1113.231204029059                                 1113.0803982752268                                1112.1585783935188
50                                                313.0373259762397                                 474.5926086747479                                 1097.4943874847431                                1114.4051198720354                                1117.5677498231948                                1117.2725085979791                                1116.2933889234114
55                                                350.265785571146                                  508.639619035622                                  1105.1049032148867                                1119.4355572960444                                1121.7952626493488                                1121.3718536824895                                1120.3411337643365
60                                                384.8823010638048                                 539.508773427299                                  1111.7911322015298                                1124.1094407593896                                1125.8425767864073                                1125.3178857403605                                1124.2449852186342
65                                                416.9522841811213                                 567.7950759594172                                 1117.968030880881                                 1128.625498467692                                 1129.8384655071823                                1129.2286045465485                                1128.119063987458
70                                                447.7501286266331                                 594.7910961586257                                 1123.8904899203117                                1133.062713178222                                 1133.8086642891985                                1133.1216823623727                                1131.9782695958538
75                                                476.5757895215489                                 619.7378016126604                                 1129.5222919757475                                1137.4781118762567                                1137.8373448127018                                1137.0851387731836                                1135.9117149838517
80                                                503.7998466734416                                 643.020265335488                                  1134.9180524551548                                1141.8757938626495                                1141.913518165175                                 1141.1057494083693                                1139.9054502514887
85                                                529.4780196968774                                 664.6963861102573                                 1140.0859832184856                                1146.25637549981                                  1146.0355320764243                                1145.1815258788752                                1143.9573779206148
90                                                553.6572259582551                                 684.9922747577094                                 1145.2978772391875                                1150.7717534450185                                1150.3188184874666                                1149.4221976627464                                1148.1750494816256
95                                                576.3650345407038                                 704.040796110035                                  1150.7134426094667                                1155.511183594182                                 1154.8312062860246                                1153.892242827149                                 1152.6216631957818
100                                               597.5711598186272                                 721.6959933886274                                 1156.1572342678164                                1160.3766151476757                                1159.498183008678                                 1158.520829905102                                 1157.2277935087436
105                                               617.2999242198988                                 738.1591690040661                                 1161.6567887633196                                1165.3881008839803                                1164.3374583020563                                1163.3252854112607                                1162.0105968142984
110                                               635.7778119275591                                 755.3047991493075                                 1167.4685193477753                                1170.7323671108234                                1169.5139398336596                                1168.466949386885                                 1167.1298290320096
115                                               652.8722792009434                                 772.0358973457988                                 1173.4423671027507                                1176.3001373084307                                1174.9311198526093                                1173.8514019378322                                1172.4919973321003
120                                               668.5833260400514                                 788.3524635935397                                 1179.5783320282444                                1182.091411476801                                 1180.5889983589045                                1179.4786430641038                                1178.0971017145703
125                                               682.987139857776                                  805.3048771911912                                 1186.0495154307705                                1188.240938303129                                 1186.6103466587188                                1185.4694618308808                                1184.0650115658168
130                                               696.0858952190639                                 822.9231183929325                                 1192.8608580219125                                1194.752563826551                                 1192.9986689290386                                1191.8273058374089                                1190.399148235325
135                                               707.854409393817                                  840.8599983735445                                 1199.9551434805476                                1201.5817486711821                                1199.7133847570394                                1198.5122498741048                                1197.059890501031
140                                               718.441393116552                                  858.9674106285594                                 1207.3231688459737                                1208.7105974529468                                1206.7344345962802                                1205.5041196037955                                1204.0272903783543
145                                               728.2745809819824                                 876.8193585016576                                 1214.9384637717212                                1216.0876379302558                                1214.0041214553821                                1212.7448878641367                                1211.243971759729
150                                               737.0692264766177                                 894.6994315461383                                 1222.818649789836                                 1223.7471356068                                   1221.5608547062716                                1220.2731838246405                                1218.7481304020303
155                                               744.8253296004582                                 912.6076297620017                                 1230.9637269003188                                1231.68909048258                                  1229.4046343489485                                1228.0890074853055                                1226.539766305259
160                                               753.6229934446586                                 930.0154731370061                                 1239.169658033194                                 1239.68967899167                                  1237.305314696087                                 1235.9610831901741                                1234.386990152991
165                                               762.788080245217                                  947.0942360350463                                 1247.5025692832278                                1247.8214398072273                                1245.3374833485173                                1243.9643647500634                                1242.364954636425
170                                               772.0517247852662                                 963.9122275191218                                 1255.9888336082308                                1256.1133034047903                                1253.5308879521117                                1252.1287458657525                                1250.5036327754624
175                                               782.8619155453356                                 980.4680211810315                                 1264.5120051819285                                1264.442984796397                                 1261.7617276205829                                1260.3302524551177                                1258.6790375790556
180                                               796.8862238797047                                 996.7599743022803                                 1272.937979536754                                 1272.6696548623945                                1269.8874274547625                                1268.4261101585525                                1266.748379821077
185                                               812.7340925579587                                 1012.7894567157542                                1281.378583933667                                 1280.9107484280366                                1278.0268780534884                                1276.5353759013024                                1274.830728823691
190                                               830.414946692303                                  1028.5594943577926                                1289.8317699936738                                1289.1642270192715                                1286.1780588704864                                1284.6560371689316                                1282.9240808982863
195                                               850.7133417334588                                 1044.3219690942647                                1298.1270286692397                                1297.2604060855833                                1294.1727776808766                                1292.620570314376                                 1290.8616470678385
200                                               873.1963281464681                                 1059.9378822902213                                1306.3584537720485                                1305.2929244477446                                1302.1038497795857                                1300.5214216841932                                1298.735468258163
205                                               897.8639059313306                                 1075.4072339456625                                1314.5260453021006                                1313.2617821057543                                1309.9712751666152                                1308.3585912783828                                1306.5455444692611
210                                               922.371866753219                                  1090.7144738758407                                1322.5955804058585                                1321.1352076158405                                1317.7444260550901                                1316.1017591195814                                1314.2618145624792
215                                               945.9035171204915                                 1105.854184586719                                 1330.5551362600245                                1328.9021321958635                                1325.4126320989358                                1323.7403620987802                                1321.8738056050483
220                                               969.6572137366535                                 1120.8343153155106                                1338.4222075494094                                1336.5787973726788                                1332.9915501888686                                1331.2898997548145                                1329.3968848177406
225                                               993.6329566017044                                 1135.6548660622157                                1346.1967942740134                                1344.1652031462863                                1340.4811803248886                                1338.7503720876844                                1336.8310522005572
230                                               1017.8307457156449                                1150.3158368268346                                1353.8788964338369                                1351.6613495166857                                1347.8815225069961                                1346.1217790973901                                1344.176307753497
235                                               1038.6004309421032                                1164.0590450209652                                1360.6580627251105                                1358.2678968668465                                1354.4018813378807                                1352.6163349294688                                1350.6475717573371
240                                               1056.9302813709096                                1177.2538114406061                                1366.8667934784157                                1364.312023466171                                 1360.3659006108246                                1358.5565769300747                                1356.566395187394
245                                               1075.2601317997164                                1190.448577860247                                 1373.0755242317205                                1370.356150065495                                 1366.329919883769                                 1364.496818930681                                 1362.4852186174508
250                                               1093.5899822285228                                1203.643344279888                                 1379.2842549850257                                1376.4002766648196                                1372.2939391567124                                1370.4370609312869                                1368.4040420475071
