% Model:              batchmodel_BILLETTA_r_0.0257427_COIL_kr_2.4069_COIL_kw_3.2356_FUNZ_freq_2540.9_FUNZ_I_eff_85.0125.mph
% Version:            COMSOL 5.6.0.280
% Date:               Jan 27 2022, 14:19
% Table:              Tabella delle sonde 1 - 
% Tempo (s)                                       Temperatura (degC), Punto: (0, 0.5)               Temperatura (degC), Punto: (0.5*BILLETTA_r, 0.5)  Temperatura (degC), Punto: (BILLETTA_r-10*FUNZ_depth_billetta, 0.5)Temperatura (degC), Punto: (BILLETTA_r-5*FUNZ_depth_billetta, 0.5)Temperatura (degC), Punto: (BILLETTA_r-2*FUNZ_depth_billetta, 0.5)Temperatura (degC), Punto: (BILLETTA_r-FUNZ_depth_billetta, 0.5)Temperatura (degC), Punto: (BILLETTA_r-0.01[mm], 0.5)
0                                                 20                                                20                                                20.00000000003797                                 20.000168840852893                                20.107043807932826                                20.21481836626549                                 20.332149233414384
5                                                 47.68206172889745                                 109.80174761308336                                313.47388576464016                                396.4939129121112                                 445.65027103289174                                455.83915408346024                                459.6701783358957
10                                                169.4596259142612                                 284.73264204226814                                594.6258864171107                                 713.9345389756935                                 776.2301398294302                                 788.536813541146                                  792.6346007802273
15                                                317.60982486149123                                454.2182171756384                                 838.5422468539854                                 1006.2143841356839                                1068.745254206216                                 1077.6472188455296                                1079.3721843957796
20                                                453.7637404066147                                 595.2953987161956                                 1018.7023533275259                                1106.577041887454                                 1125.972380780176                                 1127.2501227504545                                1126.0948975592378
25                                                567.0178279754614                                 703.0423754503787                                 1085.078159014406                                 1127.4721309333777                                1134.8777942082806                                1134.5020003729524                                1132.7819045681154
30                                                656.3237464829098                                 792.6180485745491                                 1115.4772765185894                                1138.5766792357845                                1140.98605790496                                  1139.909105740987                                 1137.9411761507376
35                                                718.596133835002                                  882.0218191062021                                 1133.00951220963                                  1146.4859640254167                                1146.4466594692599                                1145.0216441206107                                1142.9224519877207
40                                                764.9443502731855                                 962.8793291072844                                 1146.9577819014644                                1154.750980724205                                 1153.2031981329715                                1151.550980968943                                 1149.3545296573725
45                                                837.2639666218223                                 1030.580723700069                                 1160.1450044177454                                1164.3490531056232                                1161.7987584641255                                1159.980952507558                                 1157.7001931376035
50                                                939.2147565826295                                 1085.4203430226125                                1174.4874639396494                                1176.3318641254973                                1173.0638434508605                                1171.1097583045494                                1168.7440727189696
55                                                1021.1907760606247                                1126.5173456001858                                1193.7416937578541                                1194.0689249934717                                1190.230951295512                                 1188.1403465372837                                1185.6677839018962
60                                                1087.4574506014005                                1163.4380924153106                                1215.376035243426                                 1214.3889620806817                                1210.002626901277                                 1207.769667363275                                 1205.1789144054665
65                                                1137.2773338810825                                1196.842254809268                                 1239.4156156425247                                1237.3855106144642                                1232.5107760092164                                1230.139587417595                                 1227.4270385887557
70                                                1179.0094780758009                                1227.9546534432998                                1263.4971337666461                                1260.5342323134496                                1255.1978423827977                                1252.6909884508523                                1249.8559305860517
75                                                1214.1616251572832                                1256.4755084130647                                1286.631480237188                                 1282.8292346200728                                1277.0589929272483                                1274.4211343396273                                1271.4657815078826
80                                                1244.4396882762967                                1282.6517224109762                                1308.5718192140594                                1304.0072049028868                                1297.8288192166979                                1295.0652235883276                                1291.9930837291745
85                                                1274.7177513953106                                1308.827936408888                                 1330.5121581909298                                1325.1851751857002                                1318.5986455061475                                1315.709312837028                                 1312.5203859504668
90                                                1300.078063484258                                 1330.884422504313                                 1348.7489711872327                                1342.854712063382                                 1335.9531888818478                                1332.960730750021                                 1329.672008804724
95                                                1324.9881452734567                                1352.5637389713702                                1366.6467187037738                                1360.2030445909481                                1352.9950560279904                                1349.9015425702928                                1346.514581216211
100                                               1345.7783828543843                                1369.9287537594128                                1380.8701489284872                                1374.0569852542899                                1366.6323720932346                                1363.462040953159                                 1359.9970058483232
105                                               1361.1215462492305                                1381.589591370186                                 1390.2355607767759                                1383.2907969133703                                1375.7683426292647                                1372.5532397375614                                1369.036793015236
110                                               1376.4647096440767                                1393.25042898096                                  1399.6009726250645                                1392.5246085724507                                1384.9043131652948                                1381.6444385219634                                1378.0765801821485
110.27428946038582                                1377.3064032457137                                1393.8901179521408                                1400.1147393774963                                1393.0311560159053                                1385.4054932509807                                1382.1431625237306                                1378.5724838509514
