% Model:              batchmodel_BILLETTA_r_0.0257427_COIL_kr_1.9397_COIL_kw_5.8583_FUNZ_freq_4639.7_FUNZ_I_eff_85.0125.mph
% Version:            COMSOL 5.6.0.280
% Date:               Jan 27 2022, 14:11
% Table:              Tabella delle sonde 1 - 
% Tempo (s)                                       Temperatura (degC), Punto: (0, 0.5)               Temperatura (degC), Punto: (0.5*BILLETTA_r, 0.5)  Temperatura (degC), Punto: (BILLETTA_r-10*FUNZ_depth_billetta, 0.5)Temperatura (degC), Punto: (BILLETTA_r-5*FUNZ_depth_billetta, 0.5)Temperatura (degC), Punto: (BILLETTA_r-2*FUNZ_depth_billetta, 0.5)Temperatura (degC), Punto: (BILLETTA_r-FUNZ_depth_billetta, 0.5)Temperatura (degC), Punto: (BILLETTA_r-0.01[mm], 0.5)
0                                                 20                                                20                                                20.000000000093053                                20.00052183627804                                 20.197049698760566                                20.394284337813474                                20.59125759374507
5                                                 55.486474797522305                                143.62636719411103                                517.6384218218941                                 631.5476398085011                                 693.2824437483171                                 705.6211603307137                                 710.0538020516145
10                                                210.54205971971862                                362.39044856233943                                916.3484764507976                                 1066.1010271376858                                1111.2115688789486                                1116.5498920402692                                1117.1777023986838
15                                                383.71494774236385                                544.4303987247655                                 1074.4317648736096                                1128.9233673591311                                1140.7637296880816                                1141.3737931052224                                1140.3938884770805
20                                                523.089821689184                                  673.2667006916666                                 1120.1300640926952                                1146.436977957978                                 1150.8124226198215                                1150.3682361302613                                1149.0191352823222
25                                                628.9834200484842                                 768.1184374874991                                 1143.952456107771                                 1159.1465399322897                                1160.595464484929                                 1159.726375331447                                 1158.213741766434
30                                                703.4320832716375                                 862.4346416720153                                 1163.1490850296736                                1172.589744763206                                 1172.4563464438388                                1171.3401559413355                                1169.7158077258978
35                                                759.6809210397688                                 952.082308605893                                  1183.0132608258455                                1189.006082683687                                 1187.8684877923738                                1186.5757869782738                                1184.8525896464912
40                                                845.6392653514043                                 1028.4171016041196                                1206.241302863863                                 1210.5725654619987                                1208.8692630126206                                1207.4492082196098                                1205.6302073337201
45                                                943.9554833640913                                 1095.0812692116324                                1233.792777525442                                 1236.8413917569678                                1234.637809997142                                 1233.0893353732827                                1231.1635949017987
50                                                1034.891860152863                                 1152.881287023229                                 1266.1105477138199                                1268.0149439816423                                1265.2992369407866                                1263.6076369966163                                1261.5570411307472
55                                                1111.2497944224142                                1205.3314697744686                                1301.0704181339397                                1301.8057104739328                                1298.5337148326857                                1296.6832038591092                                1294.492844173576
60                                                1176.886637516889                                 1254.4080591429324                                1335.6912160683428                                1335.2537444385107                                1331.4216867916675                                1329.4104234310112                                1327.0779759571105
65                                                1233.724597696984                                 1298.4911127666178                                1365.2980245339686                                1363.7782545340424                                1359.4693926251957                                1357.3212909075219                                1354.865123671691
69.0367661463089                                  1273.9715464230649                                1330.880126750968                                 1385.9864814344255                                1383.6509159397706                                1379.0104848769502                                1376.7672386365912                                1374.2229624243123
