% Model:              batchmodel_BILLETTA_r_0.0335556_COIL_kr_2.7711_COIL_kw_3.7744_FUNZ_freq_2540.9_FUNZ_I_eff_85.0125.mph
% Version:            COMSOL 5.6.0.280
% Date:               Jan 27 2022, 20:22
% Table:              Tabella delle sonde 1 - 
% Tempo (s)                                       Temperatura (degC), Punto: (0, 0.5)               Temperatura (degC), Punto: (0.5*BILLETTA_r, 0.5)  Temperatura (degC), Punto: (BILLETTA_r-10*FUNZ_depth_billetta, 0.5)Temperatura (degC), Punto: (BILLETTA_r-5*FUNZ_depth_billetta, 0.5)Temperatura (degC), Punto: (BILLETTA_r-2*FUNZ_depth_billetta, 0.5)Temperatura (degC), Punto: (BILLETTA_r-FUNZ_depth_billetta, 0.5)Temperatura (degC), Punto: (BILLETTA_r-0.01[mm], 0.5)
0                                                 20                                                20                                                20.000000000037232                                20.0001691560131                                  20.107003970378116                                20.216099711232175                                20.335819222665123
5                                                 25.188475904015093                                60.37974889846129                                 294.6275291737428                                 377.2771799886963                                 425.6156643618774                                 435.58629222041907                                439.3441251026478
10                                                73.27866709986864                                 173.7732308314629                                 554.4317960715046                                 672.3352911792992                                 733.1665231498955                                 744.9883424994184                                 749.0093565920225
15                                                162.47898276926134                                300.515474275654                                  775.3497016581929                                 950.692413669807                                  1029.121627482626                                 1041.113861128798                                 1044.126158959873
20                                                266.51878595849416                                420.94102572985605                                974.648592332138                                  1095.7320433824193                                1125.4533712823504                                1128.195592147897                                 1127.5114050720676
25                                                365.4630057939074                                 524.2585379528542                                 1053.0264798454473                                1118.4353444773405                                1132.3089397496901                                1132.8524688358111                                1131.4426026051833
30                                                453.5524078839909                                 608.78053712221                                   1091.2743736464126                                1133.2863326663278                                1141.5243698230165                                1141.2860632438387                                1139.5913090342392
35                                                529.1556446057606                                 677.249344238347                                  1112.9538188881074                                1139.3268169328448                                1142.6933952802283                                1141.7539064262814                                1139.8262189643165
40                                                593.8753772472152                                 734.0264171941566                                 1126.839722124566                                 1145.2148876011893                                1146.528486006278                                 1145.296254664212                                 1143.2603801233686
45                                                647.7684521594205                                 785.9504734964329                                 1138.1268153408382                                1151.220023110991                                 1151.1435846335366                                1149.706583920302                                 1147.5881288568285
50                                                691.0213422349972                                 839.9947011236026                                 1148.1301792823865                                1157.5247359379232                                1156.4340863774737                                1154.839976595017                                 1152.6517314441294
55                                                723.6569948892333                                 892.870312044891                                  1157.4573321462958                                1164.1857124545168                                1162.3387151193933                                1160.6205021027404                                1158.3708107731886
60                                                748.5256326688738                                 941.5454174729538                                 1166.623243862468                                 1171.3769684998847                                1168.9497665990061                                1167.1294165386644                                1164.822717377438
65                                                775.6517081595183                                 985.3940221499341                                 1176.217135507467                                 1179.4637551438955                                1176.5705059534707                                1174.6603874452926                                1172.296829743777
70                                                817.7015315406651                                 1025.5998210579537                                1186.6862533483004                                1188.756960849893                                 1185.470123066833                                 1183.4756666137514                                1181.0520201983059
75                                                877.5650462363391                                 1062.510711887433                                 1198.4109967228133                                1199.539051780473                                 1195.9037100676464                                1193.8258532531586                                1191.336558741346
80                                                937.3519353768103                                 1095.979841064087                                 1211.772117834808                                 1212.0785224124234                                1208.1142744973463                                1205.9516805839721                                1203.3916009616282
85                                                997.4759590781094                                 1125.9375455506597                                1226.8332647292164                                1226.4474914561579                                1222.1742094898623                                1219.9250759547267                                1217.288458640478
90                                                1043.348894981762                                 1153.320881134503                                 1243.9290513069368                                1242.8737643408003                                1238.271466655674                                 1235.9261284511663                                1233.203004680478
95                                                1089.2218308854144                                1180.7042167183467                                1261.0248378846577                                1259.3000372254423                                1254.3687238214861                                1251.9271809476054                                1249.1175507204775
100                                               1124.409232330675                                 1205.8727501048265                                1278.6057002080115                                1276.190268439419                                 1270.913063821141                                 1268.369598490604                                 1265.4678408444242
105                                               1159.3166829334896                                1230.9832577796856                                1296.199271054666                                 1293.0926549204687                                1287.4691169659322                                1284.82357937815                                  1281.829547049042
110                                               1189.2295226591395                                1254.2440712851449                                1313.4060891018057                                1309.652944735135                                 1303.6944678852951                                1300.9479297735093                                1297.8612698426355
115                                               1218.429505151938                                 1277.2408866735045                                1330.5577077475837                                1326.164408707516                                 1319.872619237141                                 1317.0252335647783                                1313.8458956616983
120                                               1241.4684802096458                                1295.863568247748                                 1343.7521254601584                                1338.896790316402                                 1332.3655527416267                                1329.4422120530517                                1326.190325684724
125                                               1262.7262784595969                                1313.2216667508274                                1355.8024973977344                                1350.53662108334                                  1343.7930720861063                                1340.8009729353207                                1337.4823576387807
130                                               1283.9840767095488                                1330.5797652539072                                1367.8528693353105                                1362.1764518502778                                1355.2205914305864                                1352.1597338175893                                1348.774389592838
135                                               1305.2418749595004                                1347.9378637569876                                1379.9032412728866                                1373.8162826172156                                1366.648110775066                                 1363.5184946998584                                1360.0664215468946
137.11502786797803                                1314.2340421016006                                1355.2804361708118                                1385.0006157663815                                1378.73999590734                                  1371.4820151501526                                1368.3233138621981                                1364.8430140006808
