% Model:              batchmodel_BILLETTA_r_0.0257427_COIL_kr_1.4848_COIL_kw_3.2356_FUNZ_freq_4639.7_FUNZ_I_eff_61.5962.mph
% Version:            COMSOL 5.6.0.280
% Date:               Jan 27 2022, 11:38
% Table:              Tabella delle sonde 1 - 
% Tempo (s)                                       Temperatura (degC), Punto: (0, 0.5)               Temperatura (degC), Punto: (0.5*BILLETTA_r, 0.5)  Temperatura (degC), Punto: (BILLETTA_r-10*FUNZ_depth_billetta, 0.5)Temperatura (degC), Punto: (BILLETTA_r-5*FUNZ_depth_billetta, 0.5)Temperatura (degC), Punto: (BILLETTA_r-2*FUNZ_depth_billetta, 0.5)Temperatura (degC), Punto: (BILLETTA_r-FUNZ_depth_billetta, 0.5)Temperatura (degC), Punto: (BILLETTA_r-0.01[mm], 0.5)
0                                                 20                                                20                                                20.00000000000614                                 20.000020959688754                                20.052924002482598                                20.173010112832685                                20.30089799344438
5                                                 38.42026632627545                                 91.90402421392679                                 287.2379483917334                                 339.9230384501617                                 372.10376462538375                                379.201836604773                                  381.9641637110915
10                                                141.8384891611188                                 238.96481319295492                                537.2638558038635                                 612.4229576012908                                 650.5417241261363                                 658.7695569747016                                 661.8005381468432
15                                                274.7732524386988                                 392.1551866025112                                 746.8365586336657                                 858.195387636738                                  914.7396522888295                                 924.7615866896368                                 927.7897865023807
20                                                403.2440268049612                                 528.1876093940791                                 950.2448370338046                                 1047.382753489398                                 1078.4766799489394                                1082.1826517337877                                1082.4073786564472
25                                                513.636153732051                                  636.2800472704955                                 1028.4158209057814                                1078.0969621975937                                1090.3516437694284                                1091.2451581973705                                1090.5015074022003
30                                                604.5635492855914                                 716.9006334412137                                 1063.0216289228033                                1092.3985448669782                                1098.7270826697377                                1098.7434146298292                                1097.6857772638482
35                                                674.5901669954383                                 781.8775676166653                                 1084.661813456658                                 1103.585963387974                                 1106.7991850553803                                1106.3389204317054                                1105.1013999969427
40                                                723.2565869268672                                 845.8498029908552                                 1100.2121105882889                                1113.052240702641                                 1114.4247279901888                                1113.674867615809                                 1112.321386479186
45                                                757.691739027816                                  905.2883948873997                                 1112.9728393993173                                1121.6025456115217                                1121.693994401313                                 1120.7382029575388                                1119.2976860529216
50                                                800.0122470900027                                 957.3378140143699                                 1124.6479709403352                                1130.1990209397018                                1129.3335289042489                                1128.2184430391271                                1126.705474552768
55                                                865.8254173652896                                 1003.7750284342175                                1136.04828176603                                  1139.334832409083                                 1137.7405239681334                                1136.4976510381157                                1134.9207215194792
60                                                937.3812259524753                                 1045.6495822149627                                1147.8945516428043                                1149.443827484392                                 1147.2677791925198                                1145.9161962655048                                1144.2786656166786
65                                                999.3084761516199                                 1082.391653896737                                 1160.6059366909158                                1160.8222259043532                                1158.1731651800787                                1156.725659131133                                 1155.0280597874416
70                                                1043.5702711963659                                1110.7718367176813                                1174.454139348109                                 1173.7729363191074                                1170.7667639442548                                1169.2361811208066                                1167.477832521654
75                                                1084.861794269203                                 1137.9719729811695                                1188.5242216101778                                1186.9944494142537                                1183.6444969378808                                1182.0321628517795                                1180.212640329737
80                                                1116.7282379901048                                1161.4944830724921                                1203.4649390941918                                1201.254195909261                                 1197.6073794983026                                1195.9179554430361                                1194.035537275941
85                                                1146.0847126258464                                1183.866330825393                                 1218.4369771079055                                1215.611313434727                                 1211.6899339936176                                1209.9275978926053                                1207.9846408909711
90                                                1171.4998198797607                                1204.4313105037163                                1233.4581972868                                   1230.1213312511386                                1225.9604075607226                                1224.1317199454024                                1222.1319249739681
95                                                1193.0640172342446                                1222.6425657343302                                1247.5687722474386                                1243.8110316069628                                1239.4415234948488                                1237.5522499318236                                1235.4987764582625
100                                               1212.3279393615703                                1239.447863884665                                 1261.1353888473286                                1257.010729344634                                 1252.4511301348275                                1250.5047145867893                                1248.399449865129
105                                               1231.591861488896                                 1256.253162035                                    1274.702005447219                                 1270.2104270823052                                1265.4607367748058                                1263.457179241755                                 1261.3001232719957
110                                               1250.5465940947056                                1272.8395067522397                                1288.1380001102762                                1283.2856233697494                                1278.34816304052                                  1276.2879721579816                                1274.0794759549372
115                                               1266.718836012803                                 1287.455422828682                                 1300.3984881744373                                1295.2403931816625                                1290.136050900323                                 1288.023804034326                                 1285.767026487235
120                                               1282.8910779309003                                1302.0713389051239                                1312.6589762385988                                1307.1951629935757                                1301.9239387601256                                1299.759635910671                                 1297.4545770195323
125                                               1299.0633198489977                                1316.6872549815657                                1324.9194643027604                                1319.1499328054888                                1313.7118266199286                                1311.495467787015                                 1309.1421275518296
130                                               1313.2204989763422                                1329.5773100452739                                1335.8501766617023                                1329.821471304639                                 1324.2367545445131                                1321.9734590433795                                1319.5759008367377
135                                               1325.8819971212793                                1341.1863442361478                                1345.7938625903557                                1339.5405309632602                                1333.824250064848                                 1331.5178177088205                                1329.07905757029
140                                               1338.5434952662163                                1352.7953784270217                                1355.7375485190082                                1349.2595906218803                                1343.4117455851829                                1341.062176374262                                 1338.5822143038422
145                                               1351.1067669860422                                1364.313732441376                                 1365.6073892594545                                1358.9071030132409                                1352.9288385688264                                1350.5364581689637                                1348.0155772601843
150                                               1361.1181962156625                                1373.4762893553225                                1373.5587921788033                                1366.6958756973795                                1360.6169310127257                                1358.1901999599859                                1355.6357547520684
155                                               1369.9828820768375                                1381.5802015007675                                1380.6480902239045                                1373.6493705612356                                1367.483109781354                                 1365.0258300594664                                1362.4411255248433
160                                               1377.7008245695674                                1388.6254688777117                                1386.8752833947588                                1379.7675876048102                                1373.5273748747127                                1371.0433484674058                                1368.4316895785082
165                                               1384.2720236938526                                1394.6120914861544                                1392.2403716913655                                1385.0505268281022                                1378.7497262928005                                1376.2427551838032                                1373.607446913064
169.7603313898712                                 1389.462631531584                                 1399.328009205009                                 1396.547181901713                                 1389.304054668603                                 1382.9579891353123                                1380.4327061362578                                1377.7779532263803
