% Model:              batchmodel_BILLETTA_r_0.0257427_COIL_kr_2.7711_COIL_kw_4.5299_FUNZ_freq_6066_FUNZ_I_eff_85.0125.mph
% Version:            COMSOL 5.6.0.280
% Date:               Jan 27 2022, 15:39
% Table:              Tabella delle sonde 1 - 
% Tempo (s)                                       Temperatura (degC), Punto: (0, 0.5)               Temperatura (degC), Punto: (0.5*BILLETTA_r, 0.5)  Temperatura (degC), Punto: (BILLETTA_r-10*FUNZ_depth_billetta, 0.5)Temperatura (degC), Punto: (BILLETTA_r-5*FUNZ_depth_billetta, 0.5)Temperatura (degC), Punto: (BILLETTA_r-2*FUNZ_depth_billetta, 0.5)Temperatura (degC), Punto: (BILLETTA_r-FUNZ_depth_billetta, 0.5)Temperatura (degC), Punto: (BILLETTA_r-0.01[mm], 0.5)
0                                                 20                                                19.999999999999943                                20.000000000168654                                20.0009687946                                     20.25995344453156                                 20.518787716801114                                20.76616993277696
5                                                 61.081685765276575                                162.25106686268487                                638.4873707178874                                 778.0701334366123                                 856.0086893490976                                 870.4420952014412                                 875.2714563688259
10                                                232.9796125771785                                 397.9518540408858                                 1030.414839455992                                 1115.3077483680486                                1135.7826692972876                                1137.7502803846255                                1137.3835371600053
15                                                410.03115451037047                                575.6889445737945                                 1111.4875215838524                                1144.8624583686756                                1151.4934604903265                                1151.4996175990696                                1150.4559655198973
20                                                546.8080357391816                                 696.5815359160562                                 1142.5409486020799                                1160.6345720513377                                1163.2489550855885                                1162.6777127880187                                1161.4193555781744
25                                                648.5436164536544                                 794.4999910304188                                 1166.3930948614725                                1177.227273225561                                 1177.8503017139324                                1176.9725876787288                                1175.5806752359722
30                                                717.5390760829456                                 892.8947064446523                                 1189.850153432932                                 1197.0282124053815                                1196.585521176667                                 1195.5200897944865                                1194.0229086884533
35                                                772.8444769776528                                 984.0232563369476                                 1216.168340859334                                 1221.4695898837494                                1220.4110210577192                                1219.213178160131                                 1217.6207286740937
40                                                871.8326991675727                                 1062.2733166447588                                1249.2248752545293                                1253.4749417387243                                1251.970569768197                                 1250.6484336522512                                1248.9470726609115
45                                                981.3928626474295                                 1132.3009786495077                                1287.7467305211298                                1290.9686875650887                                1288.9698188870998                                1287.501586802381                                 1285.668887674019
50                                                1066.6389675076994                                1192.387321502862                                 1328.443406328542                                 1330.4479649773198                                1327.864392120542                                 1326.2276679892584                                1324.2462904004897
55                                                1147.1547829020315                                1249.6537975406195                                1365.4085156924361                                1366.1851226891577                                1363.049492509209                                 1361.2576239166356                                1359.1398023321149
60                                                1213.9353009116185                                1298.7322526176094                                1391.538310392877                                 1391.056322344025                                 1387.4634312109424                                1385.5551754158969                                1383.3364349364851
61.206739452844516                                1230.052638064331                                 1310.5772342228215                                1397.8446812248271                                1397.0589339166454                                1393.3556838170844                                1391.4193382162325                                1389.1762411744203
