% Model:              batchmodel_BILLETTA_r_0.0257427_COIL_kr_2.4069_COIL_kw_5.3284_FUNZ_freq_4639.7_FUNZ_I_eff_85.0125.mph
% Version:            COMSOL 5.6.0.280
% Date:               Jan 27 2022, 14:53
% Table:              Tabella delle sonde 1 - 
% Tempo (s)                                       Temperatura (degC), Punto: (0, 0.5)               Temperatura (degC), Punto: (0.5*BILLETTA_r, 0.5)  Temperatura (degC), Punto: (BILLETTA_r-10*FUNZ_depth_billetta, 0.5)Temperatura (degC), Punto: (BILLETTA_r-5*FUNZ_depth_billetta, 0.5)Temperatura (degC), Punto: (BILLETTA_r-2*FUNZ_depth_billetta, 0.5)Temperatura (degC), Punto: (BILLETTA_r-FUNZ_depth_billetta, 0.5)Temperatura (degC), Punto: (BILLETTA_r-0.01[mm], 0.5)
0                                                 20                                                20                                                20.00000000009726                                 20.000550151125935                                20.197555528383248                                20.395980112404686                                20.59469854861709
5                                                 50.19117689419954                                 140.2901811801588                                 513.848034993582                                  629.6779673862521                                 690.1789254940767                                 701.7968854759374                                 705.9077379388308
10                                                210.02046458498654                                359.64602954610075                                901.1408893378774                                 1048.6472918207                                   1095.504681280217                                 1101.5133863893675                                1102.4627363149311
15                                                375.42975086197964                                531.7681487888069                                 1062.2295281844072                                1125.5956151712026                                1139.7344161303313                                1140.65968381199                                  1139.7845829262747
20                                                506.9375279576915                                 654.9366172491351                                 1110.8198284004552                                1141.800996668399                                 1147.4919443492554                                1147.2403285085093                                1145.962791625157
25                                                611.4192073861134                                 749.4987110768313                                 1138.2097709372879                                1155.4476970784326                                1157.4580918793004                                1156.6744028436478                                1155.1978086550366
30                                                690.7301319000644                                 842.7167741421187                                 1159.0540514978952                                1169.4213425929984                                1169.5490313016985                                1168.4760346012995                                1166.8734758314085
35                                                743.0723564858798                                 934.0512746478661                                 1178.4250823469397                                1185.0604087851557                                1184.116232487821                                 1182.8595500494494                                1181.1582609213888
40                                                801.023870566186                                  1013.40950997533                                  1199.4339174031747                                1203.9239804161925                                1202.3009135798134                                1200.9063703657398                                1199.1116422752802
45                                                899.0176535239783                                 1080.8570600067774                                1224.4248658906586                                1227.581113699814                                 1225.465721650086                                 1223.9505117221574                                1222.058393265262
50                                                1009.3307305197058                                1139.4854496474009                                1254.8361562648665                                1256.9507580761729                                1254.3708522946358                                1252.7247649798223                                1250.7177032309341
55                                                1084.8982149230933                                1190.1659392300066                                1290.3373205520897                                1291.345494695846                                 1288.2195626992484                                1286.4142714330392                                1284.2656368992061
60                                                1154.0797136257188                                1239.1968301660295                                1325.530946984035                                 1325.4299116320194                                1321.7581416939774                                1319.7932096397649                                1317.5020115300827
65                                                1213.3320551471807                                1285.1681480354614                                1359.7755451378307                                1358.5758329222394                                1354.3673846709994                                1352.2441439443055                                1349.810038246645
70                                                1262.973020052485                                 1324.378536747939                                 1384.5767687709595                                1382.4445549055654                                1377.854173778875                                 1375.620388953214                                 1373.082745878764
71.71489658073394                                 1279.9496480682942                                1337.792282992959                                 1393.0347392368017                                1390.5835471671198                                1385.862963034136                                 1383.5915083537116                                1381.0185556184306
