% Model:              batchmodel_BILLETTA_r_0.0335556_COIL_kr_1.4848_COIL_kw_5.3284_FUNZ_freq_8940.8_FUNZ_I_eff_85.0125.mph
% Version:            COMSOL 5.6.0.280
% Date:               Jan 27 2022, 16:53
% Table:              Tabella delle sonde 1 - 
% Tempo (s)                                       Temperatura (degC), Punto: (0, 0.5)               Temperatura (degC), Punto: (0.5*BILLETTA_r, 0.5)  Temperatura (degC), Punto: (BILLETTA_r-10*FUNZ_depth_billetta, 0.5)Temperatura (degC), Punto: (BILLETTA_r-5*FUNZ_depth_billetta, 0.5)Temperatura (degC), Punto: (BILLETTA_r-2*FUNZ_depth_billetta, 0.5)Temperatura (degC), Punto: (BILLETTA_r-FUNZ_depth_billetta, 0.5)Temperatura (degC), Punto: (BILLETTA_r-0.01[mm], 0.5)
0                                                 20                                                20.000000000000057                                20.000000000626187                                20.002308692720135                                20.38822794752798                                 20.76297427914659                                 21.09586022389385
5                                                 30.7430906271029                                  101.75408091221914                                813.8306807065657                                 983.3362353726685                                 1050.1791743167014                                1060.3288489365896                                1063.176957854284
10                                                117.69301259892154                                273.08561307910645                                1080.5202905269703                                1139.4668135014908                                1153.8110224785091                                1155.0873858449509                                1154.655265236007
15                                                238.9868941607399                                 414.04983628341256                                1131.9253506512532                                1160.469520122222                                 1166.4473909844946                                1166.5205687244647                                1165.6697715878454
20                                                347.6064906753418                                 520.2658099680934                                 1153.616378746738                                 1171.8661103576392                                1175.0643566788099                                1174.7359987301184                                1173.7377617278685
25                                                438.99978064864126                                604.2864242126526                                 1174.8948472602456                                1187.9280372674912                                1189.6648645104733                                1189.106874076058                                 1188.0057037911224
30                                                518.8969094240483                                 676.2966394254199                                 1197.6533771571203                                1207.4376557987084                                1208.2255481011885                                1207.5040288513737                                1206.3153465133514
35                                                588.2586342245194                                 740.3352367349656                                 1223.5088184924762                                1231.4933122045159                                1231.7050931841732                                1230.8658882859595                                1229.5975583703125
40                                                646.1887891390704                                 802.2344333993748                                 1253.0090075547905                                1260.036891555732                                 1259.8788307476657                                1258.942461592405                                 1257.5923849103679
45                                                692.9811812411364                                 870.7826797567772                                 1286.9347619633277                                1293.2223917009078                                1292.7141210358254                                1291.6725245384168                                1290.2270949267695
50                                                729.9336157082464                                 940.6899643925927                                 1324.2443199573136                                1329.8581164813622                                1328.9829610052207                                1327.8247730656053                                1326.2711795277341
55                                                763.3971189349041                                 1008.635447571795                                 1361.9819801356202                                1366.698372692627                                 1365.3818346348817                                1364.093868082598                                 1362.4247513181167
60                                                812.2401953246487                                 1072.4930183540464                                1392.115610576357                                 1395.4094884015526                                1393.564191168443                                 1392.1500449597775                                1390.3809423467333
60.15721223137137                                 813.9505656931209                                 1074.4462353993813                                1392.971922038757                                 1396.2139869511007                                1394.350764972518                                 1392.932652513633                                 1391.1605701299045
