% Model:              batchmodel_BILLETTA_r_0.0542379_COIL_kr_1.9397_COIL_kw_3.7744_FUNZ_freq_2540.9_FUNZ_I_eff_85.0125.mph
% Version:            COMSOL 5.6.0.401
% Date:               Jan 28 2022, 00:42
% Table:              Tabella delle sonde 1 - 
% Tempo (s)                                       Temperatura (degC), Punto: (0, 0.5)               Temperatura (degC), Punto: (0.5*BILLETTA_r, 0.5)  Temperatura (degC), Punto: (BILLETTA_r-10*FUNZ_depth_billetta, 0.5)Temperatura (degC), Punto: (BILLETTA_r-5*FUNZ_depth_billetta, 0.5)Temperatura (degC), Punto: (BILLETTA_r-2*FUNZ_depth_billetta, 0.5)Temperatura (degC), Punto: (BILLETTA_r-FUNZ_depth_billetta, 0.5)Temperatura (degC), Punto: (BILLETTA_r-0.01[mm], 0.5)
0                                                 20                                                20                                                20.000000000033367                                20.000149787215662                                20.10638390777052                                 20.215874950104933                                20.336353565174818
5                                                 20.094842849461372                                25.338943318532245                                280.1070680052122                                 362.03452485538446                                412.171551356549                                  422.71587672893713                                426.7142454577587
10                                                22.771089501313327                                57.842270660053316                                515.8362599508922                                 632.7547640655976                                 694.211368062438                                  706.0383382252052                                 710.1513710794833
15                                                35.97479561589449                                 113.06613459295733                                713.6210910019299                                 875.0724976831583                                 950.7022308083025                                 963.5570608407037                                 967.2189471142243
20                                                62.515439288867356                                175.85319709109035                                886.3557672695839                                 1040.8110648086404                                1091.3198766513474                                1097.619167373999                                 1098.287472398261
25                                                98.29291529480503                                 238.7260653388728                                 1002.2299732965702                                1110.2122882027552                                1135.236171309332                                 1137.2326956912138                                1136.277196108881
30                                                142.10688485527868                                296.15297274912723                                1041.1637899922348                                1116.671399132963                                 1133.6310487274923                                1134.6180745864963                                1133.351252363826
35                                                186.70153335615947                                351.19158516610514                                1081.1579250778004                                1137.7612460218884                                1149.4130660041533                                1149.6236878877958                                1148.049304485311
40                                                230.19153600706932                                397.63844195421734                                1094.5881197749582                                1139.1579483391338                                1147.631877142387                                 1147.406694422556                                 1145.6967632759606
45                                                273.18413065647405                                442.5415700507659                                 1105.1519378592347                                1138.7611313113684                                1144.3811580257102                                1143.770951571982                                 1141.9473596559997
50                                                313.8182882187822                                 482.6706366715183                                 1114.6412535956883                                1142.0061763269491                                1145.9377029450675                                1145.0876571633198                                1143.1805546083751
55                                                352.18526756183735                                519.3535732444176                                 1122.8958109645273                                1145.5088411389938                                1148.1499393950012                                1147.1132003518337                                1145.1375100266027
60                                                388.59044705737097                                553.4281892187829                                 1130.3450027607405                                1149.134039764308                                 1150.7304223856909                                1149.5398645000678                                1147.5049454788436
65                                                423.01306357085787                                585.0815191379612                                 1137.1340468248045                                1152.827820868888                                 1153.5709994045073                                1152.252292562598                                 1150.1655463740708
70                                                455.44872029166413                                614.4740851490859                                 1143.626365876286                                 1156.7756555115152                                1156.8062970401893                                1155.3775060073476                                1153.2433409954033
75                                                486.2168122200493                                 641.9692950531899                                 1149.869657148828                                 1160.9367057093818                                1160.372865699046                                 1158.849151409478                                 1156.6712672962158
80                                                515.302151762732                                  667.6071652565663                                 1155.8774023069777                                1165.2682415948252                                1164.2147821668455                                1162.6097369962308                                1160.3915216858395
85                                                542.656154996714                                  691.5157051130336                                 1161.6927281411395                                1169.6335736633382                                1168.1531524553338                                1166.4753510833143                                1164.2191949988733
90                                                568.3057944915163                                 713.6238470557482                                 1167.2916917442653                                1174.1085884826484                                1172.2872939978765                                1170.5480968024667                                1168.2569441434266
95                                                592.2908305278964                                 734.8339560114549                                 1172.8591988283665                                1178.7377144641755                                1176.623853012491                                 1174.829326865632                                 1172.5043459283006
100                                               614.641978290714                                  755.8431172372722                                 1178.5380907672406                                1183.5552729669175                                1181.1679637641046                                1179.3200862553058                                1176.9610734343782
105                                               635.3346681591094                                 776.0937198787448                                 1184.2141062138262                                1188.5338097273943                                1185.915519263187                                 1184.0195390714657                                1181.6273881700563
110                                               654.4905650459068                                 797.3677514126931                                 1190.1951936536893                                1193.8806371857836                                1191.045665342896                                 1189.1022644708455                                1186.6756215907335
115                                               672.0997601737673                                 819.520081113102                                  1196.4562727830312                                1199.578871157798                                 1196.543811796978                                 1194.554044171838                                 1192.0917384747459
120                                               688.1307571520111                                 842.1736443566359                                 1202.943625952028                                 1205.5926932439684                                1202.3791844431853                                1200.3449680104413                                1197.8462995263476
125                                               702.3411431428673                                 864.4682328913585                                 1209.8740107366052                                1212.0790289493384                                1208.6930633176817                                1206.6152544882134                                1204.0804568982135
130                                               714.8462427333584                                 886.8130790100805                                 1217.14430768914                                  1218.963223114435                                 1215.4182363785012                                1213.2981965737367                                1210.7270593871958
135                                               725.9572764752343                                 908.9744394390697                                 1224.7661326886587                                1226.2449982099965                                1222.5503570614533                                1220.3885221895844                                1217.7802175835209
140                                               736.5507426829639                                 930.2940170822848                                 1232.7721998291659                                1233.92357262335                                  1230.0771840278276                                1227.8713834507003                                1225.2233449934279
145                                               746.1302164563291                                 951.1446535810868                                 1241.1439807340698                                1241.9993890387386                                1238.0056504402414                                1235.7551897969383                                1233.06583575764
150                                               756.3908857433236                                 971.4974457334428                                 1249.832298729731                                 1250.4023245658987                                1246.2598788522478                                1243.9632411424518                                1241.23064632659
155                                               768.460863478714                                  991.333159049096                                  1258.8044277448662                                1259.0857138544638                                1254.7893743739469                                1252.4444951476326                                1249.6665057925843
160                                               781.380938906747                                  1010.6681482114897                                1268.088194071152                                 1268.0892354726097                                1263.6370717506197                                1261.242352042761                                 1258.4170087325501
165                                               798.3200020845987                                 1029.5890526446256                                1277.5186532275898                                1277.2275316165164                                1272.6135270360564                                1270.1673809366325                                1267.2933704159846
170                                               818.8620021459341                                 1048.084497259195                                 1287.1174611545798                                1286.5249383387027                                1281.7436127618116                                1279.2444526467798                                1276.3203768244966
175                                               842.430570939268                                  1066.151933275939                                 1296.901386880042                                 1296.0011989964005                                1291.0477324800222                                1288.4939977700337                                1285.5183976439898
180                                               868.3619293504747                                 1084.0353963094149                                1306.642357850255                                 1305.4178588484401                                1300.2866398456495                                1297.67735114292                                  1294.649756062263
185                                               896.9757484346704                                 1101.6173606334728                                1316.450212100703                                 1314.8897559141028                                1309.575554108475                                 1306.9094521225293                                1303.828915453828
190                                               926.7295320973736                                 1118.9068050805154                                1326.2076585063983                                1324.3024926735006                                1318.8027203140105                                1316.0793539921237                                1312.9456215605865
195                                               953.7858111316676                                 1135.9260674658476                                1335.6228966005551                                1333.371467459573                                 1327.6901110506406                                1324.9110400988193                                1321.7255804495485
200                                               980.3649513516797                                 1152.6622230938456                                1344.8647625994554                                1342.2613512515795                                1336.39859342292                                  1333.5642141189583                                1330.3274990285722
205                                               1006.4669527574096                                1169.1152719645102                                1353.9332565031                                   1350.972144049521                                 1344.9281674308509                                1342.0388760525402                                1338.7513772976586
210                                               1032.091815348857                                 1185.28521407784                                  1362.828378311489                                 1359.5038458533968                                1353.278833074432                                 1350.3350258995656                                1346.9972152568075
215                                               1055.8287992250753                                1200.5381722675452                                1370.6637286228015                                1367.0014950212612                                1360.6146499232268                                1357.6224950687656                                1354.2400590277311
220                                               1076.3882538216894                                1214.3399884287378                                1376.5456292852973                                1372.610934726512                                 1366.102971277534                                 1363.0749391856875                                1359.6591832259155
225                                               1096.9477084183031                                1228.14180458993                                  1382.4275299477927                                1378.2203744317626                                1371.591292631841                                 1368.5273833026085                                1365.0783074241008
230                                               1117.5071630149173                                1241.9436207511226                                1388.3094306102885                                1383.8298141370137                                1377.0796139861482                                1373.97982741953                                  1370.4974316222851
235                                               1138.0666176115315                                1255.7454369123152                                1394.1913312727843                                1389.439253842264                                 1382.5679353404553                                1379.4322715364515                                1375.91655582047
238.40621215544664                                1152.0725904427995                                1265.1478197074139                                1398.1983315795287                                1393.2606421841178                                1386.3068127224633                                1383.1467078220417                                1379.6082931636165
