% Model:              batchmodel_BILLETTA_r_0.0335556_COIL_kr_1.9397_COIL_kw_5.3284_FUNZ_freq_2540.9_FUNZ_I_eff_85.0125.mph
% Version:            COMSOL 5.6.0.280
% Date:               Jan 27 2022, 18:46
% Table:              Tabella delle sonde 1 - 
% Tempo (s)                                       Temperatura (degC), Punto: (0, 0.5)               Temperatura (degC), Punto: (0.5*BILLETTA_r, 0.5)  Temperatura (degC), Punto: (BILLETTA_r-10*FUNZ_depth_billetta, 0.5)Temperatura (degC), Punto: (BILLETTA_r-5*FUNZ_depth_billetta, 0.5)Temperatura (degC), Punto: (BILLETTA_r-2*FUNZ_depth_billetta, 0.5)Temperatura (degC), Punto: (BILLETTA_r-FUNZ_depth_billetta, 0.5)Temperatura (degC), Punto: (BILLETTA_r-0.01[mm], 0.5)
0                                                 20                                                20                                                20.00000000003564                                 20.00015757269523                                 20.106734278704266                                20.215180150806873                                20.333855640853244
5                                                 25.87260317922744                                 60.475584349200574                                284.7960087796761                                 361.9608295684875                                 407.34337308782983                                416.9720591750357                                 420.65169638059297
10                                                73.83683669383538                                 172.18133663850267                                545.8600101356608                                 660.5267061512897                                 722.2088310289532                                 734.4740565978038                                 738.7269754253988
15                                                161.4626611421557                                 297.69995803350764                                764.2810427003025                                 929.8065113941344                                 1005.0014278705193                                1016.864241342831                                 1019.9283117432916
20                                                263.46812022882887                                416.6428935522331                                 961.11333492961                                   1086.2714791590593                                1118.3588725824975                                1121.4312425228613                                1120.8846697717695
25                                                361.9733387568332                                 519.8086126521227                                 1048.999775560732                                 1117.1035221714073                                1131.5989068196532                                1132.2297627910089                                1130.850721185669
30                                                449.8087344196615                                 604.5750789844467                                 1088.4055565960498                                1129.823384528413                                 1137.2163159128932                                1136.850584638229                                 1135.128367499247
35                                                525.5704144879938                                 673.5314535080859                                 1111.1432451977407                                1138.335114826431                                 1141.9652328341786                                1141.0655360021492                                1139.153417768799
40                                                590.6121341000068                                 730.7041251094452                                 1125.8021133892325                                1144.7082428497893                                1146.1838538637767                                1144.9760376907934                                1142.9493658313131
45                                                644.9400514013108                                 782.4821114820439                                 1137.4235905777173                                1150.8321141438942                                1150.8407297268818                                1149.4164088276257                                1147.3031330884937
50                                                688.7522030263784                                 836.5622528330254                                 1147.5329899867334                                1157.1401497654633                                1156.1069210868827                                1154.521744574764                                 1152.3375615674709
55                                                721.9378382749169                                 889.652266481164                                  1156.8900464882186                                1163.7704403576513                                1161.966725078959                                 1160.2557158756326                                1158.0096989551703
60                                                746.9490097561691                                 938.6249245992846                                 1166.0378541378432                                1170.90564537537                                  1168.5125157977209                                1166.6983242484393                                1164.3952067045934
65                                                773.4773986750521                                 982.7511188145171                                 1175.5869519095609                                1178.92092381147                                  1176.0552957041577                                1174.1507071767196                                1171.7908274379042
70                                                815.1913138772517                                 1023.4952766009277                                1186.0562332694676                                1188.1831570160343                                1184.916254239587                                 1182.9264113581762                                1180.506307598925
75                                                875.43405333762                                   1060.9206552740775                                1197.774575805528                                 1198.9396516927022                                1195.3191543754697                                1193.245142139016                                 1190.7590766111025
80                                                935.1616331311533                                 1094.9585951140198                                1211.1432871290513                                1211.470225434903                                 1207.5163245626072                                1205.356909623254                                 1202.7998315121586
85                                                995.147898188064                                  1125.6114400616439                                1226.14475943126                                  1225.7625529706593                                1221.4966516243876                                1219.250709527013                                 1216.6175468723459
90                                                1041.5982488912082                                1152.841445802625                                 1243.2644455429831                                1242.2131100169163                                1237.618087962399                                 1235.2758274009411                                1232.5559582088167
95                                                1086.65125799235                                  1179.9107043952058                                1260.5094026800152                                1258.7858262103127                                1253.8587396781145                                1251.4192230843382                                1248.6118452601308
100                                               1123.2116897090968                                1205.223154312489                                 1278.033174040564                                 1275.62839594435                                  1270.3592096284115                                1267.818638389066                                 1264.91978241681
105                                               1157.4774684123495                                1230.0609230890013                                1295.6322796452696                                1292.5438787897087                                1286.9298811992485                                1284.2872289475486                                1281.2958222833781
110                                               1187.8509986508816                                1253.4405245455173                                1312.8633897946688                                1309.1279448164846                                1303.1791297597779                                1300.4355638519128                                1297.3516350356472
115                                               1216.2835647804845                                1276.0929754980043                                1329.910990084029                                 1325.5467418076896                                1319.2680929396465                                1316.4241955060957                                1313.2477587698086
120                                               1240.6180622244233                                1295.612942233421                                 1343.9701889461044                                1339.1080936051467                                1332.5699680541297                                1329.6447376372248                                1326.3913631711516
125                                               1261.561908408542                                 1312.541160910996                                 1355.5568506592244                                1350.3052585406458                                1343.5658682362773                                1340.5750238091323                                1337.2575940438005
130                                               1282.5057545926607                                1329.4693795885714                                1367.143512372345                                 1361.5024234761445                                1354.5617684184253                                1351.5053099810393                                1348.123824916449
135                                               1303.4496007767793                                1346.3975982661468                                1378.7301740854655                                1372.6995884116432                                1365.557668600573                                 1362.4355961529473                                1358.9900557890974
138.46408108326426                                1317.9598370522194                                1358.1257426850166                                1386.7576012171858                                1380.4571658594937                                1373.1758065634613                                1370.008275665501                                 1366.5183567515624
