% Model:              batchmodel_BILLETTA_r_0.0335556_COIL_kr_1.6756_COIL_kw_5.3284_FUNZ_freq_4639.7_FUNZ_I_eff_61.5962.mph
% Version:            COMSOL 5.6.0.280
% Date:               Jan 27 2022, 17:46
% Table:              Tabella delle sonde 1 - 
% Tempo (s)                                       Temperatura (degC), Punto: (0, 0.5)               Temperatura (degC), Punto: (0.5*BILLETTA_r, 0.5)  Temperatura (degC), Punto: (BILLETTA_r-10*FUNZ_depth_billetta, 0.5)Temperatura (degC), Punto: (BILLETTA_r-5*FUNZ_depth_billetta, 0.5)Temperatura (degC), Punto: (BILLETTA_r-2*FUNZ_depth_billetta, 0.5)Temperatura (degC), Punto: (BILLETTA_r-FUNZ_depth_billetta, 0.5)Temperatura (degC), Punto: (BILLETTA_r-0.01[mm], 0.5)
0                                                 20                                                20                                                20.000000000012562                                20.000051603828922                                20.106646725469204                                20.25339177297883                                 20.412421436334512
5                                                 24.750367104198574                                53.17317064794423                                 260.50420054577                                   308.98117236064354                                339.29888932935876                                346.2286181968059                                 348.95358110151153
10                                                63.856936486153415                                145.7913441112737                                 493.16547500736806                                567.8149062557096                                 608.7968364183894                                 617.0279853857211                                 620.0329295806134
15                                                139.54848375374178                                257.421863735997                                  699.832815251358                                  798.8366506706972                                 850.9516587913425                                 861.2560526586041                                 864.621074449177
20                                                232.225449427858                                  368.26226838763716                                889.5035578096589                                 1007.9572967410692                                1054.104961504046                                 1061.0248156153893                                1062.5235357063193
25                                                325.0432228911378                                 468.18519511787645                                995.1830703610848                                 1066.3305483986187                                1085.5533123674318                                1087.4768104232735                                1087.0894228057505
30                                                410.4070815005424                                 551.9176412939538                                 1035.0852631834991                                1080.542277034594                                 1091.8702724405603                                1092.6479285587325                                1091.8645220433796
35                                                484.60740593445234                                619.8741615095736                                 1060.4813316938848                                1091.7459488200507                                1098.7298250395384                                1098.849087085443                                 1097.8268030342147
40                                                548.8141798071616                                 675.0222016906712                                 1076.9526534484698                                1100.1556699821094                                1104.6968306109866                                1104.4400480933236                                1103.2763058582495
45                                                603.5074335228667                                 719.7340364968223                                 1089.3124153431486                                1107.0525356520675                                1109.9504455070582                                1109.439710136875                                 1108.1779660955149
50                                                649.7694239573275                                 761.7452257073429                                 1100.4762030342663                                1113.8229391586983                                1115.3856169951864                                1114.6650879192239                                1113.3195560512809
55                                                687.571018601779                                  800.8492578676995                                 1110.3616352608628                                1120.4289821225025                                1120.9786885676845                                1120.0947639112674                                1118.6804904636783
60                                                718.046297665199                                  840.1160819964292                                 1119.3030430894987                                1126.7829528911948                                1126.5251682016224                                1125.5083771574332                                1124.0356711856143
65                                                740.9073612922073                                 878.7663547353942                                 1127.215552571267                                 1132.9071181191139                                1132.0769686482872                                1130.9618689277822                                1129.4422420800015
70                                                766.60098372906                                   914.8718798176791                                 1135.0573377670858                                1139.2255864521112                                1137.9014684202016                                1136.6992281574808                                1135.1356919021318
75                                                793.9513463410107                                 948.6343380713068                                 1142.7194753936665                                1145.6912489105557                                1143.9696658408543                                1142.69414811477                                  1141.090688491341
80                                                833.6516123193004                                 978.3987809005033                                 1150.5627572211488                                1152.6495712904484                                1150.618031445817                                 1149.2807694184812                                1147.6396089573946
85                                                876.5392109711989                                 1007.4480440547244                                1158.4990348368692                                1159.7220379266637                                1157.385619266894                                 1155.9870529535578                                1154.3079983135663
90                                                917.0925347190238                                 1033.9034728222146                                1167.2782913762808                                1167.7951169957278                                1165.193867108344                                 1163.7374661661283                                1162.018755280781
95                                                956.7133690180539                                 1059.3227240626597                                1176.3942987202036                                1176.2679178517733                                1173.4178348322662                                1171.9049853098545                                1170.145914273895
100                                               991.8132235236811                                 1082.5358733563453                                1186.322472337365                                 1185.6394574298474                                1182.5602711293172                                1180.9915728013507                                1179.1895827407052
105                                               1024.358990595943                                 1104.5027049232476                                1196.709472086709                                 1195.5187314771533                                1192.2215880999752                                1190.5973798038185                                1188.7510251052759
110                                               1055.2749421351928                                1125.7227868782593                                1207.288871784982                                 1205.6149796833602                                1202.1076939494042                                1200.4291203654266                                1198.538672122409
115                                               1083.214479179666                                 1145.5791339051275                                1218.2196376257343                                1216.1074721383566                                1212.4043155065824                                1210.6734670819396                                1208.7394203728004
120                                               1108.961853387003                                 1164.4310747800873                                1229.4091885923904                                1226.8918029505944                                1223.00328651145                                  1221.2217028840437                                1219.2444223395732
125                                               1132.517064757204                                 1182.2786095031397                                1240.8575246849505                                1237.9679721200741                                1233.9046069640067                                1232.0738277717383                                1230.0536780227262
130                                               1154.292963690366                                 1199.2578681509463                                1252.2965391557964                                1249.0593287195456                                1244.828106314696                                 1242.9490277149694                                1240.8861377639505
135                                               1174.774933291787                                 1215.5288971696755                                1263.4110222202721                                1259.8406176781164                                1255.4443915162428                                1253.5171531344035                                1251.41137495869
140                                               1193.5035378637544                                1230.9402058093215                                1274.4993333098432                                1270.6197067167664                                1266.0652470597943                                1264.0907046108705                                1261.9421524038985
145                                               1210.4787774062688                                1245.4917940698838                                1285.5614724245083                                1281.3965958354952                                1276.69067294535                                  1274.6696821443697                                1272.4784700995747
150                                               1226.1086879332597                                1259.3215659338161                                1296.4827122956408                                1292.0503915493086                                1287.1984357771175                                1285.1318437404657                                1282.8983019072489
155                                               1241.5855295542488                                1272.8324696988402                                1306.9278257835008                                1302.2278493534604                                1297.231375900365                                 1295.1200046196332                                1292.8450937673529
160                                               1256.0169635373763                                1285.7229215326015                                1317.1477112938737                                1312.1933526244343                                1307.0568069581723                                1304.9014972294276                                1302.5857060695057
165                                               1269.4029898826425                                1297.9929214350982                                1327.1423688267587                                1321.9469013622297                                1316.6747289505397                                1314.476321569848                                 1312.1201388137079
170                                               1281.843790704011                                 1309.6619057324674                                1336.8599510571785                                1331.4367014509157                                1326.033832760958                                 1323.793387534326                                 1321.3975369570644
175                                               1294.2855025588756                                1320.9134343234873                                1345.8108032191853                                1340.1736006396432                                1334.6495465538355                                1332.3701916535847                                1329.9376170107766
180                                               1306.1086982382908                                1331.627332171176                                 1354.3154979432802                                1348.4778425667382                                1342.8391152102713                                1340.5226246676502                                1338.054816313349
185                                               1317.3133777422572                                1341.803599275534                                 1362.374035229464                                 1356.349427232201                                 1350.6025387302661                                1348.2506865765222                                1345.7491348647823
190                                               1327.899541070774                                 1351.4422356365599                                1369.986415077737                                 1363.7883546360313                                1357.93981711382                                  1355.5543773802005                                1353.020572665077
195                                               1337.6941437851756                                1360.0612462814706                                1376.6707722169567                                1370.3213360309092                                1364.3844102280132                                1361.969684333208                                 1359.4076796766344
200                                               1346.793668385777                                 1367.929371890244                                 1382.6957750107713                                1376.2122578616386                                1370.1964417663226                                1367.7553219611718                                1365.1677415639997
205                                               1355.2040587006286                                1375.0631682982566                                1388.0779748394916                                1381.4773769172475                                1375.3919367125618                                1372.927228435774                                 1370.3166084735185
210                                               1362.9253147297304                                1381.462635505507                                 1392.8173717031177                                1386.1166931977364                                1379.97089506673                                  1377.485403757014                                 1374.8542804051908
215                                               1369.957436473082                                 1387.1277735119966                                1396.9139656016487                                1390.130206703106                                 1383.9333168288272                                1381.4298479248919                                1378.7807573590171
215.20478256073363                                1370.2307573950175                                1387.3441441290797                                1397.068045185309                                 1390.2812459962424                                1384.0824611093435                                1381.578315709316                                 1378.9285433326086
