% Model:              batchmodel_BILLETTA_r_0.0257427_COIL_kr_1.6756_COIL_kw_5.3284_FUNZ_freq_8940.8_FUNZ_I_eff_61.5962.mph
% Version:            COMSOL 5.6.0.280
% Date:               Jan 27 2022, 13:14
% Table:              Tabella delle sonde 1 - 
% Tempo (s)                                       Temperatura (degC), Punto: (0, 0.5)               Temperatura (degC), Punto: (0.5*BILLETTA_r, 0.5)  Temperatura (degC), Punto: (BILLETTA_r-10*FUNZ_depth_billetta, 0.5)Temperatura (degC), Punto: (BILLETTA_r-5*FUNZ_depth_billetta, 0.5)Temperatura (degC), Punto: (BILLETTA_r-2*FUNZ_depth_billetta, 0.5)Temperatura (degC), Punto: (BILLETTA_r-FUNZ_depth_billetta, 0.5)Temperatura (degC), Punto: (BILLETTA_r-0.01[mm], 0.5)
0                                                 20                                                20                                                20.000000000087198                                20.000331123126898                                20.21389822085223                                 20.49017794709829                                 20.753366206731243
5                                                 46.49834764152695                                 124.21589925710106                                479.6692742117815                                 552.1515292061483                                 592.5334367247233                                 600.8185464616444                                 603.9069883234048
10                                                187.94764912275798                                323.667514015469                                  868.6061039165594                                 1001.2593422936033                                1054.4748016696094                                1062.8311492363027                                1065.1309469859125
15                                                352.13383912092206                                500.0264860305173                                 1028.096938763993                                 1079.5049857069143                                1093.171396866294                                 1094.5337881900296                                1094.2509067594947
20                                                488.6735546236206                                 624.8090097606383                                 1068.3864612769125                                1095.768905597869                                 1102.7257413391349                                1103.107523074354                                 1102.4803375443075
25                                                592.2582688946231                                 711.5910114972097                                 1096.9178139737528                                1114.0100548803234                                1117.313039691945                                 1117.110111456093                                 1116.2594395764827
30                                                669.5499160066578                                 782.1051679123708                                 1116.8984942324887                                1127.746067506344                                 1129.1678914310678                                1128.6679768440304                                1127.6968300520057
35                                                721.9112508351756                                 851.8895236016973                                 1133.4218846595127                                1140.5377420143727                                1140.809913265211                                 1140.1210203856567                                1139.0658253224983
40                                                763.0697332905801                                 917.3948869074273                                 1148.8562347039                                   1153.6849235802965                                1153.2222522170396                                1152.4038190329447                                1151.2828391291418
45                                                822.9803843783533                                 974.7073784054259                                 1165.3226721023616                                1168.6973766474398                                1167.7349230458449                                1166.8178150926924                                1165.6371471896155
50                                                896.1296811768428                                 1027.1768359993448                                1183.9530937648406                                1186.157638833702                                 1184.7671417072602                                1183.7574481105025                                1182.5139607461892
55                                                964.3607595396633                                 1073.4888314002956                                1205.4417228091752                                1206.779584192047                                 1205.0379684316354                                1203.9425963193498                                1202.6334668900508
60                                                1022.0392270118313                                1114.3757060737435                                1229.1147971868663                                1229.7614531780096                                1227.7138742034608                                1226.5371511271524                                1225.1610826566584
65                                                1078.0263046293467                                1154.5185054199374                                1252.8529340722857                                1252.8236502758186                                1250.4739066267207                                1249.2160990497205                                1247.772837669224
70                                                1123.1484536087778                                1189.8816111255846                                1277.0090109740436                                1276.4018485784545                                1273.7743408159536                                1272.4371604105086                                1270.9250753508068
75                                                1166.6503004866868                                1224.3729007725801                                1300.993811207119                                 1299.8238138495703                                1296.9226381475019                                1295.5065574620721                                1293.9256582314529
80                                                1204.146833217742                                 1255.63298476629                                  1324.343809942066                                 1322.666733747903                                 1319.5070717261988                                1318.0138421637816                                1316.3641640027454
85                                                1240.0250696227022                                1285.7853398756051                                1346.791696597325                                 1344.6251312956392                                1341.216985617812                                 1339.649310315246                                 1337.93297618631
90                                                1271.9462427667036                                1313.2290728365174                                1367.0337359610603                                1364.4206920126917                                1360.7885212229862                                1359.1530098989638                                1357.375210876744
93.15982085564137                                 1292.1192804940943                                1330.5725287898263                                1379.8259795895092                                1376.9307771332624                                1373.1570304994175                                1371.4786492403227                                1369.6620066077658
