% Model:              batchmodel_BILLETTA_r_0.0445341_COIL_kr_1.4848_COIL_kw_3.7744_FUNZ_freq_4639.7_FUNZ_I_eff_61.5962.mph
% Version:            COMSOL 5.6.0.401
% Date:               Jan 27 2022, 12:36
% Table:              Tabella delle sonde 1 - 
% Tempo (s)                                       Temperatura (degC), Punto: (0, 0.5)               Temperatura (degC), Punto: (0.5*BILLETTA_r, 0.5)  Temperatura (degC), Punto: (BILLETTA_r-10*FUNZ_depth_billetta, 0.5)Temperatura (degC), Punto: (BILLETTA_r-5*FUNZ_depth_billetta, 0.5)Temperatura (degC), Punto: (BILLETTA_r-2*FUNZ_depth_billetta, 0.5)Temperatura (degC), Punto: (BILLETTA_r-FUNZ_depth_billetta, 0.5)Temperatura (degC), Punto: (BILLETTA_r-0.01[mm], 0.5)
0                                                 20                                                20                                                20.00000000000574                                 20.00002008502338                                 20.05312018105593                                 20.17307097020955                                 20.303176037742105
5                                                 20.638779154288386                                31.91443900570914                                 261.79300731768296                                311.4224864403742                                 341.77820855129096                                348.5233667918458                                 351.18932538481556
10                                                28.636349914160405                                79.41165853488462                                 469.2291995752382                                 541.7718150373164                                 581.7556937404623                                 589.7621021201522                                 592.7018951439126
15                                                53.87434120703716                                 150.32601435132216                                651.0272939842458                                 735.8942144588517                                 777.7547970635268                                 786.412219142267                                  789.3998108766413
20                                                99.75374721176138                                 227.08111886083992                                814.5462957019246                                 936.8616151942896                                 992.8691289321631                                 1002.1267825935041                                1004.669704610643
25                                                157.92108295349476                                302.30698647583347                                957.2992312371463                                 1051.8439323652283                                1080.689588936115                                 1084.0452582825887                                1084.1463572368789
30                                                219.74972490055825                                373.11768520370754                                1010.7597590090694                                1071.7255738119584                                1087.872954196151                                 1089.3692333932777                                1088.8365780947574
35                                                280.32316707901634                                437.04311335014086                                1037.4700624393768                                1081.7254112835972                                1092.809844482781                                 1093.5579880278915                                1092.76346122519
40                                                337.3383411791219                                 493.0271131514248                                 1056.5905758609829                                1090.1000632269565                                1097.8654340440467                                1098.1102712819124                                1097.133500835378
45                                                390.2550367305039                                 541.8458601060856                                 1069.7648836007565                                1096.8320665883366                                1102.6042909419011                                1102.5395912706576                                1101.446154036811
50                                                438.4683758669511                                 585.3267522706833                                 1081.2985745747592                                1102.9220515684324                                1107.0281889560451                                1106.7058047637215                                1105.5146420996366
55                                                482.0463731361979                                 623.2769285527894                                 1090.7386317027012                                1108.2690324198265                                1111.1421253850754                                1110.6288875564774                                1109.363830149231
60                                                521.8958917419378                                 657.1241175844926                                 1098.9317394406617                                1113.227406440631                                 1115.115436806292                                 1114.4474066470889                                1113.1207067525415
65                                                558.0835048903488                                 686.9731295204053                                 1105.9400532478471                                1117.8231900843748                                1118.960554288491                                 1118.1715342967104                                1116.7945941932535
70                                                590.6831722068762                                 713.4118704136979                                 1112.0525321148475                                1122.1328995828121                                1122.7013810056715                                1121.8183703466148                                1120.4004696664138
75                                                620.0778276377797                                 737.7148008186299                                 1117.9399474155548                                1126.3740064801682                                1126.4237982206314                                1125.4546867446493                                1123.9985374601097
80                                                646.1190499775269                                 759.5606538836383                                 1123.285615885875                                 1130.4506973302614                                1130.0956608871097                                1129.057523422316                                 1127.5689681792596
85                                                669.4022216447544                                 782.5051847187054                                 1128.6156111774258                                1134.596051626685                                 1133.8609029121899                                1132.7573141549155                                1131.2373178268572
90                                                689.6726249945132                                 805.0271633726626                                 1133.7048674545108                                1138.7103528547505                                1137.6579462164846                                1136.4982565152577                                1134.9498707935886
95                                                707.0014494598896                                 827.790045108566                                  1138.8271984749317                                1142.9567063716258                                1141.6148954671698                                1140.4028343911182                                1138.8268671927967
100                                               721.3838376030387                                 850.7485606699667                                 1143.963921222799                                 1147.3239830799116                                1145.7230097538127                                1144.4626903922776                                1142.8601027327536
105                                               733.8796607378931                                 873.3404111671792                                 1149.1447866545827                                1151.8339701930872                                1150.0019275595791                                1148.6971126910607                                1147.0686883541193
110                                               745.6008741379206                                 895.085801638466                                  1154.4436998863562                                1156.5349135544502                                1154.4921657605064                                1153.1453715170292                                1151.4913578011287
115                                               756.4703803619014                                 916.2090177161655                                 1159.8346292392162                                1161.4098453896072                                1159.1795184713674                                1157.7937095302073                                1156.1145442763914
120                                               769.9155701709957                                 936.3215621137268                                 1165.4260286828417                                1166.529713212809                                 1164.1238166469207                                1162.70018213384                                  1160.9955248988172
125                                               784.4129067886728                                 955.596128855523                                  1171.169688479014                                 1171.8629795791894                                1169.298464352737                                 1167.8389826580474                                1166.1088389598985
130                                               803.2282579646204                                 974.3472606398963                                 1177.1674250051178                                1177.4807192811286                                1174.7648954594401                                1173.2699313221265                                1171.5135590602708
135                                               825.7381054883393                                 992.5149050962583                                 1183.399799517672                                 1183.3693627466919                                1180.5113810361577                                1178.9816072728936                                1177.1984070818162
140                                               851.1500880065843                                 1010.2258005315258                                1189.8983833825587                                1189.5503641615373                                1186.5561009315688                                1184.9916239786821                                1183.1807262994057
145                                               879.1113374872667                                 1027.5949531909869                                1196.69346720464                                  1196.0444393459047                                1192.9166937460573                                1191.3170915342216                                1189.4773762345326
150                                               908.6596862611503                                 1044.5334280768757                                1203.7478450034723                                1202.8168480841568                                1199.5599302466298                                1197.9252705499348                                1196.0560682652758
155                                               935.0734025856988                                 1061.0016856992193                                1210.9970582571764                                1209.7870581590314                                1206.4029298849446                                1204.7337803857463                                1202.8355156812208
160                                               960.5413959629367                                 1077.0180558509887                                1218.4709887715644                                1216.9924028510286                                1213.4841145853484                                1211.7808112175667                                1209.853401532257
165                                               985.0636663928645                                 1092.5825385321841                                1226.1696365466369                                1224.4328821601462                                1220.8034843478408                                1219.066363045395                                 1217.109725818384
170                                               1008.6402138754823                                1107.6951337428059                                1234.0930015823928                                1232.108496086386                                 1228.3610391724224                                1226.590435869231                                 1224.6044885396018
175                                               1028.6439404220919                                1121.5138389516324                                1242.0382472705287                                1239.8216318060895                                1235.9593256958865                                1234.1552424529846                                1232.1394905378647
180                                               1046.890475347715                                 1134.7414195074043                                1249.9037213700572                                1247.4600927790011                                1243.4836060762823                                1241.6459052130713                                1239.6000855295815
185                                               1065.1370102733385                                1147.9690000631758                                1257.7691954695856                                1255.0985537519118                                1251.0078864566776                                1249.1365679731584                                1247.0606805212983
190                                               1083.383545198962                                 1161.1965806189478                                1265.6346695691136                                1262.737014724823                                 1258.5321668370734                                1256.6272307332456                                1254.521275513015
195                                               1101.6300801245857                                1174.4241611747193                                1273.500143668642                                 1270.3754756977346                                1266.0564472174683                                1264.1178934933323                                1261.981870504732
200                                               1116.667890599172                                 1186.1570928956799                                1280.9951965244663                                1277.6651809973728                                1273.2392959301278                                1271.2684166227232                                1269.1029451617665
205                                               1131.6983772342755                                1197.8866131151808                                1288.4894039023538                                1284.9540902702388                                1280.4213653328884                                1278.4181633912585                                1276.223244871475
210                                               1146.7288638693794                                1209.6161333346813                                1295.983611280241                                 1292.2429995431044                                1287.6034347356485                                1285.5679101597948                                1283.3435445811842
215                                               1161.7593505044829                                1221.3456535541823                                1303.4778186581284                                1299.5319088159704                                1294.7855041384087                                1292.7176569283301                                1290.4638442908931
220                                               1175.9536413880664                                1232.5977199318504                                1310.8083620829348                                1306.6637047147547                                1301.8128981238901                                1299.7132418721876                                1297.430320714564
225                                               1188.7299063343412                                1243.0401171257708                                1317.8613631618869                                1313.529066780145                                 1308.577992578233                                 1306.4473982384188                                1304.1359426565332
230                                               1201.506171280616                                 1253.4825143196917                                1324.914364240839                                 1320.394428845536                                 1315.3430870325756                                1313.18155460465                                  1310.8415645985028
235                                               1214.2824362268911                                1263.9249115136126                                1331.967365319791                                 1327.2597909109263                                1322.1081814869185                                1319.9157109708813                                1317.547186540472
240                                               1227.058701173166                                 1274.367308707533                                 1339.0203663987431                                1334.1251529763172                                1328.8732759412615                                1326.6498673371125                                1324.2528084824417
245                                               1238.9396234489964                                1284.2456209656652                                1345.728217108011                                 1340.656437093137                                 1335.30931217421                                  1333.0562091413017                                1330.6315707764152
250                                               1250.1220359328076                                1293.6838571901349                                1352.1667955923517                                1346.927087235862                                 1341.488630619237                                 1339.2068034098133                                1336.7553305196584
