% Model:              batchmodel_BILLETTA_r_0.0257427_COIL_kr_1.9397_COIL_kw_3.7744_FUNZ_freq_4639.7_FUNZ_I_eff_61.5962.mph
% Version:            COMSOL 5.6.0.280
% Date:               Jan 27 2022, 13:38
% Table:              Tabella delle sonde 1 - 
% Tempo (s)                                       Temperatura (degC), Punto: (0, 0.5)               Temperatura (degC), Punto: (0.5*BILLETTA_r, 0.5)  Temperatura (degC), Punto: (BILLETTA_r-10*FUNZ_depth_billetta, 0.5)Temperatura (degC), Punto: (BILLETTA_r-5*FUNZ_depth_billetta, 0.5)Temperatura (degC), Punto: (BILLETTA_r-2*FUNZ_depth_billetta, 0.5)Temperatura (degC), Punto: (BILLETTA_r-FUNZ_depth_billetta, 0.5)Temperatura (degC), Punto: (BILLETTA_r-0.01[mm], 0.5)
0                                                 20                                                20                                                20.00000000001296                                 20.00005279189935                                 20.10694742394668                                 20.253099014722352                                20.41095373030015
5                                                 44.3669651097058                                  95.87877670916072                                 293.37404513492004                                346.7155615501116                                 379.06908070990755                                386.14671203886553                                388.8951419101696
10                                                148.882096235193                                  244.76438523079116                                541.7120644896701                                 620.5308719190019                                 662.6832684910069                                 670.9931611232553                                 673.9706043399209
15                                                279.2445402632861                                 394.49703690204956                                753.3410114162431                                 864.611538697652                                  919.7300185157668                                 929.4243451192175                                 932.3296590443205
20                                                402.0745504380077                                 525.1046595033589                                 939.1133375780429                                 1036.2807592466502                                1069.1570971499104                                1073.4410823500539                                1073.9264369322768
25                                                510.46188418484314                                632.1106846069381                                 1024.6802028924749                                1076.759165675739                                 1089.7729509051314                                1090.775218006053                                 1090.0685983974754
30                                                601.0475402648206                                 713.4770306901947                                 1062.645801840169                                 1092.8050976258241                                1099.2678633757546                                1099.295631072528                                 1098.2395198003255
35                                                671.5368611736991                                 778.6404448424872                                 1084.2485107412072                                1103.4734858207776                                1106.7701923195732                                1106.3217531707924                                1105.0881902615542
40                                                721.255547170061                                  842.7092099392038                                 1099.5419477616765                                1112.6664415652585                                1114.1243778820922                                1113.3877235976165                                1112.039396873694
45                                                756.2085037677258                                 902.50539046595                                   1112.2508290505675                                1121.1149207006893                                1121.2740753710464                                1120.3289852768294                                1118.8930634680196
50                                                797.5646908838245                                 954.8491489212157                                 1123.9429847622346                                1129.6558840583239                                1128.8414836261559                                1127.7351099060797                                1126.226292950621
55                                                861.5394119312981                                 1001.31219728295                                  1135.2970407491566                                1138.713323867048                                 1137.1624269489744                                1135.9274160681343                                1134.3545878201508
60                                                933.8055342868284                                 1043.3642590751097                                1147.095423997741                                 1148.7456432140198                                1146.604280081418                                 1145.259406736161                                 1143.6258146476798
65                                                995.6495168855364                                 1080.2911946963109                                1159.784993577376                                 1160.0676389331475                                1157.44348145209                                  1156.0013885400253                                1154.3074688466631
70                                                1041.1438468548745                                1109.2075970963215                                1173.6079336443636                                1172.9735157802797                                1169.9870171353778                                1168.4612290985638                                1166.7065171503687
75                                                1083.0006125058553                                1136.6043917749867                                1187.6273125005446                                1186.1343909358657                                1182.8008834473962                                1181.1929501072677                                1179.3771175014567
80                                                1114.602381525824                                 1159.9823766113673                                1202.5544840581965                                1200.3905736055435                                1196.7640669704815                                1195.0799785778836                                1193.20199485875
85                                                1144.8419325683117                                1182.7691641882893                                1217.5342277003374                                1214.7302579332327                                1210.8205766808019                                1209.061898493349                                 1207.1223543118076
90                                                1169.7682416266439                                1203.0486935554077                                1232.4802992122304                                1229.1780427382714                                1225.032808774402                                 1223.208347040032                                 1221.2120997867337
95                                                1192.8530147588954                                1222.1916694620631                                1246.9643983841233                                1243.206467556045                                 1238.84049771016                                  1236.953089502917                                 1234.9017698267858
100                                               1211.5787513904834                                1238.6443486718395                                1260.354978681994                                 1256.2422397377668                                1251.6906064183709                                1249.7469672788766                                1247.6444350330248
105                                               1230.3044880220714                                1255.0970278816162                                1273.7455589798642                                1269.2780119194886                                1264.5407151265813                                1262.5408450548357                                1260.3871002392639
110                                               1249.030224653659                                 1271.549707091393                                 1287.1361392777344                                1282.3137841012108                                1277.3908238347922                                1275.3347228307948                                1273.1297654455034
115                                               1265.817291864993                                 1286.598274437904                                 1299.6511588610774                                1294.5113359699617                                1289.4171744745113                                1287.3081088487902                                1285.0542726131548
120                                               1281.5749906150627                                1300.9013054629395                                1311.7012850613396                                1306.2638209568872                                1301.0061371993238                                1298.845841253255                                 1296.544365294018
125                                               1297.3326893651324                                1315.2043364879746                                1323.7514112616013                                1318.0163059438119                                1312.5950999241363                                1310.3835736577194                                1308.0344579748821
130                                               1313.0519361718007                                1329.4728381533146                                1335.773976029168                                 1329.7421767295791                                1324.1578734405807                                1321.8952272361953                                1319.4985615980477
135                                               1324.705833122624                                 1340.090706975645                                 1344.882595322846                                 1338.6542485425935                                1332.9517805474957                                1330.6496846343766                                1328.2149598357942
140                                               1336.3597300734477                                1350.7085757979753                                1353.9912146165243                                1347.5663203556087                                1341.7456876544106                                1339.404142032558                                 1336.9313580735407
145                                               1348.0136270242715                                1361.3264446203057                                1363.0998339102025                                1356.478392168623                                 1350.5395947613256                                1348.1585994307397                                1345.6477563112876
150                                               1358.8586472430843                                1371.2020100840928                                1371.5990788819026                                1364.7985069767592                                1358.7505946898527                                1356.332821895523                                 1353.7863002424842
155                                               1367.5461892039893                                1379.0976652680429                                1378.4729688414418                                1371.5397231504076                                1365.4068341536754                                1362.9594114469796                                1360.3835609925954
160                                               1375.1299562465515                                1385.9803900553866                                1384.5153203651935                                1377.4731681657754                                1371.2676516480378                                1368.794225514131                                 1366.1922948080273
165                                               1381.6099483707703                                1391.8501844461225                                1389.7261334531568                                1382.5988420228632                                1376.33304717294                                  1373.8372640969783                                1371.2125016887794
170                                               1386.9861655766463                                1396.707048440253                                 1394.1054081053326                                1386.916744721671                                 1380.6030207283825                                1378.0885271955199                                1375.4441816348517
173.17221249921184                                1389.8247811591837                                1399.2632653307123                                1396.4526701041714                                1389.237392600488                                 1382.8996631277614                                1380.3751895150817                                1377.7201038778676
