% Model:              batchmodel_BILLETTA_r_0.0445341_COIL_kr_1.9397_COIL_kw_3.7744_FUNZ_freq_6066_FUNZ_I_eff_61.5962.mph
% Version:            COMSOL 5.6.0.401
% Date:               Jan 27 2022, 16:04
% Table:              Tabella delle sonde 1 - 
% Tempo (s)                                       Temperatura (degC), Punto: (0, 0.5)               Temperatura (degC), Punto: (0.5*BILLETTA_r, 0.5)  Temperatura (degC), Punto: (BILLETTA_r-10*FUNZ_depth_billetta, 0.5)Temperatura (degC), Punto: (BILLETTA_r-5*FUNZ_depth_billetta, 0.5)Temperatura (degC), Punto: (BILLETTA_r-2*FUNZ_depth_billetta, 0.5)Temperatura (degC), Punto: (BILLETTA_r-FUNZ_depth_billetta, 0.5)Temperatura (degC), Punto: (BILLETTA_r-0.01[mm], 0.5)
0                                                 20                                                19.999999999999943                                20.000000000022                                   20.000102774128266                                20.14095418800821                                 20.333264014167696                                20.53295161174168
5                                                 20.66451150943061                                 33.96865538705072                                 314.61747877961614                                370.17689031178554                                403.5701315661165                                 410.83094805414635                                413.65089688864225
10                                                30.14864300608815                                 89.7549243723659                                  589.646538654441                                  677.0413451428537                                 725.0627441221621                                 734.8122972769119                                 738.2803524435125
15                                                60.28002225346961                                 169.84350837574317                                805.0917593309729                                 925.3224806609427                                 983.5841125646904                                 993.6442091324844                                 996.6152666987656
20                                                112.77402378142983                                254.73401085798048                                960.5370875167297                                 1050.0011254274527                                1077.9359188534245                                1081.3619138886147                                1081.6426322593088
25                                                175.82850242989065                                333.42899244295234                                1023.8385973338169                                1078.6470766860289                                1092.5993008352489                                1093.8403307779922                                1093.3447965452256
30                                                240.55114215930223                                403.70566071467306                                1051.03423609                                     1088.9044789504833                                1098.1528095222175                                1098.7238338594943                                1097.9949720743266
35                                                302.93479361455036                                465.09071619892825                                1066.3983704080438                                1095.9184837454468                                1102.7720261448826                                1102.9854023863777                                1102.1270514178577
40                                                360.89166649613094                                517.9883752541054                                 1077.4882063299606                                1101.8387259547449                                1107.1169993119297                                1107.0870422157418                                1106.1375262787174
45                                                413.06094848527925                                564.3837329713393                                 1088.5225232741604                                1108.1538286838236                                1111.9745646724423                                1111.7181316375254                                1110.681976085671
50                                                459.7677538633317                                 604.7306570709949                                 1098.9555207280264                                1114.5153505485337                                1117.0676545276433                                1116.6126445920313                                1115.4987032105578
55                                                501.87493953947956                                640.1764994025915                                 1107.3431642805203                                1119.9780742348871                                1121.629492442366                                 1121.0316003724074                                1119.8597893014517
60                                                539.7453238701647                                 671.3430518420319                                 1114.6915191419957                                1125.1414696689299                                1126.1178560667709                                1125.4105601709584                                1124.1922642383684
65                                                573.8949354956794                                 699.023133705812                                  1121.3716905071597                                1130.2032431282664                                1130.6712984031387                                1129.8787516669595                                1128.6218820258905
70                                                604.6218582358945                                 723.9870132273918                                 1127.6851272053382                                1135.1662053792043                                1135.2046792626625                                1134.3387253714714                                1133.0472788797051
75                                                631.9936124824233                                 746.5532577231821                                 1133.6714793488563                                1140.0561231302936                                1139.7395837399795                                1138.8113931731405                                1137.4890910274103
80                                                656.8273551467727                                 770.469087139127                                  1139.8226673457189                                1145.1764633811822                                1144.5226155384476                                1143.5343515591858                                1142.18132459335
85                                                678.8622362297119                                 794.577890006249                                  1145.977252368622                                 1150.4334153866075                                1149.4804030489804                                1148.4374185658385                                1147.0550366681605
90                                                698.0982557312407                                 818.8796663245481                                 1152.1352344175657                                1155.8269791465705                                1154.6129462715767                                1153.5205941930976                                1152.1102272518415
95                                                715.3633844815687                                 842.9844804948683                                 1158.486191065846                                 1161.5079813079242                                1160.0600308616686                                1158.9216733240833                                1157.4836656771508
100                                               730.8399522058061                                 866.8064637305212                                 1165.0718697103093                                1167.5096358198284                                1165.8524394014416                                1164.6710001475553                                1163.2054702935939
105                                               744.1573761967302                                 890.5201431823481                                 1171.807419329908                                 1173.7644357785707                                1171.927606707764                                 1170.7069005091066                                1169.2144259620036
110                                               756.1234662904295                                 913.9840213184265                                 1178.746473811731                                 1180.312759566371                                 1178.3217230658374                                1177.0648597569034                                1175.5456826456298
115                                               772.7927755247221                                 936.1375709286627                                 1186.2910203556057                                1187.4572440735178                                1185.306035483834                                 1184.0108413800494                                1182.462690116029
120                                               790.5210669921695                                 957.6191235919906                                 1194.1991027707486                                1195.0157320840694                                1192.717280323291                                 1191.384761891461                                 1189.8068778933061
125                                               809.3083406927711                                 978.4286793084096                                 1202.4707210571592                                1202.9882235980258                                1200.5554575842098                                1199.1866212911395                                1197.5782459774605
130                                               831.0264258339672                                 998.665722587764                                  1211.0582480536577                                1211.2872762224588                                1208.722871142198                                 1207.318059422058                                 1205.6792723382396
135                                               855.9693845720379                                 1018.3458823289753                                1219.9542015895104                                1219.8991528607808                                1217.2041730515753                                1215.7636240197944                                1214.0946363799462
140                                               883.3668715808573                                 1037.4282160000666                                1229.1781824706386                                1228.8598401502509                                1226.0395698400025                                1224.5637948925169                                1222.864472982355
145                                               912.6360632277548                                 1055.9673709889903                                1238.6823085745878                                1238.1165773024154                                1235.1748170217902                                1233.6640769439105                                1231.9341648700333
150                                               940.0854971331165                                 1074.3094704888708                                1248.163306245685                                 1247.3351903840653                                1244.2663432882287                                1242.719311558833                                 1240.9577795751875
155                                               967.968319166704                                  1092.2432524136238                                1257.8062836373974                                1256.7196480504272                                1253.5238531400228                                1251.9401720770456                                1250.1464627715027
160                                               996.2845293285183                                 1109.7687167632507                                1267.6112407497267                                1266.269950301502                                 1262.9473465771725                                1261.3266584985504                                1259.5002144589785
165                                               1019.8504854193253                                1125.920559351452                                 1277.1414594506073                                1275.557264046778                                 1272.1112469680638                                1270.4539111255826                                1268.5946528419822
170                                               1040.9114789059208                                1141.5247338671393                                1286.4814677094605                                1284.6589288686337                                1281.0911403794353                                1279.397453793918                                 1277.5055262980623
175                                               1061.972472392517                                 1157.1289083828265                                1295.8214759683137                                1293.7605936904897                                1290.0710337908067                                1288.3409964622533                                1286.4163997541423
180                                               1083.033465879113                                 1172.7330828985137                                1305.161484227167                                 1302.8622585123453                                1299.0509272021782                                1297.2845391305887                                1295.3272732102214
185                                               1104.0944593657086                                1188.3372574142008                                1314.5014924860202                                1311.9639233342014                                1308.0308206135496                                1306.228081798924                                 1304.2381466663014
190                                               1122.5078263382816                                1202.5851546172867                                1323.3521725688634                                1320.592518050526                                 1316.5441269558332                                1314.7064549643633                                1312.6847978874525
195                                               1139.6049928065595                                1216.1588128847238                                1331.9595955349573                                1328.9859379383129                                1324.8254813470471                                1322.9535808858832                                1320.900672774977
200                                               1156.7021592748374                                1229.732471152161                                 1340.5670185010508                                1337.3793578261002                                1333.1068357382615                                1331.200706807403                                 1329.116547662502
205                                               1173.7993257431158                                1243.3061294195982                                1349.1744414671448                                1345.7727777138875                                1341.3881901294758                                1339.4478327289235                                1337.3324225500264
210                                               1190.8964922113937                                1256.8797876870353                                1357.7818644332388                                1354.1661976016744                                1349.6695445206897                                1347.6949586504434                                1345.5482974375514
215                                               1205.6790873373643                                1268.7711832847467                                1364.8224791961397                                1361.0261973064771                                1356.4372254642544                                1354.4343177246474                                1352.2615941857016
220                                               1219.3110519073116                                1279.826284577909                                 1371.0841949201263                                1367.1238959814905                                1362.4524219676678                                1360.4241286755473                                1358.227922245363
225                                               1232.9430164772593                                1290.8813858710719                                1377.3459106441132                                1373.2215946565034                                1368.467618471081                                 1366.4139396264472                                1364.194250305025
230                                               1246.574981047207                                 1301.9364871642338                                1383.6076263681002                                1379.3192933315163                                1374.4828149744944                                1372.4037505773476                                1370.1605783646864
235                                               1260.2069456171544                                1312.9915884573961                                1389.8693420920868                                1385.4169920065292                                1380.4980114779078                                1378.3935615282476                                1376.1269064243488
236.66026481253152                                1264.7334798373863                                1316.6624675925982                                1391.9485633486092                                1387.441750916038                                 1382.495375296924                                 1380.3824959993467                                1378.1080433318439
