% Model:              batchmodel_BILLETTA_r_0.0445341_COIL_kr_2.4069_COIL_kw_3.7744_FUNZ_freq_2540.9_FUNZ_I_eff_127.5152.mph
% Version:            COMSOL 5.6.0.401
% Date:               Jan 27 2022, 17:36
% Table:              Tabella delle sonde 1 - 
% Tempo (s)                                       Temperatura (degC), Punto: (0, 0.5)               Temperatura (degC), Punto: (0.5*BILLETTA_r, 0.5)  Temperatura (degC), Punto: (BILLETTA_r-10*FUNZ_depth_billetta, 0.5)Temperatura (degC), Punto: (BILLETTA_r-5*FUNZ_depth_billetta, 0.5)Temperatura (degC), Punto: (BILLETTA_r-2*FUNZ_depth_billetta, 0.5)Temperatura (degC), Punto: (BILLETTA_r-FUNZ_depth_billetta, 0.5)Temperatura (degC), Punto: (BILLETTA_r-0.01[mm], 0.5)
0                                                 20                                                20                                                20.00000000066018                                 20.006849804524393                                20.215546783785157                                20.369853114249054                                20.52831425822876
5                                                 20.94934744166801                                 46.41039120415695                                 561.9478960735161                                 740.7226022526677                                 832.1844325840783                                 850.0993721622696                                 856.1106685974186
10                                                39.714857138923264                                146.74683936676792                                994.8248099480701                                 1162.341802779326                                 1202.6096124740375                                1206.685952969698                                 1206.1926083208841
15                                                95.40883061434232                                 259.5252690622749                                 1150.2478766103004                                1230.067248954384                                 1246.6565615458694                                1247.2359563278405                                1245.439587791871
20                                                170.0906874404692                                 360.49027054295595                                1207.0098077245498                                1254.6957803221271                                1262.8401656894548                                1262.2052739945584                                1259.9575463195338
25                                                246.63373789624677                                448.344553068447                                  1233.5299651728446                                1265.2085921883845                                1269.1961763413542                                1267.9722480046971                                1265.511282049743
30                                                319.57670894144314                                526.1318442987798                                 1253.2746854082675                                1275.4983968218144                                1277.0208898058272                                1275.4377988184565                                1272.8331121135775
35                                                387.80578569998295                                595.8281262151727                                 1271.2154035920275                                1287.5821722347346                                1287.5546726708913                                1285.7302042672618                                1283.0100591992855
40                                                450.39816767970774                                658.64719775155                                   1289.0301690615893                                1301.882383785286                                 1300.8948193971191                                1298.9006945783945                                1296.0775298437347
45                                                507.4013148945247                                 716.3111834303679                                 1307.9037231853467                                1318.826239115875                                 1317.26097938574                                  1315.138614340392                                 1312.2136841965998
50                                                559.3937933941456                                 773.074820910833                                  1329.1041989797627                                1338.823389938142                                 1336.8246896860464                                1334.5812231531722                                1331.5433684485497
55                                                606.4687453555993                                 837.6848276995498                                 1352.659906326167                                 1361.45490339578                                  1359.0560948831676                                1356.6857081877279                                1353.5210087258324
60                                                648.40375726756                                   905.1781565214122                                 1375.093643184719                                 1382.5549464562296                                1379.6946556520725                                1377.2001307653504                                1373.915061221609
61.30274010835127                                 658.4894853634466                                 923.2996038707241                                 1380.8244739659317                                1387.8880148657267                                1384.9000785277099                                1382.3735812014602                                1379.057818233402
