% Model:              batchmodel_BILLETTA_r_0.0445341_COIL_kr_2.4069_COIL_kw_5.3284_FUNZ_freq_8940.8_FUNZ_I_eff_85.0125.mph
% Version:            COMSOL 5.6.0.401
% Date:               Jan 27 2022, 18:29
% Table:              Tabella delle sonde 1 - 
% Tempo (s)                                       Temperatura (degC), Punto: (0, 0.5)               Temperatura (degC), Punto: (0.5*BILLETTA_r, 0.5)  Temperatura (degC), Punto: (BILLETTA_r-10*FUNZ_depth_billetta, 0.5)Temperatura (degC), Punto: (BILLETTA_r-5*FUNZ_depth_billetta, 0.5)Temperatura (degC), Punto: (BILLETTA_r-2*FUNZ_depth_billetta, 0.5)Temperatura (degC), Punto: (BILLETTA_r-FUNZ_depth_billetta, 0.5)Temperatura (degC), Punto: (BILLETTA_r-0.01[mm], 0.5)
0                                                 19.999999999999943                                20                                                20.00000000062596                                 20.002336619181506                                20.388769063173754                                20.767034247194204                                21.104504825520053
5                                                 21.004523644120013                                46.58018450395241                                 762.8629492940173                                 935.9621252804128                                 1012.9891653105727                                1025.5546523171943                                1029.3927973918198
10                                                38.086103152153385                                143.63247231067385                                1061.3896103296215                                1133.473313726999                                 1149.5660174711793                                1150.8585511833253                                1150.5062456362489
15                                                88.75402167058957                                 249.7648492447505                                 1121.5626833085607                                1153.7118969735993                                1160.7326597028205                                1160.9677079240632                                1160.1817783403499
20                                                160.8798162894455                                 343.4418470659281                                 1141.5415081474198                                1161.8244968508016                                1165.7633375788682                                1165.5656452371                                   1164.6294048192813
25                                                235.6702765002152                                 423.1488431697509                                 1165.6358595317702                                1181.0707028292295                                1183.5095405501343                                1183.0637480043279                                1182.011591063032
30                                                306.84352514011516                                491.13576491423464                                1182.5595832677523                                1194.9413101247528                                1196.5168175815475                                1195.9280577579157                                1194.8043446355036
35                                                371.05721845328367                                550.6368610433126                                 1201.2255223210045                                1211.4020439786095                                1212.3197360279396                                1211.613287754787                                 1210.4227927791208
40                                                428.6419221634061                                 602.5579094283888                                 1221.627956781228                                 1230.3819234157713                                1230.8378159014696                                1230.0373441652728                                1228.7838164597438
45                                                480.08829546464256                                648.2105934623057                                 1243.338036106311                                 1251.2364239076246                                1251.379118323665                                 1250.5017554651467                                1249.1867558603972
50                                                526.5603037974043                                 689.481583615821                                  1267.4019803602264                                1274.6850569566677                                1274.562047714895                                 1273.608833423989                                 1272.2267874773775
55                                                568.2918937580912                                 727.2489591703666                                 1293.8238972137501                                1300.6595484357854                                1300.2972965570248                                1299.2661936741665                                1297.8104628800006
60                                                605.9354436632143                                 764.9615329915908                                 1322.2896954538387                                1328.6399973347106                                1328.0054262274107                                1326.8861218358693                                1325.347784032515
65                                                639.5788362550098                                 805.0534833109347                                 1350.9896074937856                                1356.721968417518                                 1355.7713022441917                                1354.5563116615144                                1352.931291711228
69.91095569488282                                 668.9620350490953                                 849.3074568790599                                 1378.0424555934255                                1382.9170600752186                                1381.5902039954349                                1380.2738273616123                                1378.5625649933118
