% Model:              batchmodel_BILLETTA_r_0.0131664_COIL_kr_2.4069_COIL_kw_3.7744_FUNZ_freq_2540.9_FUNZ_I_eff_85.0125.mph
% Version:            COMSOL 5.6.0.401
% Date:               Jan 27 2022, 13:13
% Table:              Tabella delle sonde 1 - 
% Tempo (s)                                       Temperatura (degC), Punto: (0, 0.5)               Temperatura (degC), Punto: (0.5*BILLETTA_r, 0.5)  Temperatura (degC), Punto: (BILLETTA_r-10*FUNZ_depth_billetta, 0.5)Temperatura (degC), Punto: (BILLETTA_r-5*FUNZ_depth_billetta, 0.5)Temperatura (degC), Punto: (BILLETTA_r-2*FUNZ_depth_billetta, 0.5)Temperatura (degC), Punto: (BILLETTA_r-FUNZ_depth_billetta, 0.5)Temperatura (degC), Punto: (BILLETTA_r-0.01[mm], 0.5)
0                                                 20                                                20                                                20.000000000026944                                20.000103581795088                                20.04960631242119                                 20.146687326951735                                20.211734279116683
5                                                 243.54436505207423                                314.62975739758963                                394.0552966674111                                 474.4828702763954                                 519.1888285621754                                 528.259117082592                                  531.5883805886089
10                                                538.9629591429195                                 628.7000251397892                                 740.5513125228757                                 866.704319883114                                  929.9820339353215                                 940.5959629652529                                 943.4839286268797
15                                                736.5215746825526                                 890.7350318107373                                 1035.8125569618242                                1100.42394645458                                  1113.79284022105                                  1114.2547050111557                                1112.8702809067718
20                                                1016.8967988490532                                1092.6658907541168                                1123.237761868641                                 1132.1263559529098                                1131.1407431995358                                1129.6384514679207                                1127.567687085149
25                                                1137.7233234361292                                1154.5722333152562                                1161.6325767538929                                1161.2542876601915                                1157.5556007781493                                1155.5903146508485                                1153.2760848585935
30                                                1176.5851742662394                                1182.1172817624774                                1182.9173837230041                                1179.4524064568413                                1174.6681814681933                                1172.4880996300421                                1170.041401041888
35                                                1196.5232215277865                                1199.5724397336844                                1198.4982427235987                                1193.8845234459204                                1188.6073113529542                                1186.3083010415098                                1183.7712804900066
40                                                1209.4717459259114                                1211.7118469249567                                1210.015997578715                                 1204.9508699137832                                1199.4305461523913                                1197.059645736877                                 1194.4585434053492
45                                                1219.6646225233949                                1221.3461727657304                                1219.2059481797532                                1213.8137509529429                                1208.114045877539                                 1205.688849566538                                 1203.0384419842144
50                                                1228.0042872332879                                1229.3108847737144                                1226.8572121475495                                1221.2258029426735                                1215.390664991533                                 1212.9236885196037                                1210.2349179373077
55                                                1236.125445248439                                 1237.0710247028483                                1234.3148277143819                                1228.452189857629                                 1222.4858481432912                                1219.97831921553                                  1217.2522603613747
60                                                1242.7607635294403                                1243.4400799166442                                1240.4556392860436                                1234.4160591839532                                1228.3472715596213                                1225.8075385381462                                1223.0514995348271
65                                                1249.3960818104406                                1249.8091351304406                                1246.5964508577058                                1240.3799285102778                                1234.2086949759514                                1231.6367578607624                                1228.850738708279
70                                                1254.3775379806525                                1254.6012841560805                                1251.2249891284464                                1244.880122786271                                 1238.633174520131                                 1236.0370306350069                                1233.2281996436886
75                                                1259.0228729472478                                1259.07295204699                                  1255.546181872142                                 1249.0828483577025                                1242.7656180471085                                1240.1468927210763                                1237.3167067361342
80                                                1263.6682079138436                                1263.5446199378998                                1259.867374615837                                 1253.285573929134                                 1246.8980615740861                                1244.2567548071456                                1241.4052138285792
85                                                1268.313542880439                                 1268.0162878288088                                1264.188567359532                                 1257.488299500566                                 1251.0305051010637                                1248.3666168932145                                1245.4937209210243
90                                                1272.5819041770433                                1272.127494817567                                 1268.163266483889                                 1261.355059533878                                 1254.8328445752995                                1252.1481534176755                                1249.2555159835315
95                                                1275.635754881413                                 1275.0773910342518                                1271.0216537691808                                1264.13942645289                                  1257.57167510844                                  1254.8719108344226                                1251.964730315456
100                                               1278.6896055857828                                1278.0272872509363                                1273.8800410544727                                1266.9237933719014                                1260.3105056415802                                1257.5956682511705                                1254.6739446473803
105                                               1281.743456290153                                 1280.9771834676212                                1276.738428339765                                 1269.7081602909134                                1263.0493361747203                                1260.3194256679176                                1257.3831589793044
110                                               1284.7973069945228                                1283.9270796843061                                1279.5968156250565                                1272.4925272099254                                1265.7881667078605                                1263.0431830846655                                1260.092373311229
115                                               1287.1249481171417                                1286.1782218794442                                1281.7800422379196                                1274.6201286406413                                1267.8810876778934                                1265.124512880458                                 1262.1624521295662
120                                               1289.0487666082531                                1288.0408086288157                                1283.5878329349239                                1276.3825231470328                                1269.6148383670002                                1266.8486085953932                                1263.8771275058775
125                                               1290.9725850993646                                1289.9033953781873                                1285.3956236319282                                1278.1449176534238                                1271.3485890561064                                1268.5727043103288                                1265.5918028821893
130                                               1292.896403590476                                 1291.7659821275588                                1287.2034143289325                                1279.9073121598149                                1273.0823397452127                                1270.2968000252636                                1267.3064782585006
135                                               1294.8202220815874                                1293.6285688769303                                1289.0112050259372                                1281.669706666206                                 1274.81609043432                                  1272.0208957401992                                1269.0211536348124
140                                               1296.2662192521761                                1295.0287510378225                                1290.370275793985                                 1282.9945944516699                                1276.1193541700932                                1273.3168630805612                                1270.3099994347535
145                                               1297.4465148017835                                1296.1718043444102                                1291.479827322582                                 1284.076198314991                                 1277.1832374588275                                1274.3747615064008                                1271.3620546105767
150                                               1298.6268103513908                                1297.3148576509984                                1292.5893788511794                                1285.1578021783112                                1278.2471207475614                                1275.4326599322403                                1272.4141097863999
155                                               1299.807105900998                                 1298.4579109575861                                1293.6989303797768                                1286.2394060416318                                1279.3110040362958                                1276.4905583580803                                1273.4661649622235
160                                               1300.9874014506054                                1299.6009642641739                                1294.8084819083738                                1287.3210099049525                                1280.3748873250297                                1277.5484567839203                                1274.5182201380467
165                                               1301.867629261841                                 1300.4529395943187                                1295.6350752796511                                1288.1265294693508                                1281.1671228641972                                1278.3362264527773                                1275.301642738315
170                                               1302.58099870769                                  1301.1430554869476                                1296.3043243930633                                1288.7785271154075                                1281.8083035125596                                1278.9737858955077                                1275.9356870925571
175                                               1303.294368153538                                 1301.833171379576                                 1296.9735735064755                                1289.4305247614648                                1282.4494841609226                                1279.6113453382382                                1276.5697314467998
180                                               1304.007737599387                                 1302.523287272205                                 1297.6428226198877                                1290.082522407522                                 1283.090664809285                                 1280.2489047809681                                1277.203775801042
185                                               1304.7211070452354                                1303.2134031648338                                1298.3120717333                                   1290.7345200535788                                1283.731845457648                                 1280.8864642236986                                1277.8378201552841
190                                               1305.2500687169                                   1303.724841328502                                 1298.8078279763286                                1291.2173788668215                                1284.206666511579                                 1281.3586058776573                                1278.3073676543404
195                                               1305.6764869431017                                1304.1369223471902                                1299.2071102134692                                1291.6061848194668                                1284.588980153204                                 1281.7387638282366                                1278.6854435526288
200                                               1306.1029051693035                                1304.5490033658775                                1299.6063924506093                                1291.994990772112                                 1284.9712937948293                                1282.1189217788155                                1279.0635194509173
205                                               1306.529323395505                                 1304.9610843845658                                1300.0056746877503                                1292.3837967247578                                1285.3536074364542                                1282.499079729395                                 1279.4415953492057
210                                               1306.9557416217062                                1305.3731654032536                                1300.404956924891                                 1292.7726026774035                                1285.7359210780792                                1282.8792376799743                                1279.8196712474942
215                                               1307.2704917536466                                1305.6773054710798                                1300.699642491295                                 1293.0595582944643                                1286.018091082753                                 1283.1598191234107                                1280.0987183633883
220                                               1307.523146720756                                 1305.921422922956                                 1300.9361650922347                                1293.2898780978858                                1286.2445743159778                                1283.3850291587019                                1280.3226986438867
225                                               1307.775801687866                                 1306.1655403748323                                1301.1726876931743                                1293.5201979013073                                1286.4710575492027                                1283.6102391939926                                1280.5466789243856
230                                               1308.0284566549758                                1306.4096578267095                                1301.4092102941145                                1293.7505177047287                                1286.6975407824275                                1283.8354492292838                                1280.7706592048844
235                                               1308.281111622086                                 1306.6537752785857                                1301.6457328950542                                1293.9808375081502                                1286.9240240156523                                1284.0606592645745                                1280.9946394853832
240                                               1308.4669921918294                                1306.8334341058871                                1301.81985530684                                  1294.1504255286864                                1287.0907967423827                                1284.2264948994557                                1281.1595681852964
245                                               1308.6157415896091                                1306.9772494906706                                1301.9592789082221                                1294.2862424878135                                1287.2243663078393                                1284.3593142712357                                1281.291660132205
250                                               1308.7644909873889                                1307.121064875454                                 1302.0987025096042                                1294.4220594469407                                1287.357935873296                                 1284.4921336430161                                1281.4237520791125
