% Model:              batchmodel_BILLETTA_r_0.0335556_COIL_kr_1.4848_COIL_kw_4.5299_FUNZ_freq_4639.7_FUNZ_I_eff_85.0125.mph
% Version:            COMSOL 5.6.0.280
% Date:               Jan 27 2022, 16:33
% Table:              Tabella delle sonde 1 - 
% Tempo (s)                                       Temperatura (degC), Punto: (0, 0.5)               Temperatura (degC), Punto: (0.5*BILLETTA_r, 0.5)  Temperatura (degC), Punto: (BILLETTA_r-10*FUNZ_depth_billetta, 0.5)Temperatura (degC), Punto: (BILLETTA_r-5*FUNZ_depth_billetta, 0.5)Temperatura (degC), Punto: (BILLETTA_r-2*FUNZ_depth_billetta, 0.5)Temperatura (degC), Punto: (BILLETTA_r-FUNZ_depth_billetta, 0.5)Temperatura (degC), Punto: (BILLETTA_r-0.01[mm], 0.5)
0                                                 20                                                20                                                20.000000000045702                                20.000229098309603                                20.094030248772867                                20.270540207441115                                20.408905199240337
5                                                 27.925324405577328                                79.30210858922152                                 492.29231110701846                                604.777291359196                                  663.5064435532913                                 674.9934744496377                                 679.1273770367441
10                                                98.3790803995011                                  227.27919585187726                                866.1260560243037                                 1028.6662139195978                                1084.9718081482297                                1092.6476529732818                                1094.203576093565
15                                                208.08773474084222                                369.67743809318597                                1042.1054105758167                                1116.7919597074642                                1134.5187670656073                                1135.9977581293547                                1135.322590079024
20                                                315.99330581048025                                483.274666056815                                  1105.7028947294493                                1148.4127251168647                                1157.1156350255078                                1157.2595217708576                                1156.0862387682068
25                                                410.57985557870427                                573.3278908016683                                 1123.4022855728654                                1149.8079849146902                                1154.352316600759                                 1153.9343393133986                                1152.5860973275667
30                                                492.0896694879193                                 647.3561963696799                                 1140.505249123496                                 1158.2215942601447                                1160.4268833354663                                1159.6703072772339                                1158.1958496384527
35                                                563.3445631757826                                 710.4190376727538                                 1156.1572569498048                                1168.5894582775886                                1169.3266526265797                                1168.3441679496063                                1166.7725260259076
40                                                623.448614612381                                  765.2314126540722                                 1170.6228026224621                                1179.8139203540068                                1179.6261789639075                                1178.4900760479368                                1176.840879279353
45                                                672.8229005791533                                 822.6638663122714                                 1185.13981198088                                  1192.203637314528                                 1191.3738950448496                                1190.119584314958                                 1188.4001161868296
50                                                711.0916951647902                                 881.1416410527683                                 1200.7620961419598                                1206.3172977379963                                1205.0033415137937                                1203.6494853721642                                1201.8614513271432
55                                                740.5162431372478                                 937.2655261759934                                 1218.024230645471                                 1222.531642031045                                 1220.8459988393647                                1219.4048930171525                                1217.5488579383832
60                                                769.9540283800549                                 989.4581853060103                                 1237.3944589304074                                1241.1380718688542                                1239.1393927037461                                1237.6139564710147                                1235.6854868405426
65                                                812.2494565884023                                 1037.7948075150666                                1259.058283012998                                 1262.1767023926022                                1259.8785395653654                                1258.2635406797299                                1256.2533046439398
70                                                875.1395818368197                                 1083.1938157577542                                1282.8223670136194                                1285.332110340892                                 1282.7147825465163                                1281.0006548098122                                1278.8983914991463
75                                                948.6811326017393                                 1126.4666992852913                                1308.1417519736965                                1309.9762548013223                                1307.0006977535145                                1305.1764525571675                                1302.973032358978
80                                                1018.6649451846305                                1168.0677109723415                                1334.2900061625264                                1335.361969059522                                 1331.9913732030805                                1330.0482328648795                                1327.7369652816133
85                                                1071.5413659494252                                1204.408889697444                                 1355.1606322499897                                1355.3819101123067                                1351.649584795322                                 1349.6061291310257                                1347.2060016037722
90                                                1123.434439768202                                 1240.487584391628                                 1375.6819618043628                                1375.0498520027159                                1370.9589814626006                                1368.8166231135333                                1366.3290093743508
92.07344695415544                                 1144.953946938463                                 1255.44903631634                                  1384.1919394563097                                1383.2059388441508                                1378.9663834038702                                1376.7830111607036                                1374.2591178175903
