% Model:              batchmodel_BILLETTA_r_0.0257427_COIL_kr_1.4848_COIL_kw_3.2356_FUNZ_freq_2540.9_FUNZ_I_eff_85.0125.mph
% Version:            COMSOL 5.6.0.280
% Date:               Jan 27 2022, 11:38
% Table:              Tabella delle sonde 1 - 
% Tempo (s)                                       Temperatura (degC), Punto: (0, 0.5)               Temperatura (degC), Punto: (0.5*BILLETTA_r, 0.5)  Temperatura (degC), Punto: (BILLETTA_r-10*FUNZ_depth_billetta, 0.5)Temperatura (degC), Punto: (BILLETTA_r-5*FUNZ_depth_billetta, 0.5)Temperatura (degC), Punto: (BILLETTA_r-2*FUNZ_depth_billetta, 0.5)Temperatura (degC), Punto: (BILLETTA_r-FUNZ_depth_billetta, 0.5)Temperatura (degC), Punto: (BILLETTA_r-0.01[mm], 0.5)
0                                                 20                                                20                                                20.000000000036266                                20.00015539032063                                 20.10655988410349                                 20.213155102329665                                20.328492751105273
5                                                 45.20262496205868                                 108.58299262072381                                314.1755001079696                                 398.52203298326083                                447.2492284344878                                 457.1738733684133                                 460.8874725873063
10                                                162.59830793221585                                281.4900854201719                                 601.3613213757098                                 727.018147473587                                  794.4789855965986                                 806.9849888092355                                 811.0618385343081
15                                                314.0503219024713                                 453.9293459290775                                 845.7597680255718                                 1010.5043101222249                                1070.2804118099866                                1078.4624994618353                                1079.8996365468242
20                                                452.9726293190513                                 596.2091169931058                                 1020.8783228069968                                1108.0285666871541                                1127.1587606484486                                1128.38965928882                                  1127.2139217985082
25                                                567.5269708446523                                 703.3881432578156                                 1084.341704815441                                 1127.1769153076402                                1134.7548103983436                                1134.4040072894982                                1132.6925380810376
30                                                656.9981170232383                                 792.6122859946764                                 1114.7426826097153                                1138.1126986591266                                1140.614733183897                                 1139.5526070610717                                1137.5908804411924
35                                                719.8327779922291                                 883.5106155701764                                 1133.2055648327123                                1146.5971966966827                                1146.52585239379                                  1145.0958056073318                                1142.9946787153622
40                                                768.1577417397872                                 964.5344202188268                                 1147.3984168295447                                1155.0559983717644                                1153.4689604514415                                1151.8104101145223                                1149.6109562082866
45                                                842.8404019238975                                 1032.7075880733687                                1160.7184320675124                                1164.8085434013124                                1162.2241236506256                                1160.4001848026933                                1158.1159060028817
50                                                942.8737611057753                                 1087.5534675298068                                1175.2740865781134                                1177.0188273048866                                1173.7176476591603                                1171.7567408427408                                1169.3864529927318
55                                                1032.4458021024202                                1130.5813439639887                                1193.5383178647871                                1193.6643821664757                                1189.7776218660829                                1187.6809258585804                                1185.207145893728
60                                                1097.2579793785721                                1167.290980457245                                 1216.0276097533147                                1214.8628092764575                                1210.426303998442                                 1208.1845536359906                                1205.5889482332523
65                                                1145.9223619465083                                1200.8051298452187                                1240.8454801181888                                1238.6322681509519                                1233.6982142983434                                1231.3152101019496                                1228.594906696993
70                                                1184.658452328511                                 1231.1368381575785                                1265.1085032623464                                1262.0072955862433                                1256.6201555360726                                1254.1015924174044                                1251.2575908474155
75                                                1218.2557109152167                                1259.3110423444118                                1288.4147271030956                                1284.5003462135724                                1278.6847409582656                                1276.035356542685                                 1273.0704744981804
80                                                1249.4046974054145                                1286.1530686496862                                1310.9255872797644                                1306.2377069222453                                1300.0072242372557                                1297.2298100571024                                1294.145895614488
85                                                1278.3873920538313                                1311.8163509416881                                1332.7326899699979                                1327.3064144579175                                1320.6730771437951                                1317.770103216084                                 1314.5687915991757
90                                                1300.9965764202811                                1331.0523732226616                                1348.6485303892828                                1342.7633791757717                                1335.8689550920062                                1332.878128388104                                 1329.5902973607717
95                                                1319.9250860072912                                1346.5766804868044                                1361.1621921816495                                1354.9795865488559                                1347.9059460246494                                1344.8490421583679                                1341.4925234964599
100                                               1338.8535955943016                                1362.1009877509473                                1373.6758539740158                                1367.1957939219396                                1359.9429369572927                                1356.8199559286318                                1353.3947496321475
105                                               1357.7821051813116                                1377.6252950150902                                1386.1895157663826                                1379.4120012950243                                1371.9799278899359                                1368.7908696988957                                1365.2969757678356
105.7967906924228                                 1360.7985172333847                                1380.0992197219662                                1388.183669615239                                 1381.35875336134                                  1373.8981203579174                                1370.698532233284                                 1367.1936923686412
