% Model:              batchmodel_BILLETTA_r_0.0445341_COIL_kr_2.4069_COIL_kw_3.2356_FUNZ_freq_4639.7_FUNZ_I_eff_85.0125.mph
% Version:            COMSOL 5.6.0.401
% Date:               Jan 27 2022, 17:19
% Table:              Tabella delle sonde 1 - 
% Tempo (s)                                       Temperatura (degC), Punto: (0, 0.5)               Temperatura (degC), Punto: (0.5*BILLETTA_r, 0.5)  Temperatura (degC), Punto: (BILLETTA_r-10*FUNZ_depth_billetta, 0.5)Temperatura (degC), Punto: (BILLETTA_r-5*FUNZ_depth_billetta, 0.5)Temperatura (degC), Punto: (BILLETTA_r-2*FUNZ_depth_billetta, 0.5)Temperatura (degC), Punto: (BILLETTA_r-FUNZ_depth_billetta, 0.5)Temperatura (degC), Punto: (BILLETTA_r-0.01[mm], 0.5)
0                                                 20                                                20                                                20.0000000000893                                  20.00051519220176                                 20.196905879435576                                20.397309525571075                                20.59915715170939
5                                                 20.77063324928588                                 40.27422346542687                                 485.15689258329724                                600.1146657330354                                 661.461234226202                                  673.4649475374104                                 677.780858543969
10                                                37.358377666355636                                121.98354992319327                                835.3839430162892                                 1002.2447561410266                                1064.7160524887604                                1073.931794648176                                 1076.152867919447
15                                                83.27235970524765                                 219.3478282632105                                 1026.8120751685606                                1121.220513196024                                 1143.6389146417173                                1145.6898820987917                                1145.172428669212
20                                                147.65043799807597                                309.37869037474013                                1091.332131380097                                 1148.59818144042                                  1161.3616964816188                                1162.0712701904959                                1161.0731211186212
25                                                216.45621828450754                                388.31259295354585                                1110.855469135719                                 1145.615447427042                                 1152.5094302395373                                1152.4318019035654                                1151.200805622911
30                                                281.2611456423007                                 454.33885229189593                                1126.1263927135865                                1151.738270434697                                 1156.1598528423451                                1155.7290424973294                                1154.3731711201267
35                                                341.1554115125384                                 512.084834426451                                  1139.0769556436735                                1158.6660461739184                                1161.441519551378                                 1160.7683169004508                                1159.3193880171484
40                                                395.8548056673071                                 562.9372655266957                                 1150.499572496938                                 1165.8898738104226                                1167.5008782881996                                1166.6504152070943                                1165.1275801626084
45                                                446.71886430104655                                609.4209609479809                                 1161.6426126336087                                1173.773258021647                                 1174.4629699525158                                1173.4667634903149                                1171.8777794356156
50                                                493.32325425432407                                651.2135188447405                                 1172.6887350342722                                1182.518591846751                                 1182.5334616302075                                1181.4229279397464                                1179.7749301277436
55                                                536.0319982705639                                 689.0655071925663                                 1183.7907672763076                                1191.9119341846736                                1191.4089727468427                                1190.2043609405614                                1188.5016762537716
60                                                574.8516090246804                                 723.0143324928754                                 1194.9613555101632                                1201.9398379475801                                1201.0697671419816                                1199.7905448869124                                1198.037299198128
65                                                609.9491015292147                                 756.1952687006861                                 1206.7576864459575                                1212.8461527046466                                1211.6742187435339                                1210.3284334428517                                1208.5261869711212
70                                                641.3636541714249                                 789.3051851766303                                 1219.3063335333527                                1224.6776369534036                                1223.2476903483898                                1221.8405575233774                                1219.9902227035714
75                                                669.1825269214003                                 823.6000813980107                                 1232.9368831578608                                1237.7237191460576                                1236.0626171329968                                1234.5949000938476                                1232.6934354281284
80                                                693.4530962624659                                 859.8144148772859                                 1247.819821036805                                 1252.1086683964036                                1250.2286025078347                                1248.6983181906458                                1246.7409809596056
85                                                714.1573958242444                                 896.175494772007                                  1263.8374606313255                                1267.6847781068836                                1265.5889417788949                                1263.9929567184727                                1261.9749092143757
90                                                731.306234854043                                  932.0489302928944                                 1281.000234462676                                 1284.4264165661612                                1282.1068425466501                                1280.4402202209062                                1278.3558393396552
95                                                747.5451552705899                                 967.1137939399554                                 1298.9784672150968                                1301.9869027023838                                1299.4337230598503                                1297.6921348877904                                1295.5369782842245
100                                               764.8268209635538                                 1000.8192342106146                                1317.5346689195958                                1320.0983430468073                                1317.2947556669114                                1315.4734263272871                                1313.2435312591992
105                                               786.5240999851077                                 1033.5705738645934                                1336.265966501409                                 1338.3476952121232                                1335.2798075540832                                1333.3756642663316                                1331.0687597350084
110                                               817.0445305278416                                 1065.4421835434782                                1354.643435041366                                 1356.178535506434                                 1352.8312616764742                                1350.8426262400276                                1348.4583622615655
115                                               854.4171110370572                                 1096.532099820764                                 1371.7893181428863                                1372.726325460917                                 1369.098229367828                                 1367.0280841803478                                1364.5703615500615
120                                               899.1835601439915                                 1127.0139570831943                                1386.2425603235483                                1386.5277834109006                                1382.6337150223867                                1380.4918343101908                                1377.9711918513985
122.80569161994575                                927.4217989841383                                 1143.8135379730038                                1393.4984284851575                                1393.394888567408                                 1389.3544546627404                                1387.1750908100375                                1384.622281146112
