% Model:              batchmodel_BILLETTA_r_0.0131664_COIL_kr_2.4069_COIL_kw_5.3284_FUNZ_freq_7167.5_FUNZ_I_eff_61.5962.mph
% Version:            COMSOL 5.6.0.401
% Date:               Jan 27 2022, 13:26
% Table:              Tabella delle sonde 1 - 
% Tempo (s)                                       Temperatura (degC), Punto: (0, 0.5)               Temperatura (degC), Punto: (0.5*BILLETTA_r, 0.5)  Temperatura (degC), Punto: (BILLETTA_r-10*FUNZ_depth_billetta, 0.5)Temperatura (degC), Punto: (BILLETTA_r-5*FUNZ_depth_billetta, 0.5)Temperatura (degC), Punto: (BILLETTA_r-2*FUNZ_depth_billetta, 0.5)Temperatura (degC), Punto: (BILLETTA_r-FUNZ_depth_billetta, 0.5)Temperatura (degC), Punto: (BILLETTA_r-0.01[mm], 0.5)
0                                                 20                                                19.999999999999943                                20.00000000003996                                 20.000179239980525                                20.170038900933548                                20.39113308833845                                 20.6091357902082
5                                                 260.0280405190741                                 334.349176982686                                  491.66993906141397                                559.575354594658                                  597.501637527316                                  605.1275025402027                                 607.9294696570304
10                                                565.0615873418787                                 660.078581915581                                  914.1431685068513                                 1017.0228779073537                                1055.7542147376694                                1061.4691982316917                                1062.7170082438074
15                                                743.4659808324363                                 877.8052576858626                                 1069.5172347850862                                1095.7622191002024                                1101.4426379742094                                1101.5217573840582                                1100.6960397425405
20                                                952.7564067607017                                 1042.7614736863584                                1118.698685252617                                 1125.7735614366165                                1125.8560266261852                                1125.0781138742427                                1123.9187111365432
25                                                1098.1441888534687                                1134.031020634794                                 1160.3524793958914                                1160.9602084818757                                1158.9587214720882                                1157.8106763474225                                1156.4605014931421
30                                                1177.3359420395905                                1194.1879308214907                                1204.6965420716415                                1202.7945667016102                                1199.8185243504627                                1198.4478268266112                                1196.9372669815275
35                                                1223.9089298121899                                1237.2129199616525                                1244.2321199573917                                1241.4912599045329                                1238.070187819323                                 1236.5655296146028                                1234.9351959299975
40                                                1264.8819458742232                                1275.998644237302                                 1280.3990570033475                                1276.9647291619021                                1273.1586711933146                                1271.53402872393                                  1269.7939029828358
45                                                1298.3486552907052                                1308.1318885264827                                1310.5922294943948                                1306.6023123072073                                1302.4760485246893                                1300.7484585089628                                1298.9121070201768
50                                                1331.2336501664117                                1339.7143117946002                                1340.280123012731                                 1335.7472305583033                                1331.3068859992559                                1329.478001367077                                 1327.5467805666099
55                                                1353.2361334982265                                1360.6325733564481                                1360.093409933234                                 1355.2770029456528                                1350.6500459648391                                1348.7545315713                                   1346.7571565230382
60                                                1374.3432609671268                                1380.7019230189167                                1379.1205351827043                                1374.0364730169013                                1369.2317116891936                                1367.2723461891032                                1365.211318597981
65                                                1386.8291973959135                                1392.5972806812047                                1390.5778770252468                                1385.3788660344117                                1380.4811114380855                                1378.4846499072032                                1376.384058157576
69.22112670059876                                 1397.3701413242188                                1402.6396430494965                                1400.2504553391354                                1394.954401637392                                 1389.9781397672368                                1387.950360827142                                 1385.8163680123444
