% Model:              batchmodel_BILLETTA_r_0.0257427_COIL_kr_2.7711_COIL_kw_3.7744_FUNZ_freq_2540.9_FUNZ_I_eff_61.5962.mph
% Version:            COMSOL 5.6.0.280
% Date:               Jan 27 2022, 15:23
% Table:              Tabella delle sonde 1 - 
% Tempo (s)                                       Temperatura (degC), Punto: (0, 0.5)               Temperatura (degC), Punto: (0.5*BILLETTA_r, 0.5)  Temperatura (degC), Punto: (BILLETTA_r-10*FUNZ_depth_billetta, 0.5)Temperatura (degC), Punto: (BILLETTA_r-5*FUNZ_depth_billetta, 0.5)Temperatura (degC), Punto: (BILLETTA_r-2*FUNZ_depth_billetta, 0.5)Temperatura (degC), Punto: (BILLETTA_r-FUNZ_depth_billetta, 0.5)Temperatura (degC), Punto: (BILLETTA_r-0.01[mm], 0.5)
0                                                 20                                                19.999999999999886                                20.00000000000489                                 20.000015264508306                                20.057075976706642                                20.137724540710792                                20.23251484742974
5                                                 36.09329328431892                                 71.94111234412657                                 181.09860332166477                                220.75490494374753                                246.3871676163676                                 252.3310612216569                                 254.70265501097788
10                                                105.13879988539071                                172.94166876299772                                330.4499218889939                                 384.98502535726607                                417.3979099564094                                 424.3592941530245                                 427.01979570128606
15                                                204.09841292488193                                288.6266405841641                                 490.0933170148837                                 561.4993570460242                                 601.0099345560321                                 608.8717250546202                                 611.6666703533155
20                                                311.6697116552717                                 408.27791191802726                                643.0097207573357                                 728.1537514218304                                 773.2301685369004                                 781.737499338646                                  784.4281637942455
25                                                415.370960135475                                  518.8349366426551                                 774.189127329429                                  885.1597249631108                                 938.4412850675395                                 947.4216911067582                                 949.7577134095521
30                                                507.8962786448909                                 612.5300338623305                                 905.8694694402194                                 1014.8796249803169                                1054.30413777375                                  1059.8813417421457                                1060.5728252838148
35                                                588.658652713849                                  689.5609660806556                                 995.0827066117441                                 1064.6970822744242                                1082.5077616732774                                1083.8457345209922                                1082.8802505997796
40                                                655.5400738243212                                 751.3792919175957                                 1037.238508052148                                 1079.2361405859292                                1088.4437106405717                                1088.5849599334192                                1087.2121851974275
45                                                706.3499649021977                                 813.1392601321619                                 1062.9866524410131                                1089.7334396596107                                1094.407503679009                                 1093.8732249786863                                1092.2547847492333
50                                                744.1801805862165                                 872.861252159422                                  1080.1584938305987                                1097.9243494839898                                1099.9782157522668                                1099.042252449281                                 1097.2696383521215
55                                                781.9202161451584                                 926.8626953431789                                 1092.681801137317                                 1104.7742618456618                                1105.1575308427855                                1103.9596800995087                                1102.0813540759204
60                                                833.3603732081625                                 973.6685328779091                                 1103.172070572874                                 1111.1647669641247                                1110.303338309127                                 1108.9053316784234                                1106.9427193108304
65                                                899.576149656552                                  1014.3701408567609                                1112.8533055314128                                1117.5508056651365                                1115.6769632916585                                1114.1123145153224                                1112.07587024441
70                                                961.7018711236054                                 1048.866376640778                                 1122.0424620361832                                1124.2529612995                                   1121.58807402623                                  1119.8870158387476                                1117.784790825824
75                                                1002.5395097297468                                1073.1004467552284                                1130.4734195430424                                1131.1000045842038                                1127.8939760416665                                1126.0915038002777                                1123.9336701368493
80                                                1043.3771483358883                                1097.3345168696792                                1138.904377049902                                 1137.9470478689077                                1134.199878057103                                 1132.2959917618077                                1130.0825494478736
85                                                1074.6538971189425                                1117.2204391483865                                1147.8026871023367                                1145.6107984093478                                1141.4156366343746                                1139.4214361988866                                1137.1527889485697
90                                                1102.6638200631564                                1135.6145458208953                                1156.8604661502932                                1153.5580396147907                                1148.9483781613417                                1146.8678938681155                                1144.544224609132
95                                                1123.3411992515544                                1150.5736411607782                                1166.2730795456946                                1162.204362875254                                 1157.2789465927763                                1155.1245891238368                                1152.746945459783
100                                               1142.4346730006623                                1164.744924915818                                 1175.605146016309                                 1170.8475063952942                                1165.630984826475                                 1163.4064145847965                                1160.975791253306
105                                               1158.4897898240329                                1177.4049740190871                                1184.7827018067383                                1179.484550317407                                 1174.0242079193113                                1171.7364465429605                                1169.2547517185385
110                                               1171.827106318925                                 1188.4356266176346                                1193.2944103451605                                1187.577604162092                                 1181.9170720457255                                1179.5740381479245                                1177.0452092817595
115                                               1183.5537185221215                                1198.5006174214113                                1201.411504527559                                 1195.3482623019963                                1189.5133984441254                                1187.1197849907876                                1184.546155613221
120                                               1195.280330725318                                 1208.565608225188                                 1209.5285987099583                                1203.118920441901                                 1197.1097248425249                                1194.6655318336502                                1192.0471019446827
125                                               1206.5269950069182                                1218.2973757865652                                1217.4551386719763                                1210.7197873881992                                1204.5453264734488                                1202.0528458646927                                1199.3913863744797
130                                               1215.8334818596645                                1226.682096752712                                 1224.6113679800233                                1217.6342776952215                                1211.3312022652067                                1208.7996992297913                                1206.102368998198
135                                               1225.1399687124103                                1235.0668177188586                                1231.7675972880706                                1224.5487680022438                                1218.1170780569646                                1215.5465525948898                                1212.813351621916
140                                               1234.4464555651566                                1243.4515386850053                                1238.9238265961171                                1231.4632583092662                                1224.902953848722                                 1222.2934059599884                                1219.5243342456342
145                                               1242.3822778004114                                1250.7238662567274                                1245.2560368848985                                1237.599015888728                                 1230.9305499505995                                1228.2873201041189                                1225.4867842226013
150                                               1249.9057776518061                                1257.6615644155895                                1251.3403663412464                                1243.5005156267598                                1236.7300408797205                                1234.0547355916628                                1231.2240611255952
155                                               1257.4292775032004                                1264.5992625744511                                1257.4246957975947                                1249.4020153647912                                1242.5295318088415                                1239.8221510792073                                1236.9613380285896
160                                               1264.9527773545951                                1271.5369607333132                                1263.5090252539426                                1255.303515102823                                 1248.3290227379625                                1245.5895665667517                                1242.698614931584
165                                               1272.4762772059898                                1278.4746588921753                                1269.5933547102914                                1261.2050148408548                                1254.128513667083                                 1251.3569820542962                                1248.4358918345783
170                                               1278.7869416909066                                1284.367057355866                                 1274.8350494705123                                1266.298372463857                                 1259.1361475881208                                1256.336966364568                                 1253.3895058847988
175                                               1284.7327618782797                                1289.9450094869817                                1279.8232634432406                                1271.1486253337962                                1263.9055756307234                                1261.0800761717742                                1258.107379016726
180                                               1290.6785820656532                                1295.5229616180973                                1284.8114774159694                                1275.9988782037358                                1268.6750036733265                                1265.8231859789798                                1262.8252521486538
185                                               1296.6244022530263                                1301.1009137492129                                1289.7996913886977                                1280.8491310736754                                1273.4444317159296                                1270.566295786186                                 1267.5431252805815
190                                               1302.5702224403994                                1306.6788658803284                                1294.787905361426                                 1285.699383943615                                 1278.2138597585326                                1275.3094055933916                                1272.2609984125093
195                                               1307.6014025802042                                1311.4192084996976                                1299.046418796564                                 1289.8409757275758                                1282.2858512277544                                1279.358496052403                                 1276.2879934310663
200                                               1312.3574413324109                                1315.9075820040707                                1303.0854242198047                                1293.7693885729468                                1286.1480403085156                                1283.1988120902738                                1280.1071589725748
205                                               1317.113480084618                                 1320.3959555084434                                1307.1244296430455                                1297.6978014183182                                1290.0102293892774                                1287.0391281281454                                1283.9263245140828
210                                               1321.8695188368251                                1324.8843290128161                                1311.1634350662857                                1301.6262142636897                                1293.8724184700386                                1290.8794441660166                                1287.7454900555917
215                                               1326.6255575890323                                1329.3727025171888                                1315.2024404895265                                1305.5546271090611                                1297.7346075508003                                1294.7197602038882                                1291.5646555971002
220                                               1330.9501798960268                                1333.4566762199706                                1318.880965419703                                 1309.131990221706                                 1301.2510022929714                                1298.2159403095939                                1295.0412495456694
225                                               1334.9729567326694                                1337.257706957374                                 1322.3072760330879                                1312.4637373573346                                1304.5254580549877                                1301.4713417582452                                1298.2781593450882
230                                               1338.8011696847038                                1340.8763580075743                                1325.571014065306                                 1315.6371650768915                                1307.643964523605                                 1304.5715418358354                                1301.3605732725523
235                                               1342.434818752131                                 1344.3126293705714                                1328.6721795163576                                1318.6522733803768                                1310.6065216988236                                1307.516540542365                                 1304.2884913280618
240                                               1345.8739039349502                                1347.5665210463653                                1331.6107723862424                                1321.5090622677903                                1313.4131295806433                                1310.3063378778334                                1307.0619135116176
245                                               1349.1860711297209                                1350.696196673931                                 1334.4353253312406                                1324.2551381559101                                1316.1112515351315                                1312.9884451673702                                1309.7284495904737
250                                               1352.3510036682683                                1353.6841874722631                                1337.1312621253956                                1326.8762030041767                                1318.6866324853672                                1315.5485929301008                                1312.2738005177948
