% Model:              batchmodel_BILLETTA_r_0.0542379_COIL_kr_1.9397_COIL_kw_3.2356_FUNZ_freq_4639.7_FUNZ_I_eff_61.5962.mph
% Version:            COMSOL 5.6.0.401
% Date:               Jan 28 2022, 00:24
% Table:              Tabella delle sonde 1 - 
% Tempo (s)                                       Temperatura (degC), Punto: (0, 0.5)               Temperatura (degC), Punto: (0.5*BILLETTA_r, 0.5)  Temperatura (degC), Punto: (BILLETTA_r-10*FUNZ_depth_billetta, 0.5)Temperatura (degC), Punto: (BILLETTA_r-5*FUNZ_depth_billetta, 0.5)Temperatura (degC), Punto: (BILLETTA_r-2*FUNZ_depth_billetta, 0.5)Temperatura (degC), Punto: (BILLETTA_r-FUNZ_depth_billetta, 0.5)Temperatura (degC), Punto: (BILLETTA_r-0.01[mm], 0.5)
0                                                 20                                                20                                                20.000000000012335                                20.00005151909403                                 20.106462729621                                   20.2543793570332                                  20.416054971717926
5                                                 20.085224923894657                                24.449765415971                                   254.1162572539755                                 304.5935277822947                                 335.6252644569752                                 342.67326697199985                                345.46139630438745
10                                                22.025614819344412                                50.03511997643591                                 473.28119151263104                                549.2114549832886                                 591.1838691685892                                 599.6185388440708                                 602.7087083558683
15                                                30.312430899630613                                95.57288825250191                                 656.3112430397993                                 749.9878781340161                                 804.2078614966432                                 814.6820835066209                                 818.1949330130118
20                                                49.50325033645805                                 151.87829013546389                                821.6969968227855                                 947.5538940014995                                 1002.5499370899814                                1011.5736844638128                                1014.0107699645179
25                                                80.54192791434065                                 211.68162463206323                                962.9562521533588                                 1056.8120455535945                                1086.9627059647664                                1090.496233373664                                 1090.619610885471
30                                                120.31337579901145                                270.0009351518107                                 1007.8748909009765                                1071.2535600362612                                1087.8661114747633                                1089.439507793356                                 1088.9373294441593
35                                                164.6655099687327                                 324.75027885707937                                1030.94199779263                                  1079.1348057945106                                1091.472909414506                                 1092.4142571885627                                1091.6886435242122
40                                                209.65290680464562                                374.9552065154446                                 1048.2769534236568                                1086.2114624246906                                1095.424514743756                                 1095.8975419191725                                1095.0047788389093
45                                                254.04000691508702                                420.5640284607623                                 1060.9787425068407                                1092.1233261893617                                1099.2272026495257                                1099.3753132551965                                1098.3631392128705
50                                                296.86231740950745                                461.8357959872851                                 1070.6770956487558                                1097.2644791118928                                1102.927294538647                                 1102.8484427942867                                1101.7499478047894
55                                                336.9272624878994                                 499.5147110694154                                 1079.8434937771794                                1102.1690284978067                                1106.5208629536014                                1106.2385429893052                                1105.0626068028496
60                                                374.5545720123664                                 533.4259087616578                                 1087.8417306994797                                1106.697620871998                                 1110.0070285174816                                1109.5637125544881                                1108.3253717435186
65                                                409.74562021725376                                564.4458934682557                                 1094.8562820463026                                1110.8565375478584                                1113.298403586426                                 1112.719446334882                                 1111.4275350914404
70                                                442.50044745456466                                592.6004022176286                                 1100.8925646239131                                1114.6459629652381                                1116.3924221741568                                1115.7026757182484                                1114.3658461122554
75                                                472.8770575904931                                 617.8424475684903                                 1106.0057798886787                                1118.104393360833                                 1119.3319756574547                                1118.557683158313                                 1117.1851036303938
80                                                501.36683745689265                                641.5140907259879                                 1111.0267548049233                                1121.5686003457713                                1122.3051383868865                                1121.4503221097552                                1120.0432133966601
85                                                527.7331227360226                                 662.9689610938959                                 1115.555342107954                                 1124.8763862004234                                1125.2213290017485                                1124.3007133569504                                1122.8641240104898
90                                                552.2344898450145                                 682.6509048617406                                 1119.8417150527462                                1128.1361886257823                                1128.1480785396852                                1127.1703913331244                                1125.7072201598453
95                                                575.089563885206                                  700.9351918210979                                 1124.0973939079595                                1131.439691169911                                 1131.1424841641315                                1130.111383101877                                 1128.6227113091772
100                                               596.1370925230522                                 717.5450324851685                                 1128.1663666845566                                1134.719270371539                                 1134.1624324545041                                1133.0853148197584                                1131.5735642300992
105                                               615.7741193208578                                 733.5675300151759                                 1132.2042359474312                                1137.9518387007647                                1137.1330470729135                                1136.009907928787                                 1134.4752152116348
110                                               633.8804118433217                                 748.6734886429306                                 1136.1638822439786                                1141.144387506166                                 1140.0770020161349                                1138.9100779605014                                1137.3532717736489
115                                               650.5521815901087                                 763.3297647447727                                 1140.0817774021307                                1144.3531045216946                                1143.05495998689                                  1141.8469084313165                                1140.2687871174326
120                                               666.1514581392167                                 779.1174863597563                                 1144.0962243565623                                1147.7360906661706                                1146.2271665288113                                1144.9803169625693                                1143.3811130195782
125                                               680.4824224623959                                 795.1814334313905                                 1148.1324161082935                                1151.2078303624967                                1149.506946053652                                 1148.2238053366732                                1146.604057323591
130                                               693.5450745596457                                 811.5216059596756                                 1152.1903526573237                                1154.7683236106732                                1152.8942985614121                                1151.5773735536286                                1149.9376200294723
135                                               705.3394144309668                                 828.1380039446118                                 1156.270034003653                                 1158.4175704106992                                1156.3892240520927                                1155.041021613435                                 1153.381801137221
140                                               716.189125497607                                  844.7488992025493                                 1160.4298095500167                                1162.1943174036119                                1160.0247968002345                                1158.6469219759279                                1156.9683726279986
145                                               726.8125945543203                                 860.7290208868591                                 1164.7991806475943                                1166.1845593405615                                1163.8744222400278                                1162.4664785771233                                1160.7678496107346
150                                               736.5822489604681                                 876.6245968502784                                 1169.2650167300676                                1170.3131724115692                                1167.8739744124364                                1166.4373139387526                                1164.718631074054
155                                               745.4980887160501                                 892.4356270928075                                 1173.8273177974356                                1174.5801566166351                                1172.0234533174616                                1170.5594280608175                                1168.8207170179544
160                                               753.5601138210667                                 908.1621116144469                                 1178.4860838496998                                1178.9855119557587                                1176.3228589551027                                1174.8328209433166                                1173.0741074424377
165                                               761.9437869939999                                 923.6155240959166                                 1183.2861839066654                                1183.5542475780803                                1180.7913587103203                                1179.2757570217077                                1177.4966949809505
170                                               773.2579440270132                                 938.3774470053246                                 1188.327200798985                                 1188.3418690835501                                1185.4714929028878                                1183.9287725990102                                1182.1281907547564
175                                               785.2235425169926                                 952.8134040372826                                 1193.5221403607698                                1193.2998875575813                                1190.3260989053624                                1188.7564557287446                                1186.933903684599
180                                               797.8405824639384                                 966.9233951917919                                 1198.871002592021                                 1198.4283030001743                                1195.3551767177428                                1193.758806410911                                 1191.913833770478
185                                               811.1090638678508                                 980.7074204688521                                 1204.3737874927383                                1203.7271154113282                                1200.5587263400298                                1198.9358246455085                                1197.0679810123934
190                                               825.4047863985589                                 994.2138698220568                                 1210.0042266112732                                1209.1628552814564                                1205.9016238478948                                1204.2524063116548                                1202.3615896958572
195                                               841.5618042663078                                 1007.5501404839434                                1215.7040194368697                                1214.661239987055                                 1211.305914790289                                 1209.630640910298                                 1207.7175225790743
200                                               858.8514993965704                                 1020.6224117366015                                1221.5240964790432                                1220.2871617874557                                1216.8396990836532                                1215.138589962029                                 1213.2031656759286
205                                               877.2738717893468                                 1033.4306835800317                                1227.4644577377935                                1226.0406206826583                                1222.5029767279866                                1220.7762534668473                                1218.8185189864198
210                                               896.8289214446369                                 1045.974956014234                                 1233.525103213121                                 1231.9216166726633                                1228.2957477232899                                1226.5436314247536                                1224.5635825105478
215                                               916.7492739064145                                 1058.3153837039858                                1239.648635506515                                 1237.8687158345783                                1234.1552845086203                                1232.3777575196805                                1230.375251124818
220                                               935.3318092752596                                 1070.585474620293                                 1245.7076661561737                                1243.745570996883                                 1239.9423687969452                                1238.1388835686598                                1236.1134685754214
225                                               954.0643492377748                                 1082.6685980698821                                1251.8134799378527                                1249.6712931386496                                1245.7786197336286                                1243.9490916267214                                1241.9005860437587
230                                               972.9468937939597                                 1094.5647540527539                                1257.9660768515519                                1255.6458822598765                                1251.6640373186697                                1249.8083816938647                                1247.7366035298296
235                                               991.9794429438142                                 1106.2739425689074                                1264.1654568972708                                1261.6693383605643                                1257.5986215520697                                1255.7167537700911                                1253.621521033635
240                                               1009.9524475783402                                1117.5996791542107                                1270.326631210024                                 1267.6579771830616                                1263.4992476393077                                1261.5912001110923                                1259.4723987676462
245                                               1025.0871820029324                                1128.3898550850904                                1276.3011510854167                                1273.4638145289068                                1269.2185151572066                                1267.2845378274724                                1265.142266156698
250                                               1040.2219164275252                                1139.1800310159701                                1282.2756709608093                                1279.2696518747525                                1274.9377826751056                                1272.9778755438524                                1270.81213354575
