% Model:              batchmodel_BILLETTA_r_0.0445341_COIL_kr_1.4848_COIL_kw_5.8583_FUNZ_freq_4639.7_FUNZ_I_eff_61.5962.mph
% Version:            COMSOL 5.6.0.401
% Date:               Jan 27 2022, 13:36
% Table:              Tabella delle sonde 1 - 
% Tempo (s)                                       Temperatura (degC), Punto: (0, 0.5)               Temperatura (degC), Punto: (0.5*BILLETTA_r, 0.5)  Temperatura (degC), Punto: (BILLETTA_r-10*FUNZ_depth_billetta, 0.5)Temperatura (degC), Punto: (BILLETTA_r-5*FUNZ_depth_billetta, 0.5)Temperatura (degC), Punto: (BILLETTA_r-2*FUNZ_depth_billetta, 0.5)Temperatura (degC), Punto: (BILLETTA_r-FUNZ_depth_billetta, 0.5)Temperatura (degC), Punto: (BILLETTA_r-0.01[mm], 0.5)
0                                                 20                                                20                                                20.00000000000574                                 20.000020085024858                                20.053120176628568                                20.17307098158676                                 20.303176045340024
5                                                 20.638779110290614                                31.914439814579453                                261.7931324082342                                 311.42266853021                                   341.7784296939253                                 348.523595300539                                  351.1895562373114
10                                                28.636354983759816                                79.41172653136971                                 469.23078561245484                                541.773855903643                                  581.7579067656175                                 589.7643052798653                                 592.7040892518766
15                                                53.87436610619028                                 150.3260081864076                                 651.0083524878639                                 735.8773464254389                                 777.7113990846134                                 786.3618009258688                                 789.3470802844448
20                                                99.75365431111607                                 227.07962657775317                                814.5043675247638                                 936.8111648053422                                 992.8249610277707                                 1002.0846580314636                                1004.6284512012288
25                                                157.92039338472875                                302.30307032915925                                957.2765037143321                                 1051.8361020577036                                1080.6932983875104                                1084.0508592748297                                1084.152597521058
30                                                219.74796500992568                                373.1122245328428                                 1010.7643506004698                                1071.7224910203713                                1087.865529056222                                 1089.3611711661883                                1088.828330028418
35                                                280.32112228101334                                437.03795238449356                                1037.4839879863298                                1081.7346773196414                                1092.8185326286502                                1093.5664819606886                                1092.7718495552435
40                                                337.3395251033088                                 493.0240175370875                                 1056.4992322108546                                1090.012712274905                                 1097.7936942113083                                1098.041598397706                                 1097.0661315274015
45                                                390.25626595933386                                541.8408897132517                                 1069.699128891175                                 1096.7934637623616                                1102.5754634355521                                1102.512373321516                                 1101.419565287575
50                                                438.46811931371406                                585.3262794862653                                 1081.2907334485153                                1102.9232680634627                                1107.0281768624518                                1106.7054636426474                                1105.5141715884902
55                                                482.04303632095525                                623.286387185288                                  1090.8271288577193                                1108.312633122077                                 1111.167146900607                                 1110.6508497444652                                1109.384671965906
60                                                521.8923594515769                                 657.142295503058                                  1099.0575002491964                                1113.288879992639                                 1115.1530938719047                                1114.481207835834                                 1113.1530905821983
65                                                558.0829890243115                                 686.9983240429791                                 1106.0368442083536                                1117.8760368353387                                1118.9978160202631                                1118.2062774833244                                1116.828385052776
70                                                590.6869076667509                                 713.4441845057721                                 1112.1077997407328                                1122.1711539358494                                1122.7346089317857                                1121.8507886301736                                1120.4325367776455
75                                                620.0856013590803                                 737.7548676483416                                 1117.9877553672918                                1126.4126634711533                                1126.4600949743976                                1125.490578360335                                 1124.0342072201329
80                                                646.1312764531345                                 759.6087902516457                                 1123.332735263868                                 1130.4920851720244                                1130.1353575265543                                1129.0968860829307                                1127.608120519013
85                                                669.4176652104403                                 782.5614940754548                                 1128.6572095145211                                1134.6336786279494                                1133.8972529938333                                1132.7933925776347                                1131.273213851669
90                                                689.6907558108574                                 805.0918395548384                                 1133.7410764152883                                1138.741500616367                                 1137.6872311728325                                1136.5271844658132                                1134.978603257658
95                                                707.021253777028                                  827.8604483121347                                 1138.8587843785417                                1142.9831354459816                                1141.6393525193143                                1140.4269248537666                                1138.850770343919
100                                               721.4043345031873                                 850.8222426961412                                 1143.9916063608612                                1147.347147967293                                 1145.744469390725                                 1144.4838343881825                                1142.8810846121942
105                                               733.901185605909                                  873.4152215697687                                 1149.1694105156535                                1151.8548558912785                                1150.021453560751                                 1148.7163851647979                                1147.087825229035
110                                               745.6250450697918                                 895.1594569001992                                 1154.4663224616556                                1156.5547203449883                                1154.5109605691446                                1153.1639699133752                                1151.5098419234569
115                                               756.4986316124097                                 916.2796952900657                                 1159.856145976451                                 1161.4295113564776                                1159.1985293395937                                1157.8125799673667                                1156.1333188968792
120                                               769.9527207165212                                 936.3896082866353                                 1165.4471621458147                                1166.5494281734323                                1164.1430161218377                                1162.7192618755294                                1161.0145150303547
125                                               784.4622695880533                                 955.6609259917308                                 1171.1912380358294                                1171.8832659392901                                1169.3182582305012                                1167.8586573978541                                1166.128422216655
130                                               803.2900496910921                                 974.4095739629332                                 1177.1895042002348                                1177.501640182405                                 1174.7853388769267                                1173.2902554248085                                1171.5337894478075
135                                               825.8131235767927                                 992.5752348096343                                 1183.4226525110048                                1183.391068788702                                 1180.5325958836502                                1179.0026981711267                                1177.2194002020237
140                                               851.2352512493502                                 1010.2844179931252                                1189.9220897281948                                1189.5729255218612                                1186.578158447207                                 1185.0135529440977                                1183.2025532263378
145                                               879.2005025157847                                 1027.65205696489                                  1196.7179372329197                                1196.0678347437083                                1192.9396031981523                                1191.3398725243596                                1189.5000524703887
150                                               908.7495142677989                                 1044.5891994139174                                1203.7730606733753                                1202.841066912967                                 1199.5836876154467                                1197.9489007850957                                1196.079591619418
155                                               935.1633698679415                                 1061.0560439944998                                1211.022828515967                                 1209.8118869362434                                1206.4273135856001                                1204.7580385013712                                1202.8596662996888
160                                               960.6296768595163                                 1077.071041917115                                 1218.4972028137008                                1217.0177221963227                                1213.5090039463466                                1211.805577234878                                 1209.8780605189518
165                                               985.148435242524                                  1092.6341931817628                                1226.1961835665784                                1224.4585726932041                                1220.8287586976862                                1219.0915169856148                                1217.134774277206
170                                               1008.7196450169646                                1107.7454977884436                                1234.1197707745987                                1232.1344384268878                                1228.386577839619                                 1226.6158577535834                                1224.6298075744517
175                                               1028.7185021209516                                1121.5629054725573                                1242.0650170944532                                1239.8475932983965                                1235.9848904811215                                1234.1806922567935                                1232.1648386550132
180                                               1046.9612206928082                                1134.789172946253                                 1249.930405376581                                 1247.4859837938934                                1243.5091045465406                                1241.6712891208963                                1239.6253675850808
185                                               1065.2039392646648                                1148.0154404199493                                1257.7957936587081                                1255.1243742893907                                1251.0333186119597                                1249.1618859849987                                1247.0858965151483
190                                               1083.4466578365214                                1161.2417078936446                                1265.6611819408358                                1262.7627647848876                                1258.5575326773787                                1256.652482849101                                 1254.5464254452158
195                                               1101.6893764083775                                1174.4679753673408                                1273.526570222963                                 1270.4011552803845                                1266.0817467427978                                1264.1430797132039                                1262.0069543752834
200                                               1116.724633323276                                 1186.1996773399078                                1281.0213507855033                                1277.6906036385876                                1273.264343190574                                 1271.2933513186895                                1269.1277778362278
205                                               1131.752577682877                                 1197.9279719162091                                1288.5152864152801                                1284.979256458466                                 1280.4461607988856                                1278.4428470311045                                1276.2478268171335
210                                               1146.7805220424775                                1209.6562664925104                                1296.0092220450565                                1292.2679092783442                                1287.6279784071967                                1285.59234274352                                  1283.3678757980397
215                                               1161.8084664020785                                1221.3845610688113                                1303.5031576748333                                1299.556562098222                                 1294.8097960155083                                1292.741838455935                                 1290.487924778945
220                                               1176.000455106619                                 1232.6354493711883                                1310.8333692997412                                1306.6880415540186                                1301.8368787940312                                1299.7371131996424                                1297.4540916087435
225                                               1188.7748427515476                                1243.0767592758557                                1317.8859402132298                                1313.552988776777                                 1308.6015645693892                                1306.4708623380961                                1304.1593073950935
230                                               1201.5492303964757                                1253.5180691805222                                1324.9385111267188                                1320.417935999535                                 1315.3662503447467                                1313.2046114765499                                1310.8645231814435
235                                               1214.3236180414042                                1263.959379085189                                 1331.9910820402074                                1327.282883222293                                 1322.1309361201047                                1319.938360615004                                 1317.569738967793
240                                               1227.0980056863323                                1274.400688989856                                 1339.0436529536964                                1334.147830445051                                 1328.8956218954622                                1326.6721097534573                                1324.274954754143
245                                               1238.9772906112103                                1284.277908367385                                 1345.7508157890215                                1340.6784488704916                                1335.3310027341981                                1333.0777989161024                                1330.6530666811977
250                                               1250.15825934121                                  1293.7150513808792                                1352.1885078145501                                1346.9482400094648                                1341.5094756615345                                1339.22755142604                                  1336.7759878717761
