% Model:              batchmodel_BILLETTA_r_0.0542379_COIL_kr_2.4069_COIL_kw_5.3284_FUNZ_freq_8940.8_FUNZ_I_eff_85.0125.mph
% Version:            COMSOL 5.6.0.401
% Date:               Jan 28 2022, 03:31
% Table:              Tabella delle sonde 1 - 
% Tempo (s)                                       Temperatura (degC), Punto: (0, 0.5)               Temperatura (degC), Punto: (0.5*BILLETTA_r, 0.5)  Temperatura (degC), Punto: (BILLETTA_r-10*FUNZ_depth_billetta, 0.5)Temperatura (degC), Punto: (BILLETTA_r-5*FUNZ_depth_billetta, 0.5)Temperatura (degC), Punto: (BILLETTA_r-2*FUNZ_depth_billetta, 0.5)Temperatura (degC), Punto: (BILLETTA_r-FUNZ_depth_billetta, 0.5)Temperatura (degC), Punto: (BILLETTA_r-0.01[mm], 0.5)
0                                                 20.000000000000057                                20                                                20.000000000616865                                20.002315455018447                                20.38855457112703                                 20.767507721900984                                21.105897356484604
5                                                 20.096458653221646                                28.99530868150657                                 745.3533129704061                                 899.466923244595                                  975.7312210309918                                 989.9287285451977                                 994.5719592740799
10                                                23.81342883866745                                 82.50204655438392                                 1045.776092789939                                 1120.493685614063                                 1138.7338619943025                                1140.4083525309384                                1140.1101907996767
15                                                42.87260631321766                                 157.26262253726958                                1126.7408047558101                                1167.2257697399668                                1176.485585554261                                 1177.0122581751175                                1176.2929899974447
20                                                79.66602790541754                                 228.77646154737704                                1138.4338597531337                                1163.5912519964363                                1168.7579371204697                                1168.7232570917945                                1167.8342127867213
25                                                125.72647246994944                                292.9711456923603                                 1154.5994813037014                                1173.3397315447132                                1176.7456711184677                                1176.450749502275                                 1175.4613930232663
30                                                174.55133325729844                                351.2353198568918                                 1170.2028013986205                                1185.021119166906                                 1187.3181688523687                                1186.848917281356                                 1185.7822712582324
35                                                221.8501154430349                                 401.29704137286956                                1185.0472771552727                                1197.5848909397782                                1199.2110864572642                                1198.627421646716                                 1197.5012078967866
40                                                268.06852000075787                                448.51709747801533                                1199.9040526592357                                1210.6090211602677                                1211.6844657136053                                1211.002725972407                                 1209.8216186373566
45                                                311.2050641687541                                 490.5662495606683                                 1216.0549705630397                                1225.5793946145795                                1226.2797873389832                                1225.5224698066108                                1224.291276002351
50                                                351.92237092598725                                529.5184512929998                                 1233.9052039223857                                1242.552667623876                                 1242.9505391037374                                1242.1241592693023                                1240.8409804763555
55                                                390.6173367423439                                 566.0701872233983                                 1253.2147321160119                                1261.1941298552279                                1261.3367349830742                                1260.444690390495                                 1259.1071457290545
60                                                426.18468471355334                                599.4485222410816                                 1274.8920148924112                                1282.3980006675342                                1282.3201523563898                                1281.3618354114246                                1279.9639717236364
65                                                460.48872369200694                                631.7360009979525                                 1297.5089934247085                                1304.5539250451357                                1304.248186874614                                 1303.2198049564067                                1301.7576500889081
70                                                492.9259563177186                                 662.4115088044942                                 1321.5145712757894                                1328.116710019815                                 1327.5720931052501                                1326.4680418139692                                1324.9357260696597
75                                                523.7606905173442                                 691.7032732425793                                 1346.7121464754691                                1352.8871681359697                                1352.0942394312624                                1350.909707854466                                 1349.3021925852013
76.02512252011911                                 529.8846103322956                                 697.5378692106356                                 1352.0255139984188                                1358.114902617886                                 1357.2698986494938                                1356.0682723511409                                1354.4447169134946
