% Model:              batchmodel_BILLETTA_r_0.0131664_COIL_kr_1.9397_COIL_kw_3.7744_FUNZ_freq_2540.9_FUNZ_I_eff_85.0125.mph
% Version:            COMSOL 5.6.0.401
% Date:               Jan 27 2022, 12:49
% Table:              Tabella delle sonde 1 - 
% Tempo (s)                                       Temperatura (degC), Punto: (0, 0.5)               Temperatura (degC), Punto: (0.5*BILLETTA_r, 0.5)  Temperatura (degC), Punto: (BILLETTA_r-10*FUNZ_depth_billetta, 0.5)Temperatura (degC), Punto: (BILLETTA_r-5*FUNZ_depth_billetta, 0.5)Temperatura (degC), Punto: (BILLETTA_r-2*FUNZ_depth_billetta, 0.5)Temperatura (degC), Punto: (BILLETTA_r-FUNZ_depth_billetta, 0.5)Temperatura (degC), Punto: (BILLETTA_r-0.01[mm], 0.5)
0                                                 20                                                20                                                20.00000000002001                                 20.000068406670323                                20.079538934656966                                20.204260527243378                                20.295679316080793
5                                                 243.85262725603616                                314.04075408078415                                392.6856589244453                                 473.8509546413553                                 519.2819784666624                                 528.2507794642693                                 531.5145337402964
10                                                542.1058426835131                                 632.5890412394026                                 743.6587470049523                                 876.5947765232401                                 940.0644569778427                                 950.6025642787798                                 953.432750493867
15                                                739.2881036890175                                 896.2162141338077                                 1040.7558727926767                                1102.6784373026385                                1115.1130220619407                                1115.4380188348505                                1114.0044125141726
20                                                1022.4183317921105                                1095.3541928251466                                1124.4903713761564                                1132.8192963888905                                1131.6799056260488                                1130.1545455159016                                1128.074408506237
25                                                1134.6413597118335                                1153.0319381512481                                1160.6684658345375                                1160.5181129648236                                1156.8863149445701                                1154.932580681043                                 1152.6244843465797
30                                                1169.8141879064178                                1177.5594945666226                                1179.5634559983191                                1176.6725905356243                                1172.0807165846677                                1169.9368835565406                                1167.511476321822
35                                                1188.971906233438                                 1193.502357840799                                 1193.423836083557                                 1189.3518365168056                                1184.2791918951557                                1182.0242195576197                                1179.5176339699588
40                                                1203.3722470593198                                1206.2789798183376                                1205.064550654441                                 1200.2906539524479                                1194.8983734049675                                1192.5610644977946                                1189.9880978367337
45                                                1213.6785301253872                                1215.8334092394666                                1214.0504064993393                                1208.892858228765                                 1203.307633303922                                 1200.915251373417                                 1198.294022089402
50                                                1223.699192255042                                 1225.1630431864578                                1222.8510467757606                                1217.3320492605812                                1211.5627185632106                                1209.1171656440001                                1206.4489377662871
55                                                1231.9496098396435                                1232.9805705055505                                1230.3187087908468                                1224.5456843100928                                1218.6385306339598                                1216.1512673433358                                1213.4450325015296
60                                                1239.6959340599096                                1240.367511598903                                 1237.4067930248739                                1231.4103310573787                                1225.378533852343                                 1222.8528237061523                                1220.1111423492216
65                                                1245.7274207984665                                1246.1590204375993                                1242.9920545377495                                1236.8353586513872                                1230.710472351676                                 1228.1552707098822                                1225.3859510578568
70                                                1250.7164481127452                                1250.9806569662937                                1247.6637416009216                                1241.3852336028199                                1235.1864403278423                                1232.6071912045204                                1229.8149799186117
75                                                1255.7054754270243                                1255.8022934949872                                1252.3354286640933                                1245.9351085542526                                1239.6624083040078                                1237.0591116991586                                1234.2440087793666
80                                                1260.6945027413035                                1260.6239300236812                                1257.0071157272655                                1250.4849835056852                                1244.1383762801738                                1241.5110321937968                                1238.6730376401215
85                                                1265.2444862515867                                1265.0232573623985                                1261.2712468788131                                1254.6388561009958                                1248.2249678740473                                1245.5756374203233                                1242.7166531008643
90                                                1268.8129775343218                                1268.4785030768858                                1264.6242776893237                                1257.9074565865817                                1251.4410998706485                                1248.7743907163526                                1245.8986682997129
95                                                1272.3814688170564                                1271.9337487913735                                1267.9773084998342                                1261.1760570721676                                1254.6572318672502                                1251.973144012382                                 1249.080683498562
100                                               1275.949960099791                                 1275.3889945058609                                1271.3303393103447                                1264.4446575577535                                1257.8733638638514                                1255.1718973084112                                1252.2626986974105
105                                               1279.518451382526                                 1278.8442402203482                                1274.6833701208552                                1267.7132580433395                                1261.0894958604526                                1258.3706506044405                                1255.4447138962596
110                                               1281.8863110979514                                1281.1351713849363                                1276.9056528319989                                1269.8790559958315                                1263.2200342865858                                1260.4894298851673                                1257.5521050563934
115                                               1284.2496045399776                                1283.421674397956                                 1279.1236350523768                                1272.0406597408678                                1265.3464439548397                                1262.6041017804541                                1259.6554091782582
120                                               1286.6128979820037                                1285.7081774109756                                1281.3416172727552                                1274.2022634859036                                1267.4728536230941                                1264.7187736757414                                1261.7587133001234
125                                               1288.9761914240298                                1287.9946804239953                                1283.5595994931336                                1276.3638672309394                                1269.5992632913485                                1266.8334455710283                                1263.8620174219886
130                                               1291.339484866056                                 1290.281183437015                                 1285.7775817135116                                1278.5254709759752                                1271.7256729596024                                1268.9481174663151                                1265.9653215438534
135                                               1292.8347681787523                                1291.7263160564394                                1287.1783510388855                                1279.8899439464903                                1273.0675258923802                                1270.2824122937582                                1267.2922815162578
140                                               1294.3267502526078                                1293.1682487539633                                1288.5760123187893                                1281.2513852483812                                1274.4063949784486                                1271.613739170713                                 1268.6162888762747
145                                               1295.8187323264633                                1294.6101814514868                                1289.973673598693                                 1282.612826550272                                 1275.745264064517                                 1272.9450660476678                                1269.9402962362915
150                                               1297.3107144003188                                1296.0521141490108                                1291.3713348785968                                1283.974267852163                                 1277.0841331505853                                1274.276392924622                                 1271.2643035963083
155                                               1298.8026964741744                                1297.4940468465343                                1292.7689961585006                                1285.3357091540533                                1278.4230022366537                                1275.6077198015773                                1272.5883109563251
160                                               1299.7211218989005                                1298.3811419153044                                1293.6284467516957                                1286.1726243260136                                1279.24591361496                                  1276.4259574250054                                1273.4020153276424
165                                               1300.6373659579672                                1299.2661268110833                                1294.4858504079216                                1287.0075446064684                                1280.0668626894085                                1277.2422436539564                                1274.2137789012768
170                                               1301.5536100170343                                1300.1511117068626                                1295.343254064147                                 1287.8424648869232                                1280.8878117638565                                1278.0585298829078                                1275.0255424749116
175                                               1302.4698540761015                                1301.0360966026415                                1296.2006577203724                                1288.6773851673784                                1281.708760838305                                 1278.8748161118588                                1275.837306048546
180                                               1303.3860981351686                                1301.9210814984203                                1297.0580613765983                                1289.5123054478331                                1282.5297099127533                                1279.6911023408093                                1276.6490696221808
185                                               1303.9401760178052                                1302.4564731681235                                1297.5768524740647                                1290.0175255712875                                1283.0264982673157                                1280.1850800170496                                1277.1403242741176
190                                               1304.4928765005611                                1302.9905352557198                                1298.0943557513847                                1290.5214917704752                                1283.5220537653436                                1280.6778318809666                                1277.6303599581352
195                                               1305.0455769833175                                1303.5245973433166                                1298.6118590287056                                1291.025457969663                                 1284.0176092633715                                1281.1705837448835                                1278.1203956421527
200                                               1305.5982774660733                                1304.058659430913                                 1299.129362306026                                 1291.5294241688512                                1284.5131647613998                                1281.6633356088005                                1278.6104313261694
205                                               1306.1509779488292                                1304.5927215185093                                1299.6468655833464                                1292.033390368039                                 1285.0087202594277                                1282.1560874727174                                1279.1004670101875
210                                               1306.4813723934785                                1304.912262267996                                 1299.9566785523907                                1292.335192621752                                 1285.305528080742                                 1282.4512292155705                                1279.3939947110566
215                                               1306.8109213579855                                1305.2309871443153                                1300.2657016282187                                1292.636226000257                                 1285.6015800196897                                1282.7456194024385                                1279.6867750476213
220                                               1307.1404703224925                                1305.5497120206346                                1300.5747247040472                                1292.9372593787616                                1285.8976319586377                                1283.040009589307                                 1279.9795553841864
225                                               1307.4700192869996                                1305.868436896953                                 1300.8837477798756                                1293.2382927572662                                1286.1936838975857                                1283.3343997761754                                1280.272335720751
230                                               1307.7995682515066                                1306.1871617732722                                1301.1927708557037                                1293.5393261357713                                1286.4897358365338                                1283.6287899630443                                1280.5651160573157
235                                               1307.995182468524                                 1306.3764715448233                                1301.3764072442123                                1293.718262654454                                 1286.6657283552322                                1283.80379808018                                  1280.7391693090822
240                                               1308.1902873014055                                1306.5652891214613                                1301.5595667587904                                1293.8967348111637                                1286.8412642608018                                1283.9783521603035                                1280.9127710148919
245                                               1308.3853921342866                                1306.754106698099                                 1301.7427262733681                                1294.0752069678738                                1287.0168001663715                                1284.1529062404275                                1281.086372720702
250                                               1308.5804969671676                                1306.9429242747365                                1301.9258857879463                                1294.2536791245839                                1287.1923360719406                                1284.327460320551                                 1281.2599744265117
