% Model:              batchmodel_BILLETTA_r_0.0445341_COIL_kr_2.4069_COIL_kw_4.5299_FUNZ_freq_8940.8_FUNZ_I_eff_61.5962.mph
% Version:            COMSOL 5.6.0.401
% Date:               Jan 27 2022, 18:09
% Table:              Tabella delle sonde 1 - 
% Tempo (s)                                       Temperatura (degC), Punto: (0, 0.5)               Temperatura (degC), Punto: (0.5*BILLETTA_r, 0.5)  Temperatura (degC), Punto: (BILLETTA_r-10*FUNZ_depth_billetta, 0.5)Temperatura (degC), Punto: (BILLETTA_r-5*FUNZ_depth_billetta, 0.5)Temperatura (degC), Punto: (BILLETTA_r-2*FUNZ_depth_billetta, 0.5)Temperatura (degC), Punto: (BILLETTA_r-FUNZ_depth_billetta, 0.5)Temperatura (degC), Punto: (BILLETTA_r-0.01[mm], 0.5)
0                                                 19.999999999999943                                20                                                20.00000000008515                                 20.000328760229877                                20.213487938992557                                20.492050230758366                                20.75958168090125
5                                                 20.91728993625469                                 37.55197376716899                                 448.46670804643554                                519.7010483433185                                 560.1983206336772                                 568.5082644826633                                 571.614753635111
10                                                34.65732397143802                                 107.22328183941318                                763.1953484514137                                 882.6680358928226                                 941.1878605935434                                 951.5647436984515                                 954.8740714611621
15                                                74.36506937644987                                 197.4363241520711                                 983.4114283890104                                 1068.6373976909917                                1092.9501135401065                                1095.6039634162285                                1095.7103558585086
20                                                133.6975455938212                                 283.690928823121                                  1043.4108895655081                                1092.9545173596298                                1105.6441388257285                                1106.8130336619474                                1106.438660493176
25                                                198.8584269799493                                 360.2125227669684                                 1086.858629592476                                 1122.0493909280162                                1130.021376836159                                 1130.4364672132797                                1129.7637336449598
30                                                262.6290238501292                                 425.7594759262731                                 1082.6560199224132                                1106.4732594172774                                1111.8623555360405                                1111.9793945052475                                1111.245950707771
35                                                322.4955711955854                                 483.6083818650194                                 1091.867149127413                                 1110.7504907019515                                1114.7278759552364                                1114.638306200176                                 1113.8314771320056
40                                                375.2471928093082                                 531.344398517187                                  1103.1291630691335                                1118.4472885403588                                1121.3152138904306                                1121.0495493047974                                1120.1719261265252
45                                                422.57817770977636                                573.1189617137431                                 1112.9791875620435                                1125.55120002714                                  1127.5585870590749                                1127.1537379630377                                1126.2181790112286
50                                                465.84054069478987                                610.6103136701456                                 1121.8626273491313                                1132.2354088514558                                1133.5507191839624                                1133.0321836309568                                1132.0476689019006
55                                                505.64826643160427                                644.6293570483615                                 1130.0317381619357                                1138.6107397710925                                1139.3606014345573                                1138.7479531668005                                1137.721416898929
60                                                541.1534544932591                                 674.4682605481657                                 1137.762545950341                                 1144.99426171292                                  1145.3136332453937                                1144.626978788226                                 1143.5649027662425
65                                                574.6899662857587                                 702.7033416765737                                 1145.46248383991                                  1151.5254629411766                                1151.466742978584                                 1150.7135380181644                                1149.618015034565
70                                                605.1964848408736                                 728.4699768672542                                 1153.1149098118622                                1158.2839576285933                                1157.9277930070784                                1157.119512603576                                 1155.9937636791092
75                                                633.0530213442358                                 752.2209713520843                                 1160.7462520090962                                1165.2528942938848                                1164.6671329351739                                1163.813393472838                                 1162.6600750966086
80                                                658.0759583795057                                 777.4178907006473                                 1168.8697414829999                                1172.739910412592                                 1171.9296017790916                                1171.030137494456                                 1169.8480529610283
85                                                680.3511794259118                                 802.4416548680243                                 1177.2453243801842                                1180.6011145322186                                1179.6006808456527                                1178.659848157859                                 1177.4496030186842
90                                                699.8418678718641                                 827.6126790175259                                 1186.094867042682                                 1189.0209014636134                                1187.8532327093317                                1186.8735028934097                                1185.63484469494
95                                                716.4804260957817                                 853.5192656034691                                 1195.8257300716587                                1198.3378317126667                                1197.0046439624844                                1195.9850270499483                                1194.7161279873253
100                                               730.3074984725934                                 879.8076864181809                                 1206.192980041681                                 1208.3483392393964                                1206.8640797893972                                1205.805666951243                                 1204.5056464299964
105                                               743.795800662924                                  905.5996139628911                                 1217.181267898637                                 1219.0059168758658                                1217.3762929847808                                1216.279315100012                                 1214.947603449491
110                                               757.2708922859637                                 930.7794069729865                                 1228.7885727744224                                1230.304441453075                                 1228.534009659686                                 1227.3985843406113                                1226.03465282663
115                                               770.4540321628673                                 955.5869940620368                                 1241.0237462676641                                1242.2611708848635                                1240.3567149474684                                1239.1831216603437                                1237.7862752296114
120                                               796.1346360947824                                 979.7171884129276                                 1253.6855974287714                                1254.6386132588073                                1252.5939208777595                                1251.3797352882484                                1249.9475087886162
125                                               821.8152400266976                                 1003.8473827638192                                1266.3474485898782                                1267.016055632751                                 1264.831126808051                                 1263.5763489161527                                1262.108742347622
130                                               849.5014257073868                                 1027.6931902942138                                1279.0017707974903                                1279.3873368955497                                1277.0620467456924                                1275.7664389196916                                1274.263113582207
135                                               880.7363442746556                                 1051.035795767139                                 1291.6427710625344                                1291.7477165145956                                1289.2818440707274                                1287.9449858383682                                1286.4053424265044
140                                               911.9712628419239                                 1074.3784012400647                                1304.2837713275785                                1304.1080961336415                                1301.5016413957628                                1300.1235327570448                                1298.5475712708017
145                                               943.6797374510764                                 1096.8904594373362                                1316.760812131422                                 1316.3086534136182                                1313.5622715421455                                1312.1427053476718                                1310.5299804731194
150                                               975.6023392947283                                 1119.0269701269694                                1329.1637155937647                                1328.4369440293585                                1325.550931267347                                 1324.0898138506363                                1322.4401242307408
155                                               1007.428646778378                                 1141.1097633714676                                1341.525481619255                                 1340.5245506722622                                1337.4992543305757                                1335.9966996922158                                1334.3101472502467
160                                               1033.3943025514482                                1159.9232141880334                                1351.383547639317                                 1350.1360559631098                                1346.9926140191806                                1345.455560444405                                 1343.7383484178804
165                                               1059.3599583245177                                1178.7366650045997                                1361.2416136593783                                1359.7475612539579                                1356.485973707785                                 1354.9144211965936                                1353.1665495855136
170                                               1085.3256140975873                                1197.550115821166                                 1371.0996796794398                                1369.3590665448055                                1365.9793333963898                                1364.3732819487823                                1362.5947507531469
175                                               1111.2912698706573                                1216.3635666377322                                1380.9577456995016                                1378.9705718356536                                1375.4726930849943                                1373.832142700971                                 1372.02295192078
179.91917472572305                                1136.8371893937992                                1234.8728969898293                                1390.6564555415807                                1388.4267066162315                                1384.8125920934713                                1383.138100450231                                 1381.2987456993515
