% Model:              batchmodel_BILLETTA_r_0.0335556_COIL_kr_1.6756_COIL_kw_3.7744_FUNZ_freq_6066_FUNZ_I_eff_85.0125.mph
% Version:            COMSOL 5.6.0.280
% Date:               Jan 27 2022, 17:26
% Table:              Tabella delle sonde 1 - 
% Tempo (s)                                       Temperatura (degC), Punto: (0, 0.5)               Temperatura (degC), Punto: (0.5*BILLETTA_r, 0.5)  Temperatura (degC), Punto: (BILLETTA_r-10*FUNZ_depth_billetta, 0.5)Temperatura (degC), Punto: (BILLETTA_r-5*FUNZ_depth_billetta, 0.5)Temperatura (degC), Punto: (BILLETTA_r-2*FUNZ_depth_billetta, 0.5)Temperatura (degC), Punto: (BILLETTA_r-FUNZ_depth_billetta, 0.5)Temperatura (degC), Punto: (BILLETTA_r-0.01[mm], 0.5)
0                                                 20                                                20                                                20.000000000166892                                20.000970654806167                                20.26001679124812                                 20.517132418669235                                20.76368944719752
5                                                 25.627468983252925                                82.51367543847306                                 623.1312984691158                                 763.1954870375195                                 836.3017178792403                                 849.6247588641749                                 854.1118490414311
10                                                95.73839777928066                                 247.0647004120401                                 1013.6611254412745                                1113.2581162803822                                1137.9856584773756                                1140.5392112951968                                1140.3611057491898
15                                                219.0527317538489                                 397.20297557015886                                1094.691212609469                                 1139.1097313501919                                1148.9087222924527                                1149.356553898855                                 1148.4622313816326
20                                                337.02469491104046                                514.0045684352735                                 1127.335358855656                                 1153.110658974052                                 1157.8680999749795                                1157.612820433485                                 1156.4709600772085
25                                                437.81270680248724                                604.9818495341694                                 1148.6382238501892                                1165.5500745540485                                1167.9072312735857                                1167.2971379592987                                1166.016408080031
30                                                521.2691534592013                                 677.9525743022075                                 1166.9887559957906                                1178.8736772653342                                1179.8172989971013                                1178.9846466400327                                1177.6035947115943
35                                                590.8196410296669                                 738.5477665216206                                 1184.0761817512316                                1193.1062948914955                                1193.2209991331606                                1192.244756942544                                 1190.7855582787688
40                                                647.8091047614344                                 795.7656017122739                                 1202.1506888407212                                1209.3662251501623                                1208.9130058737987                                1207.8253449792373                                1206.2938386605888
45                                                693.26849012638                                   857.3842938540623                                 1222.132160009336                                 1228.1524404764896                                1227.2915731846206                                1226.1119927496256                                1224.5116223032392
50                                                726.3683766509147                                 918.6005182394973                                 1244.973099664568                                 1250.1582986066014                                1248.9641719921337                                1247.6956349938887                                1246.0192971179167
55                                                754.565713337157                                  976.4767616292526                                 1270.835995975293                                 1275.3607096699197                                1273.8508750598235                                1272.4873925147335                                1270.7243100939
60                                                791.9935807531305                                 1030.9940777368397                                1299.28550976839                                  1303.1828652242712                                1301.3372841555706                                1299.8682801694545                                1298.0071398013124
65                                                850.7822224961989                                 1082.8341522129695                                1329.472626731736                                 1332.675101818429                                 1330.4529242867998                                1328.8667650818552                                1326.8977812511616
70                                                928.1380928973146                                 1132.6657814561158                                1359.3231627996965                                1361.6550293152227                                1359.0118898202127                                1357.3025068227093                                1355.2229648929642
75                                                1007.8099208950138                                1180.7304847742466                                1385.090067124935                                 1386.3492634226577                                1383.2712722936817                                1381.4468560198766                                1379.2685471798582
78.3379515370397                                  1056.659832918784                                 1211.6196426447964                                1398.0943234435017                                1398.619405529054                                 1395.2773598400731                                1393.3891717878892                                1391.159147890066
