% Model:              batchmodel_BILLETTA_r_0.0257427_COIL_kr_2.7711_COIL_kw_3.2356_FUNZ_freq_2540.9_FUNZ_I_eff_61.5962.mph
% Version:            COMSOL 5.6.0.280
% Date:               Jan 27 2022, 15:12
% Table:              Tabella delle sonde 1 - 
% Tempo (s)                                       Temperatura (degC), Punto: (0, 0.5)               Temperatura (degC), Punto: (0.5*BILLETTA_r, 0.5)  Temperatura (degC), Punto: (BILLETTA_r-10*FUNZ_depth_billetta, 0.5)Temperatura (degC), Punto: (BILLETTA_r-5*FUNZ_depth_billetta, 0.5)Temperatura (degC), Punto: (BILLETTA_r-2*FUNZ_depth_billetta, 0.5)Temperatura (degC), Punto: (BILLETTA_r-FUNZ_depth_billetta, 0.5)Temperatura (degC), Punto: (BILLETTA_r-0.01[mm], 0.5)
0                                                 20                                                20                                                20.00000000000489                                 20.00001526450626                                 20.05707597470871                                 20.137724538792384                                20.23251484503055
5                                                 36.09261274936881                                 71.93829392672393                                 181.08346891269503                                220.73245678487922                                246.3584773742674                                 252.30164502792456                                254.67312279634086
10                                                105.11160127733302                                172.86723816246308                                330.18243764409965                                384.6284000132521                                 416.98500784855344                                423.9374309211589                                 426.5954429292848
15                                                204.05356440949976                                288.50513026328895                                489.82521882566516                                561.1679511862657                                 600.6098555836039                                 608.4663613878014                                 611.2608481250719
20                                                311.5835789807105                                 408.17170700190366                                643.0914532642353                                 728.4881326696429                                 773.7373943637928                                 782.3077173627177                                 785.0416634269221
25                                                415.2851897853053                                 518.820991216357                                  774.485160226323                                  886.4799653808278                                 939.9870514489722                                 948.9655052567517                                 951.2937258277967
30                                                507.99934148572436                                612.7711772661587                                 907.927084231137                                  1019.1741849542406                                1058.8958120655498                                1064.1527896895736                                1064.6699051342703
35                                                588.9075006221171                                 690.4238184466656                                 997.4505657201795                                 1065.6673940820801                                1082.927164070633                                 1084.2179961675079                                1083.2407461453954
40                                                656.0366899708762                                 752.7003593109949                                 1038.1827391598367                                1079.569868714926                                 1088.5901358089332                                1088.7042142612154                                1087.3220817931551
45                                                706.9591386967693                                 814.733498395425                                  1063.331560180579                                 1089.9769851978817                                1094.6246023800613                                1094.0842338380903                                1092.4627935837443
50                                                744.4085466859918                                 874.2412806521726                                 1080.3567544322227                                1098.0413075925471                                1100.0754796779993                                1099.1363423172256                                1097.3622986180717
55                                                782.7557983752107                                 927.9367620190695                                 1092.8511542757933                                1104.860064845905                                 1105.2214783264412                                1104.020425976144                                 1102.1408945059547
60                                                834.7803472672543                                 974.5788948860128                                 1103.3669263358997                                1111.2740157162393                                1110.387759091865                                 1108.985903916322                                 1107.0217266930476
65                                                900.5596253642403                                 1015.1590077420102                                1113.055720837367                                 1117.683997078453                                 1115.788823425794                                 1114.2206723805234                                1112.182671198896
70                                                960.3242037348588                                 1048.319511818525                                 1122.1150364764335                                1124.3773743188722                                1121.725136139687                                 1120.0254228340496                                1117.9231589792694
75                                                1002.5816509796581                                1073.212723279069                                 1130.5455820079492                                1131.1686594643224                                1127.9601704645738                                1126.157043634345                                 1123.9987591801446
80                                                1044.8390982244578                                1098.105934739613                                 1138.9761275394649                                1137.9599446097727                                1134.1952047894597                                1132.2886644346404                                1130.0743593810203
85                                                1074.9439154072306                                1117.44442945846                                  1147.910039342869                                 1145.7006899316166                                1141.4991873854747                                1139.5037608353064                                1137.2344156102158
90                                                1102.4910172153268                                1135.599965428165                                 1156.9761462224842                                1153.6846607219545                                1149.0774232880672                                1146.9969166525948                                1144.672763390803
95                                                1123.7528125635395                                1150.836703814649                                 1166.389438254217                                 1162.303242662314                                 1157.3715188507776                                1155.2159219581472                                1152.8375530397043
100                                               1142.5083657613623                                1164.8366394601412                                1175.7010176701815                                1170.942762770475                                 1165.725337588423                                 1163.500337481822                                 1161.06921714191
105                                               1158.9092977247337                                1177.6745956072377                                1184.917037810334                                 1179.601954343544                                 1174.1352664093924                                1171.8462060811771                                1169.3637099726839
110                                               1171.709603338125                                 1188.3809985016956                                1193.2938378320032                                1187.5837108923192                                1181.9250851010015                                1179.58217517615                                  1177.0533441968105
115                                               1183.604475153586                                 1198.551389000134                                 1201.459602832174                                 1195.3951158113287                                1189.5589674040539                                1187.1647755038775                                1184.590877266251
120                                               1195.4993469690476                                1208.7217794985722                                1209.6253678323442                                1203.2065207303385                                1197.1928497071058                                1194.7473758316055                                1192.128410335692
125                                               1206.481478572909                                 1218.264610326586                                 1217.438575520995                                 1210.705268374168                                 1204.5314280118241                                1202.0390302626342                                1199.37821233267
130                                               1215.8825048793792                                1226.7203433071218                                1224.6410615324448                                1217.6624116624835                                1211.3584623852335                                1208.826690136747                                 1206.1295886909925
135                                               1225.2835311858494                                1235.176076287658                                 1231.8435475438941                                1224.6195549507988                                1218.1854967586428                                1215.6143500108597                                1212.8809650493145
140                                               1234.6845574923195                                1243.631809268194                                 1239.0460335553435                                1231.5766982391142                                1225.0125311320517                                1222.402009884972                                 1219.6323414076364
145                                               1242.391549741833                                 1250.720113149474                                 1245.2434248078198                                1237.5853461508082                                1230.916507576711                                 1228.273217223149                                 1225.472769742079
150                                               1249.976757003512                                 1257.7101118428895                                1251.368559276265                                 1243.5258062374533                                1236.7541249076548                                1234.0785403127293                                1231.247709550155
155                                               1257.561964265191                                 1264.7001105363047                                1257.4936937447105                                1249.4662663240983                                1242.5917422385992                                1239.88386340231                                  1237.0226493582304
160                                               1265.1471715268704                                1271.6901092297203                                1263.6188282131561                                1255.4067264107439                                1248.429359569543                                 1245.6891864918898                                1242.797589166306
165                                               1272.7323787885489                                1278.6801079231363                                1269.7439626816017                                1261.3471864973885                                1254.2669769004874                                1251.49450958147                                  1248.5725289743818
170                                               1278.8248540739992                                1284.3877338696002                                1274.84012450389                                  1266.3015131575403                                1259.1385764716151                                1256.3392535309745                                1253.3915664821739
175                                               1284.810016082707                                 1290.003169373526                                 1279.8623129484417                                1271.1849461736979                                1263.9407285244688                                1261.1149409474024                                1258.14188367733
180                                               1290.795178091415                                 1295.6186048774512                                1284.8845013929936                                1276.0683791898555                                1268.742880577323                                 1265.8906283638294                                1262.8922008724858
185                                               1296.7803401001229                                1301.2340403813769                                1289.906689837545                                 1280.9518122060126                                1273.5450326301766                                1270.6663157802568                                1267.642518067642
190                                               1302.7655021088303                                1306.8494758853021                                1294.9288782820968                                1285.8352452221702                                1278.3471846830307                                1275.4420031966843                                1272.3928352627981
195                                               1307.6312290564397                                1311.440535423258                                 1299.059463853503                                 1289.8528627858182                                1282.2972481379684                                1279.3697722809993                                1276.2990742742181
200                                               1312.4164792363372                                1315.9579520412021                                1303.1259516314722                                1293.8082364270854                                1286.1860545012296                                1283.2365840762109                                1280.144632066796
205                                               1317.2017294162347                                1320.4753686591466                                1307.1924394094417                                1297.763610068353                                 1290.0748608644903                                1287.103395871423                                 1283.9901898593735
210                                               1321.9869795961322                                1324.9927852770911                                1311.2589271874108                                1301.7189837096203                                1293.9636672277516                                1290.970207666635                                 1287.835747651951
215                                               1326.7722297760292                                1329.5102018950356                                1315.3254149653799                                1305.674357350888                                 1297.8524735910123                                1294.8370194618465                                1291.6813054445283
220                                               1331.0163400708402                                1333.5200679732675                                1318.939149272589                                 1309.1887516019428                                1301.3068643394477                                1298.271488267278                                 1295.0964723299903
225                                               1335.0325713681195                                1337.316199837162                                 1322.3622249166892                                1312.517445363822                                 1304.578318665072                                 1301.5238934514236                                1298.3303976341836
230                                               1338.8532693943425                                1340.928935466568                                 1325.6217044748987                                1315.6867974378802                                1307.6928030306067                                1304.6200775893303                                1301.408807249698
235                                               1342.4784341495088                                1344.3582748614854                                1328.717587947217                                 1318.696807824118                                 1310.6503174360523                                1307.5600406809976                                1304.331701176532
240                                               1345.9080656336191                                1347.6042180219151                                1331.6498753336432                                1321.5474765225354                                1313.4508618814084                                1310.3437827264256                                1307.0990794146865
245                                               1349.2287126447231                                1350.740903381848                                 1334.4800336216626                                1324.2990542588182                                1316.1544968399376                                1313.0314249865678                                1309.7711848345634
250                                               1352.3902728820276                                1353.7254128857612                                1337.172480139242                                 1326.9166624436689                                1318.7264538577156                                1315.5881638180667                                1312.3131433942176
