% Model:              batchmodel_BILLETTA_r_0.0131664_COIL_kr_2.4069_COIL_kw_5.3284_FUNZ_freq_6066_FUNZ_I_eff_61.5962.mph
% Version:            COMSOL 5.6.0.401
% Date:               Jan 27 2022, 13:25
% Table:              Tabella delle sonde 1 - 
% Tempo (s)                                       Temperatura (degC), Punto: (0, 0.5)               Temperatura (degC), Punto: (0.5*BILLETTA_r, 0.5)  Temperatura (degC), Punto: (BILLETTA_r-10*FUNZ_depth_billetta, 0.5)Temperatura (degC), Punto: (BILLETTA_r-5*FUNZ_depth_billetta, 0.5)Temperatura (degC), Punto: (BILLETTA_r-2*FUNZ_depth_billetta, 0.5)Temperatura (degC), Punto: (BILLETTA_r-FUNZ_depth_billetta, 0.5)Temperatura (degC), Punto: (BILLETTA_r-0.01[mm], 0.5)
0                                                 20                                                20.000000000000057                                20.000000000025693                                20.000113278046797                                20.14284107435344                                 20.330430007169127                                20.521349670503582
5                                                 241.17281804815252                                312.36627029989734                                449.79796621144453                                514.8607999691034                                 551.4654514772108                                 558.8666030719161                                 561.6045110932457
10                                                543.1340342265895                                 632.167141993083                                  835.2830330000351                                 946.3667838429932                                 994.6560324482997                                 1002.5533793221629                                1004.6937150928994
15                                                729.0346911522473                                 849.6662285988497                                 1048.9271374923646                                1085.6573093045959                                1094.212428823388                                 1094.6533215311788                                1093.8846594633906
20                                                930.8339004619535                                 1025.2976066293854                                1105.625895843953                                 1115.2138076513456                                1115.9143523703265                                1115.179017388134                                 1113.9719887735564
25                                                1088.3665235142548                                1122.6788954392155                                1145.586643027183                                 1146.3576088266468                                1144.3139526915197                                1143.1167488045867                                1141.6933391825805
30                                                1166.009907565695                                 1179.8206077347477                                1187.0592171680328                                1184.8527330983911                                1181.6775469246772                                1180.2342774250333                                1178.644208446708
35                                                1208.8421716167177                                1219.110481833845                                 1223.1958832074874                                1220.09602667527                                  1216.4477260635513                                1214.8635609420426                                1213.1482804071597
40                                                1242.8248059237771                                1251.9254759250007                                1254.2475294107253                                1250.5542675420857                                1246.564437168534                                 1244.8719365800403                                1243.0563193758449
45                                                1273.0530587093067                                1280.9969832004012                                1281.6944953101865                                1277.4681883048447                                1273.1727916421382                                1271.3828362535723                                1269.476390524258
50                                                1300.0154028670895                                1306.8326554358164                                1306.0470193514157                                1301.3391506675052                                1296.7667689816417                                1294.8878957103534                                1292.8981196743966
55                                                1323.8623967654462                                1329.6114392843251                                1327.5052475866069                                1322.3701324072408                                1317.5492884654145                                1315.5898327490959                                1313.5240089843483
60                                                1344.6087547096581                                1349.4572075181673                                1346.280986160356                                 1340.7935764945255                                1335.760303663606                                 1333.7302426708807                                1331.596869885554
65                                                1362.2291874069624                                1366.3148813934545                                1362.295401202381                                 1356.5253848111188                                1351.3139584784367                                1349.222912461154                                 1347.0302345992345
68.23490024964434                                 1371.963820324103                                 1375.6294583334761                                1371.1852258282693                                1365.2694968817182                                1359.9610700838712                                1357.8356934656958                                1355.6090386241726
