% Model:              batchmodel_BILLETTA_r_0.0542379_COIL_kr_1.6756_COIL_kw_5.3284_FUNZ_freq_8940.8_FUNZ_I_eff_85.0125.mph
% Version:            COMSOL 5.6.0.401
% Date:               Jan 27 2022, 23:53
% Table:              Tabella delle sonde 1 - 
% Tempo (s)                                       Temperatura (degC), Punto: (0, 0.5)               Temperatura (degC), Punto: (0.5*BILLETTA_r, 0.5)  Temperatura (degC), Punto: (BILLETTA_r-10*FUNZ_depth_billetta, 0.5)Temperatura (degC), Punto: (BILLETTA_r-5*FUNZ_depth_billetta, 0.5)Temperatura (degC), Punto: (BILLETTA_r-2*FUNZ_depth_billetta, 0.5)Temperatura (degC), Punto: (BILLETTA_r-FUNZ_depth_billetta, 0.5)Temperatura (degC), Punto: (BILLETTA_r-0.01[mm], 0.5)
0                                                 20.000000000000057                                20                                                20.000000000616865                                20.00231545798829                                 20.388554711197855                                20.767507931869375                                21.105897618178233
5                                                 20.01378252952634                                 26.69008591243454                                 780.6023980691424                                 960.9313693663811                                 1039.0581402272983                                1051.5747914071321                                1055.3268151102461
10                                                22.94957186715709                                 82.69078036642111                                 1068.187988846003                                 1136.2150724645167                                1152.8880878921568                                1154.4952535535672                                1154.1747955854653
15                                                43.1527542197619                                  159.0605707695929                                 1120.3753130236728                                1157.7289352832877                                1166.1169355611428                                1166.5318873362935                                1165.7944464254424
20                                                79.02337433984593                                 231.8082857544171                                 1148.8519206687706                                1173.2935211055524                                1178.1939077750712                                1178.1024071235925                                1177.1764989067842
25                                                126.20182213049173                                296.0019389451636                                 1158.1853850547518                                1176.3691130493798                                1179.607789544702                                 1179.283944418975                                 1178.279638448806
30                                                175.62981966787885                                353.8732543717301                                 1172.34415644207                                  1186.8190888373165                                1189.0134349257228                                1188.5265987566313                                1187.450909147
35                                                224.53062715213701                                406.1632482388251                                 1187.2704955321637                                1199.345904091785                                 1200.8372160672875                                1200.2311779574675                                1199.093962119664
40                                                271.78376442953345                                454.4798242526848                                 1202.9209988427106                                1213.2596145029156                                1214.2245750663628                                1213.5227031731747                                1212.3299183590802
45                                                316.9741663795577                                 498.7726041929262                                 1219.5873321893155                                1228.806430702838                                 1229.4107472494743                                1228.6349715148485                                1227.3923093380008
50                                                359.52826563876386                                539.3866806656353                                 1237.862287704384                                 1246.2337013708657                                1246.5409984471844                                1245.696159279245                                 1244.4006753851886
55                                                399.5679305915007                                 576.3951225087842                                 1257.6472817072936                                1265.482698406921                                 1265.568407874437                                 1264.6614953350386                                1263.3115309450036
60                                                436.76914002161163                                610.680364877535                                  1279.3853536390548                                1286.7448368357436                                1286.607751123755                                 1285.6338012742253                                1284.222867418981
65                                                471.4715923704945                                 642.4678609225721                                 1302.4419613300365                                1309.4059461872698                                1309.0554691044917                                1308.0123598990085                                1306.5362072310004
70                                                504.4343435180257                                 673.455825263225                                  1325.2031402865377                                1331.6401592717475                                1331.035862175508                                 1329.9175994072602                                1328.3739804030456
75                                                535.3785864502192                                 703.0204907175578                                 1348.261711976777                                 1354.1181310338325                                1353.2378891209269                                1352.0399008573663                                1350.4258327082389
80                                                564.3043211670752                                 731.1618572855704                                 1371.6176764007541                                1376.839861473526                                 1375.6615499407485                                1374.3792642493277                                1372.6917641465798
81.74721871975848                                 573.9363197112219                                 740.6601001577433                                 1379.8493905194955                                1384.8373007993282                                1383.5496141754406                                1382.2367933171417                                1380.5229295989016
