% Model:              batchmodel_BILLETTA_r_0.0257427_COIL_kr_1.9397_COIL_kw_4.5299_FUNZ_freq_2540.9_FUNZ_I_eff_61.5962.mph
% Version:            COMSOL 5.6.0.280
% Date:               Jan 27 2022, 13:46
% Table:              Tabella delle sonde 1 - 
% Tempo (s)                                       Temperatura (degC), Punto: (0, 0.5)               Temperatura (degC), Punto: (0.5*BILLETTA_r, 0.5)  Temperatura (degC), Punto: (BILLETTA_r-10*FUNZ_depth_billetta, 0.5)Temperatura (degC), Punto: (BILLETTA_r-5*FUNZ_depth_billetta, 0.5)Temperatura (degC), Punto: (BILLETTA_r-2*FUNZ_depth_billetta, 0.5)Temperatura (degC), Punto: (BILLETTA_r-FUNZ_depth_billetta, 0.5)Temperatura (degC), Punto: (BILLETTA_r-0.01[mm], 0.5)
0                                                 19.999999999999943                                20                                                20.00000000000273                                 20.000008305592132                                20.028195308868476                                20.093703997278737                                20.165822575774996
5                                                 34.70646815579539                                 70.82805643530253                                 183.974732219499                                  225.51266036914063                                251.9370083865656                                 258.08369579759244                                260.55906291507597
10                                                108.02416035271688                                177.55839026793365                                336.7721061654473                                 392.0862554700666                                 424.339526684461                                  431.5049140061408                                 434.2651046195182
15                                                210.72332673802282                                293.90552431915467                                489.27953300579827                                555.3816750855469                                 591.797435250913                                  599.0553158394896                                 601.6604239364204
20                                                314.4257091683455                                 407.53265279708455                                628.9525862911689                                 709.1400479328469                                 751.6025597373297                                 759.6420493352615                                 762.2327160520678
25                                                411.0375136287247                                 509.4512804156285                                 750.6322309805092                                 851.4302638323551                                 901.349256498973                                  910.0359764973838                                 912.4077194714386
30                                                497.8407991837163                                 599.3862107054091                                 885.4751478093743                                 995.38260206554                                   1039.1611065016896                                1045.608392867026                                 1046.6564690371733
35                                                574.1175002435597                                 674.2594028677286                                 974.5691808896084                                 1052.6752046367556                                1075.6462332679448                                1077.9388525942277                                1077.3415726285898
40                                                639.4524251108365                                 735.3749707884122                                 1024.4158804826893                                1073.9112628770526                                1085.5825449829458                                1086.0992828072967                                1084.862550318213
45                                                690.8832184363807                                 791.1884660081777                                 1053.0581766830283                                1085.2988404649209                                1091.6896265208638                                1091.4167389121062                                1089.8952375451222
50                                                729.5943216613505                                 851.4534666131882                                 1073.2824040712176                                1094.5511606190116                                1097.65498257103                                  1096.880621467219                                 1095.1703450269188
55                                                768.2378293376797                                 906.937842699224                                  1088.3836154276614                                1102.2864663732435                                1103.1946187116282                                1102.080152786033                                 1100.2367206790732
60                                                814.7433418428171                                 956.935270319385                                  1099.8492782082812                                1109.0176712192974                                1108.5123902156602                                1107.172837400567                                 1105.2357896863837
65                                                876.8944948750371                                 1000.3501468043131                                1109.7511384437366                                1115.4519897030586                                1113.8842534574983                                1112.3703618353125                                1110.3569056084548
70                                                940.7460257575761                                 1038.2251607779235                                1119.1758885288964                                1122.0713643076788                                1119.6258336938386                                1117.9635222478755                                1115.8809362472603
75                                                997.8380246698622                                 1070.5982015917612                                1128.4292889899534                                1129.1165005153703                                1125.9548736931301                                1124.1657685790224                                1122.019165895671
80                                                1045.143675419608                                 1097.799347722082                                 1137.7658025640458                                1136.710856585883                                 1132.9566662803022                                1131.0565700432544                                1128.8487944885942
85                                                1082.200715442627                                 1120.4879894181772                                1147.36548078647                                  1144.9117373814497                                1140.6551785025504                                1138.6550870264368                                1136.3872703404468
90                                                1112.849864985135                                 1140.4879151298555                                1157.3989164261861                                1153.783838725224                                 1149.090311400878                                 1146.997772631747                                 1144.6696384135566
95                                                1136.4766476473974                                1157.433712210538                                 1167.8223331416866                                1163.3103940279743                                1158.251968836289                                 1156.0754764358185                                1153.6871222410805
100                                               1154.9072098765582                                1172.0010172096167                                1178.3285806241365                                1173.1322825067577                                1167.7705319022925                                1165.5181812609517                                1163.0707974358502
105                                               1171.9653717444953                                1185.6045647464862                                1188.274508091271                                 1182.497530922958                                 1176.8720450402825                                1174.5510975971188                                1172.0481627130648
110                                               1185.3653112233278                                1197.3986477805875                                1198.04458139078                                  1191.8556575491134                                1186.0191672224923                                1183.63738294015                                  1181.0810077019896
115                                               1197.2094895079308                                1208.2217809167842                                1207.393095641141                                 1200.8671410379334                                1194.8478247586318                                1192.4107310017707                                1189.8040338736673
120                                               1208.4088719741649                                1218.437280145899                                 1216.213590547014                                 1209.3848718054223                                1203.200269897197                                 1200.7124266787523                                1198.0589627720956
125                                               1218.0132519491426                                1227.6661790571384                                1224.6171123519894                                1217.5622964172376                                1211.2410456275084                                1208.7080219823702                                1206.0108909520432
130                                               1227.404885603637                                 1236.5377042719056                                1232.560805762619                                 1225.2777309058788                                1218.824135448107                                 1216.2486746950485                                1213.5113379266022
135                                               1236.2420904437454                                1244.8963160821659                                1240.0552642592238                                1232.5612545593708                                1225.985633451698                                 1223.371177403556                                 1220.5970068656593
140                                               1244.4267506911797                                1252.707946645568                                 1247.1233711102464                                1239.4417558966165                                1232.7558806453762                                1230.1058447887726                                1227.2978793453653
145                                               1252.492978918549                                 1260.314690411582                                 1253.9338645937905                                1246.0613404781625                                1239.2650149958813                                1236.5796039041943                                1233.7381511228355
150                                               1260.1746765790576                                1267.5461135792857                                1260.4026781424427                                1252.3492103391372                                1245.448200875654                                 1242.7292188212623                                1239.8559470200985
155                                               1267.4718436727062                                1274.4022161486782                                1266.529811756202                                 1258.3053654795408                                1251.305438284695                                 1248.5546895399762                                1245.6512670371553
160                                               1274.3844801994946                                1280.8829981197591                                1272.3152654350693                                1263.9298058993736                                1256.836727223003                                 1254.0560160603359                                1251.1241111740055
165                                               1280.936385573992                                 1287.0112411171158                                1277.7787025787002                                1269.2411535801662                                1262.060087109042                                 1259.2510272883746                                1256.2921301302513
170                                               1287.3163471514458                                1292.9676589411356                                1283.0761018648732                                1274.3871262160842                                1267.1184558434375                                1264.2811498968827                                1261.2953369674015
175                                               1293.3874763359718                                1298.6212170828612                                1288.0943640758937                                1279.2606145798436                                1271.9081899989615                                1269.0438362410055                                1266.0322090417899
180                                               1299.1497731275704                                1303.9719155422945                                1292.8334892117637                                1283.8616186714448                                1276.4292895756134                                1273.5390863207435                                1270.5027463534166
185                                               1304.6032375262416                                1309.019754319434                                 1297.2934772724816                                1288.1901384908865                                1280.681754573393                                 1277.7669001360978                                1274.7069489022815
190                                               1309.7677000401218                                1313.7879134094946                                1301.4980037032942                                1292.2694371850766                                1284.6885713178358                                1281.7501800967093                                1278.6676469651597
195                                               1314.8004649244613                                1318.4602666627488                                1305.6348724806003                                1296.2840481998392                                1288.6320773867014                                1285.6705981228133                                1282.5659402728538
200                                               1319.5874717931738                                1322.9034882367396                                1309.5679080507093                                1300.1001674238796                                1292.3800608796555                                1289.396424978414                                 1286.2705144805445
205                                               1324.128720646259                                 1327.117578131466                                 1313.29711041362                                  1303.717794857197                                 1295.9325217966975                                1292.9276606635112                                1289.7813695882314
210                                               1328.4242114837161                                1331.1025363469294                                1316.8224795693327                                1307.136930499792                                 1299.2894601378289                                1296.2643051781051                                1293.0985055959145
215                                               1332.4889572790862                                1334.8749577006465                                1320.1609828614883                                1310.3744749878688                                1302.467725406083                                 1299.4231944946387                                1296.2387497125924
220                                               1336.4420474982303                                1338.5664795360867                                1323.4472126735277                                1313.5644915523335                                1305.60097522174                                  1302.5378789028182                                1299.335582712501
225                                               1340.197131073065                                 1342.0816523932494                                1326.5835768634252                                1316.609771736537                                 1308.5922952340197                                1305.5115218766286                                1302.2922184748822
230                                               1343.7542080035887                                1345.4204762721342                                1329.5700754311806                                1319.5103155404786                                1311.4416854429232                                1308.34412341607                                  1305.1086569997356
235                                               1347.113278289803                                 1348.5829511727406                                1332.4067083767945                                1322.2661229641594                                1314.1491458484497                                1311.035683521142                                 1307.7848982870614
240                                               1350.285085233445                                 1351.5783577895045                                1335.1016662732345                                1324.8852220024532                                1316.722611678917                                 1313.5941052454077                                1310.328812405407
245                                               1353.3548493980688                                1354.4803146457757                                1337.7199203240602                                1327.4312942184442                                1319.225028632547                                 1316.0820790628804                                1312.8028281772313
250                                               1356.260777856548                                 1357.2354413852304                                1340.2143602934375                                1329.8581644869873                                1321.6107551554587                                1318.4541484812453                                1315.1616788322149
