% Model:              batchmodel_BILLETTA_r_0.0257427_COIL_kr_1.4848_COIL_kw_5.3284_FUNZ_freq_4639.7_FUNZ_I_eff_61.5962.mph
% Version:            COMSOL 5.6.0.280
% Date:               Jan 27 2022, 12:12
% Table:              Tabella delle sonde 1 - 
% Tempo (s)                                       Temperatura (degC), Punto: (0, 0.5)               Temperatura (degC), Punto: (0.5*BILLETTA_r, 0.5)  Temperatura (degC), Punto: (BILLETTA_r-10*FUNZ_depth_billetta, 0.5)Temperatura (degC), Punto: (BILLETTA_r-5*FUNZ_depth_billetta, 0.5)Temperatura (degC), Punto: (BILLETTA_r-2*FUNZ_depth_billetta, 0.5)Temperatura (degC), Punto: (BILLETTA_r-FUNZ_depth_billetta, 0.5)Temperatura (degC), Punto: (BILLETTA_r-0.01[mm], 0.5)
0                                                 20                                                19.999999999999943                                20.00000000000597                                 20.0000209596879                                  20.052924000671794                                20.17301012010614                                 20.300897993476838
5                                                 38.420267063421136                                91.90402726837237                                 287.2379501373141                                 339.92303503030803                                372.10375852688026                                379.2018289992276                                 381.964155478526
10                                                141.8384823171421                                 238.9647768710047                                 537.263720575938                                  612.4221341221797                                 650.5398327711166                                 658.7675845524294                                 661.7985572659823
15                                                274.77338451130197                                392.15581014997247                                746.841359080877                                  858.2019807336402                                 914.7459958992121                                 924.7678339128196                                 927.7959878390033
20                                                403.2446501866598                                 528.1889510478381                                 950.2466119641475                                 1047.383416448291                                 1078.4771417442507                                1082.183096707604                                 1082.4078162021274
25                                                513.6410625197781                                 636.2873634883767                                 1028.6274305176607                                1078.2528267573916                                1090.4738929315122                                1091.3609365163206                                1090.6146417910454
30                                                604.5708508497269                                 716.942657797445                                  1063.3756092038225                                1092.7018305503948                                1098.9923427112617                                1099.0010601200352                                1097.9399986858293
35                                                674.6083090224228                                 781.9570105059007                                 1084.806939687252                                 1103.729839420169                                 1106.9401945650166                                1106.47895721956                                  1105.2407308605211
40                                                723.2834470420948                                 845.9669300600048                                 1100.2743531623623                                1113.0954241904874                                1114.4619292796306                                1113.7110528234944                                1112.357132901469
45                                                757.7349103921539                                 905.4030544933256                                 1113.0031597162538                                1121.6213228694046                                1121.7083714670212                                1120.7518589920614                                1119.3110586544153
50                                                800.1002847969195                                 957.4323707765037                                 1124.670226739839                                 1130.2175534629605                                1129.350715623566                                 1128.235385215895                                 1126.7222912798252
55                                                865.9572674557763                                 1003.8566204945577                                1136.0696233222748                                1139.3529443109983                                1137.7576449074008                                1136.5145867265055                                1134.9375522043338
60                                                937.5193514695103                                 1045.7221427514605                                1147.916903988848                                 1149.4631139459548                                1147.2860310947976                                1145.9342517068726                                1144.2966085765088
65                                                999.4229970050727                                 1082.4553432044577                                1160.630026803659                                 1160.8440409935738                                1158.194149465874                                 1156.7464704167037                                1155.0487589469053
70                                                1043.6638382588671                                1110.8290004296164                                1174.480464905519                                 1173.7973775095234                                1170.7904760053752                                1169.2597286010682                                1167.5012627105052
75                                                1084.9374328102704                                1138.0231240093813                                1188.5525988827144                                1187.0212612209866                                1183.6706637302777                                1182.0581721746798                                1180.2385281932065
80                                                1116.7929569087432                                1161.5414630923656                                1203.4943747174875                                1201.282297912387                                 1197.6349093456893                                1195.9453394441753                                1194.0628043301176
85                                                1146.1403136775484                                1183.9095599592365                                1218.4669781818993                                1215.6401849167246                                1211.7182964967774                                1209.9558241982531                                1208.012753514201
90                                                1171.5491462143877                                1204.4714548286552                                1233.4879896472107                                1230.150154001018                                 1225.98876918229                                  1224.1599518945336                                1222.1600445325948
95                                                1193.1089351218452                                1222.6802812453147                                1247.5979313328744                                1243.8393258686028                                1239.4693897978882                                1237.579991807841                                 1235.5264079288445
100                                               1212.3695726861638                                1239.4835479919402                                1261.16366320715                                  1257.0382104843525                                1252.4782076431661                                1250.5316721355111                                1248.4262994000592
105                                               1231.6302102504828                                1256.2868147385661                                1274.7293950814255                                1270.2370951001026                                1265.487025488444                                 1263.4833524631808                                1261.3261908712734
110                                               1250.5817818107944                                1272.8711802596                                   1288.164496144007                                 1283.311466205549                                 1278.3736500347277                                1276.3133480446609                                1274.1047486412194
115                                               1266.7520083823529                                1287.4856111422728                                1300.424025164461                                 1295.265316052028                                 1290.1606333541758                                1288.0482789647604                                1285.7914008712041
120                                               1282.9222349539114                                1302.1000420249457                                1312.683554184914                                 1307.219165898507                                 1301.947616673624                                 1299.7832098848598                                1297.478053101188
125                                               1299.0924615254698                                1316.7144729076185                                1324.943083205368                                 1319.173015744986                                 1313.7345999930722                                1311.5181408049598                                1309.1647053311726
130                                               1313.2476572059327                                1329.6027195077727                                1335.8723219972803                                1329.8431316074348                                1324.2581261281916                                1321.9947361416653                                1319.5970877784303
135                                               1325.9072034239707                                1341.209712006264                                 1345.8141576312673                                1339.5604005177124                                1333.843855693101                                 1331.537336398112                                 1329.0984929714136
140                                               1338.5667496420092                                1352.8167045047553                                1355.755993265254                                 1349.27766942799                                  1343.4295852580103                                1341.0799366545589                                1338.5998981643966
145                                               1351.1280647093317                                1364.3330130122367                                1365.6239790522081                                1358.9233860083436                                1352.9449072374732                                1350.5524550153004                                1348.0315045872399
150                                               1361.1374946163505                                1373.493499265252                                 1373.5734662024174                                1366.7102897010495                                1360.6311549246643                                1358.2043599723238                                1355.6498527469926
155                                               1370.0001613261315                                1381.5953288425367                                1380.660820657632                                 1373.6618822115506                                1367.4954553251905                                1365.0381197869792                                1362.453361008953
160                                               1377.7160648386744                                1388.6385017440907                                1386.886042417852                                 1379.7781635398455                                1373.5378084390532                                1371.0537344592672                                1368.4420293731214
165                                               1384.285205153979                                 1394.6230179699132                                1392.2491314830772                                1385.0591336859356                                1378.758214266251                                 1376.2512039891872                                1373.6158578394975
169.76032408990105                                1389.473827283478                                 1399.3369127151364                                1396.5540064379134                                1389.3107498936056                                1382.9645876647296                                1380.4392736738                                   1377.7844910849399
