% Model:              batchmodel_BILLETTA_r_0.0257427_COIL_kr_1.9397_COIL_kw_4.5299_FUNZ_freq_4639.7_FUNZ_I_eff_61.5962.mph
% Version:            COMSOL 5.6.0.280
% Date:               Jan 27 2022, 13:49
% Table:              Tabella delle sonde 1 - 
% Tempo (s)                                       Temperatura (degC), Punto: (0, 0.5)               Temperatura (degC), Punto: (0.5*BILLETTA_r, 0.5)  Temperatura (degC), Punto: (BILLETTA_r-10*FUNZ_depth_billetta, 0.5)Temperatura (degC), Punto: (BILLETTA_r-5*FUNZ_depth_billetta, 0.5)Temperatura (degC), Punto: (BILLETTA_r-2*FUNZ_depth_billetta, 0.5)Temperatura (degC), Punto: (BILLETTA_r-FUNZ_depth_billetta, 0.5)Temperatura (degC), Punto: (BILLETTA_r-0.01[mm], 0.5)
0                                                 20                                                19.999999999999943                                20.000000000013017                                20.000052791903386                                20.106947426786007                                20.253099019205592                                20.410953735691862
5                                                 44.36609226170873                                 95.87540058306013                                 293.3563543252667                                 346.69424245832136                                379.04458991961894                                386.12194587420925                                388.8703387672102
10                                                148.8712071226871                                 244.7400519750438                                 541.6394789031701                                 620.4509044804589                                 662.5962044057721                                 670.8977789662141                                 673.8712396148927
15                                                279.21240549874005                                394.43890663872                                   753.151922072335                                  864.3699668981918                                 919.5099832888715                                 929.2141726606316                                 932.123707649797
20                                                402.03007637931364                                525.0419558691931                                 938.9806306260867                                 1036.1785578780105                                1069.0772251110989                                1073.3658839349282                                1073.8531852156834
25                                                510.4126449134294                                 632.0540292104941                                 1024.6190483599348                                1076.7117028616913                                1089.7397495915047                                1090.7446730948923                                1090.0391104201303
30                                                601.0011814271423                                 713.4316476912392                                 1062.6119425930842                                1092.7743140749699                                1099.239908737954                                 1099.2683217440604                                1098.2125324634226
35                                                671.4992351608998                                 778.5995501526808                                 1084.2785109167826                                1103.5208385486885                                1106.8204501664704                                1106.372164295913                                 1105.1385055277437
40                                                721.2300196053851                                 842.6750522947342                                 1099.5573243776998                                1112.683652406742                                 1114.1417155843164                                1113.4049958116134                                1112.0565971620053
45                                                756.1875324853469                                 902.4799600913174                                 1112.2491685921236                                1121.1121265925167                                1121.2711759678873                                1120.3260952070518                                1118.8901870091336
50                                                797.5357383272602                                 954.8283800748478                                 1123.9369218684274                                1129.650804916043                                 1128.8367061962563                                1127.730390904982                                 1126.2216060239693
55                                                861.5013887215727                                 1001.2922547342363                                1135.2914158283475                                1138.7089922823202                                1137.1584698672636                                1135.9235201592514                                1134.3507217749348
60                                                933.7682938909105                                 1043.34512757225                                  1147.0897836574245                                1148.7407696205337                                1146.5996827420468                                1145.2548615390883                                1143.621298676193
65                                                995.6185868660508                                 1080.274015276102                                 1159.7786269052285                                1160.0618685533818                                1157.437938137335                                 1155.9958925170108                                1154.302003032241
70                                                1041.118954712973                                 1109.1922574431824                                1173.6008780866082                                1172.9669758496448                                1169.9806769892007                                1168.4549338053307                                1166.7002535070574
75                                                1082.9805381733827                                1136.5906841553742                                1187.6196880789453                                1186.127194070708                                 1182.793862621792                                 1181.1859721813003                                1179.3701725910655
80                                                1114.585079329539                                 1159.9697723006716                                1202.5466181567094                                1200.3830706339522                                1196.7567196392451                                1195.0726709007545                                1193.1947189595953
85                                                1144.8271446172603                                1182.7575982256599                                1217.526176876518                                 1214.7225095659815                                1210.8129646970992                                1209.0543230228304                                1207.114809330716
90                                                1169.7550033747907                                1203.0379293643773                                1232.4723319296072                                1229.1703372984089                                1225.0252273525716                                1223.2008003570954                                1221.2045831257278
95                                                1192.8411049065976                                1222.1816218922108                                1246.956564019135                                 1243.1988614083898                                1238.8330051253092                                1236.945630072736                                 1234.8943398965685
100                                               1211.5676525920699                                1238.6348201688152                                1260.347395738419                                 1256.2348677779833                                1251.6833420357657                                1249.7397349066246                                1247.637231504093
105                                               1230.2942002775421                                1255.0880184454195                                1273.738227457703                                 1269.2708741475767                                1264.5336789462212                                1262.533839740513                                 1260.3801231116172
110                                               1249.0207479630144                                1271.5412167220238                                1287.129059176987                                 1282.3068805171702                                1277.3840158566773                                1275.327944574401                                 1273.1230147191413
115                                               1265.8084137240644                                1286.5901995782524                                1299.6443315054507                                1294.5046733631143                                1289.4106029898553                                1287.3015661035424                                1285.047756719613
120                                               1281.5665998776963                                1300.8935923490358                                1311.6947119152373                                1306.257403661211                                 1300.9998073269799                                1298.8395392211828                                1296.5380894217838
125                                               1297.3247860313281                                1315.1969851198196                                1323.7450923250244                                1318.010133959307                                 1312.5890116641049                                1310.3775123388227                                1308.0284221239544
130                                               1313.04451887689                                  1329.4658490520428                                1335.7679124739093                                1329.736251154327                                 1324.1520278812613                                1321.8894077128175                                1319.492766843252
135                                               1324.698946619615                                 1340.0843049794057                                1344.8770465212742                                1338.648816299571                                 1332.946421499149                                 1330.6443495337357                                1328.2096475681792
140                                               1336.3533743623393                                1350.702760906769                                 1353.9861805686392                                1347.561381444816                                 1341.740815117037                                 1339.399291354654                                 1336.9265282931065
145                                               1348.0078021050645                                1361.3212168341315                                1363.095314616004                                 1356.4739465900602                                1350.5352087349247                                1348.1542331755722                                1345.6434090180333
150                                               1358.8533506470653                                1371.197359492135                                 1371.5950680261335                                1364.7945503907135                                1358.7466909634527                                1356.3289358595334                                1353.782431225808
155                                               1367.5414181493543                                1379.093568925577                                 1378.4694524446686                                1371.536246764826                                 1365.4034042360586                                1362.9559971461604                                1360.380161738513
160                                               1375.1257089692858                                1385.9768359110121                                1384.5122910187083                                1377.4701672331776                                1371.2646909494451                                1368.7912783635375                                1366.1893607172592
165                                               1381.60622310686                                  1391.8471604484394                                1389.7235837482526                                1382.5963117957667                                1376.330551103612                                 1373.8347795116633                                1371.2100281620465
170                                               1386.9829605620762                                1396.7045425378592                                1394.1033306333024                                1386.914680452595                                 1380.6009846985594                                1378.0865005905398                                1375.4421640728756
173.17221003862755                                1389.8219032685306                                1399.2610800566854                                1396.4508867043673                                1389.2356198193306                                1382.8979149293705                                1380.373449444778                                 1377.7183715721926
