% Model:              batchmodel_BILLETTA_r_0.0257427_COIL_kr_1.9397_COIL_kw_5.8583_FUNZ_freq_2540.9_FUNZ_I_eff_61.5962.mph
% Version:            COMSOL 5.6.0.280
% Date:               Jan 27 2022, 14:08
% Table:              Tabella delle sonde 1 - 
% Tempo (s)                                       Temperatura (degC), Punto: (0, 0.5)               Temperatura (degC), Punto: (0.5*BILLETTA_r, 0.5)  Temperatura (degC), Punto: (BILLETTA_r-10*FUNZ_depth_billetta, 0.5)Temperatura (degC), Punto: (BILLETTA_r-5*FUNZ_depth_billetta, 0.5)Temperatura (degC), Punto: (BILLETTA_r-2*FUNZ_depth_billetta, 0.5)Temperatura (degC), Punto: (BILLETTA_r-FUNZ_depth_billetta, 0.5)Temperatura (degC), Punto: (BILLETTA_r-0.01[mm], 0.5)
0                                                 20                                                19.999999999999943                                20.00000000000273                                 20.000008305591507                                20.028195311114587                                20.093703997373893                                20.165822572805098
5                                                 34.549513404297215                                70.61239420536043                                 183.73071830252968                                225.17648484023005                                251.51784416079397                                257.64905843384327                                260.1201382366353
10                                                107.5284577257662                                 177.20134032592864                                337.11807879177866                                392.96784144344576                                425.98652316988057                                433.17446955400703                                435.9227738278769
15                                                209.80293501648032                                293.0362274770646                                 490.7522132380791                                 560.8498375945306                                 599.6875654336242                                 607.457225252659                                  610.2267665101956
20                                                314.17223834082085                                408.8035200586794                                 637.8782453667368                                 721.969518599508                                  766.3020297217689                                 774.7063826925047                                 777.3820507928241
25                                                411.957256926798                                  512.6995064302303                                 766.8357043114937                                 875.319149234159                                  927.9610294070523                                 936.927083605933                                  939.2920974672771
30                                                500.22904835851546                                604.1709893426256                                 900.3585160026215                                 1008.8466150042817                                1050.4075259797632                                1056.285219673157                                 1057.0739381737353
35                                                577.3602939476084                                 678.9613879731727                                 981.4087640213451                                 1056.2164132224743                                1077.4803870025971                                1079.4797703370205                                1078.7730544978517
40                                                642.7858790226426                                 739.5472856014569                                 1027.64735535733                                  1075.1702898658918                                1086.2194179335788                                1086.6430572071336                                1085.3730247985845
45                                                693.7897897173897                                 795.6308665211556                                 1054.8771287912705                                1086.0740105912091                                1092.1599374293505                                1091.841199394878                                 1090.3027485087482
50                                                732.0091600829131                                 855.6740584011606                                 1074.4151628114955                                1095.0804467335815                                1098.0133981281806                                1097.213264514607                                 1095.493137877128
55                                                771.3750593449848                                 910.7239188746156                                 1089.160095288872                                 1102.7084525291348                                1103.5172708907012                                1102.3874887292213                                1100.5378508547055
60                                                824.8484379984101                                 957.9222333065101                                 1099.599277222771                                 1109.0515773869251                                1108.6322779297743                                1107.305005996819                                 1105.3717698941723
65                                                887.3641792365457                                 1000.1991803794946                                1109.3188701946278                                1115.2493562153022                                1113.7568650971716                                1112.2546131280656                                1110.245463273941
70                                                946.0979488529919                                 1036.5527993986593                                1118.4955131512443                                1121.687201323421                                 1119.3342973290141                                1117.6865273467138                                1115.609747961556
75                                                994.7863796110904                                 1066.408164024504                                 1127.43685489044                                  1128.5370725043745                                1125.4998830859904                                1123.730340103874                                 1121.5917539815441
80                                                1038.81231636672                                  1093.572174698369                                 1136.5145445702615                                1135.7747812488046                                1132.1202672676754                                1130.2373207445798                                1128.0380842743457
85                                                1075.1074855214847                                1116.66602895485                                  1146.114932675951                                 1143.8930316610617                                1139.7143565342813                                1137.728680614317                                 1135.4688434267046
90                                                1105.0852447599887                                1136.4338426627787                                1156.1424582134296                                1152.7308409775833                                1148.104135760355                                 1146.0244531147164                                1143.7040557666783
95                                                1130.390371242594                                 1153.9574576909758                                1166.2034591506294                                1161.831221246116                                 1156.8252254582517                                1154.6608698163236                                1152.2815867370896
100                                               1151.1423374501915                                1169.31545631497                                  1176.2693408665064                                1171.160978009862                                 1165.8438942686116                                1163.6042437455121                                1161.1678680446876
105                                               1166.8912646546823                                1182.2119336209057                                1186.4477776275535                                1180.8451064132514                                1175.2871590653867                                1172.9814246398641                                1170.489302531027
110                                               1182.0909615295118                                1194.694572631664                                 1196.0276375616281                                1189.94367733117                                  1184.155624550188                                 1181.7868739372316                                1179.2416452094162
115                                               1194.798535887755                                 1205.870109258426                                 1205.3191388796072                                1198.8667175715354                                1192.885258556225                                 1190.459239356745                                 1187.862979500464
120                                               1205.4324676710166                                1215.9040013549252                                1214.282602500762                                 1207.5547314902415                                1201.4118838150248                                1198.9342210166328                                1196.2895535670764
125                                               1215.9263144909287                                1225.578125009501                                 1222.7171776887476                                1215.7142221719878                                1209.4197876461972                                1206.895246291997                                 1204.2070517101351
130                                               1225.2387128144333                                1234.471382220796                                 1230.7310373943783                                1223.5032593752453                                1217.079004637957                                 1214.5128129146615                                1211.7847561402964
135                                               1233.8695551727778                                1242.8081191676824                                1238.3253312042957                                1230.8970470986442                                1224.3548476684127                                1221.7503056262626                                1218.9851970363065
140                                               1242.2977555232837                                1250.803267079612                                 1245.501160461397                                 1237.8718299339748                                1231.214085301256                                 1228.5726457705196                                1225.7724770417226
145                                               1250.169624732805                                 1258.2980942281215                                1252.2577117982519                                1244.4451518045425                                1237.6812597276707                                1235.0057397536716                                1232.173107191958
150                                               1257.7561114134478                                1265.483679259618                                 1258.7124333806614                                1250.72250274089                                  1243.8559713687541                                1241.147499248088                                 1238.2835206597433
155                                               1265.0566647141177                                1272.359633702351                                 1264.8650864310566                                1256.7036682768926                                1249.7380177322298                                1246.9977251947985                                1244.1035213919668
160                                               1272.0072912312871                                1278.8808280654189                                1270.687931712063                                 1262.363733481117                                 1255.3038749111515                                1252.5332925402672                                1249.6103335312869
165                                               1278.6079909649566                                1285.0472623488217                                1276.1809692236807                                1267.7026983535625                                1260.553542905519                                 1257.7542012844956                                1254.8039570777041
170                                               1284.8587639151265                                1290.8589365525595                                1281.34419896591                                  1272.7205628942302                                1265.4870217153316                                1262.6604514274836                                1259.684392031218
175                                               1290.9330488113887                                1296.4992429176214                                1286.3444191629478                                1277.576908021665                                 1270.2600057509358                                1267.4065398815578                                1264.4049338360537
180                                               1296.785084155576                                 1301.9197937296844                                1291.137620402083                                 1282.2296285963257                                1274.8314153210172                                1271.9517029131107                                1268.92513576381
185                                               1302.3674607008602                                1307.0704589627744                                1295.6782086098337                                1286.6351033856627                                1279.1586915648923                                1276.2537089959555                                1273.203094708013
190                                               1307.6801784472418                                1311.9512386168922                                1299.9661837862004                                1290.7933323896764                                1283.2418344825605                                1280.3125581300915                                1277.2388106686635
195                                               1312.7232373947204                                1316.5621326920373                                1304.001545931183                                 1294.7043156083673                                1287.080844074022                                 1284.1282503155185                                1281.03228364576
200                                               1317.5894740628182                                1321.040666799223                                 1307.939433726162                                 1298.5224711374153                                1290.829583591642                                 1287.8544922052665                                1284.7370370175477
205                                               1322.2543937021323                                1325.3505550522968                                1311.7389141079148                                1302.2070560388452                                1294.4474564918587                                1291.4507285742275                                1288.3125639156433
210                                               1326.692619573114                                 1329.4542050077898                                1315.3575801235343                                1305.7158603308944                                1297.892404458596                                 1294.8749439125463                                1291.7168989281104
215                                               1330.904151675763                                 1333.3516166657014                                1318.79543177302                                  1309.0488840135627                                1301.1644274918535                                1298.1271382202226                                1294.9500420549484
220                                               1334.8889900100794                                1337.0427900260315                                1322.0524690563725                                1312.2061270868508                                1304.2635255916316                                1301.2073114972568                                1298.011993296158
225                                               1338.7199200086325                                1340.6138920047842                                1325.2230117117128                                1315.2824941394792                                1307.2846836077697                                1304.2104562872628                                1300.997779070391
230                                               1342.3777373653998                                1344.0421876155006                                1328.2821736450683                                1318.2529447656912                                1310.2028399577598                                1307.1115089777431                                1303.8823268272827
235                                               1345.8425462788719                                1347.304123245911                                 1331.2041726810507                                1321.0915369219638                                1312.9920306588074                                1309.884503482821                                 1306.639661221258
240                                               1349.1143467490483                                1350.3996988960157                                1333.9890088196612                                1323.7982706082967                                1315.6522557109129                                1312.5294398024962                                1309.2697822523173
245                                               1352.1931387759291                                1353.328914565815                                 1336.6366820608991                                1326.3731458246903                                1318.1835151140754                                1315.0463179367684                                1311.7726899204613
250                                               1355.1480793136834                                1356.1405321831303                                1339.1842883277136                                1328.8517745608929                                1320.6204174052386                                1317.4693943069838                                1314.1823332911554
