% Model:              batchmodel_BILLETTA_r_0.0257427_COIL_kr_1.9397_COIL_kw_5.3284_FUNZ_freq_8940.8_FUNZ_I_eff_61.5962.mph
% Version:            COMSOL 5.6.0.280
% Date:               Jan 27 2022, 14:06
% Table:              Tabella delle sonde 1 - 
% Tempo (s)                                       Temperatura (degC), Punto: (0, 0.5)               Temperatura (degC), Punto: (0.5*BILLETTA_r, 0.5)  Temperatura (degC), Punto: (BILLETTA_r-10*FUNZ_depth_billetta, 0.5)Temperatura (degC), Punto: (BILLETTA_r-5*FUNZ_depth_billetta, 0.5)Temperatura (degC), Punto: (BILLETTA_r-2*FUNZ_depth_billetta, 0.5)Temperatura (degC), Punto: (BILLETTA_r-FUNZ_depth_billetta, 0.5)Temperatura (degC), Punto: (BILLETTA_r-0.01[mm], 0.5)
0                                                 20                                                19.999999999999943                                20.00000000008447                                 20.00032209205574                                 20.213103360538696                                20.491537365825195                                20.75720675485627
5                                                 48.279527559893324                                121.86909685462132                                479.3707997851916                                 554.588133460133                                  597.3863627487319                                 605.9878817955821                                 609.1594958116956
10                                                185.31979250019492                                320.0346994093436                                 851.4719916274981                                 975.7158142364898                                 1027.5638709006935                                1035.9529072210048                                1038.327955570599
15                                                349.1739600106482                                 496.39169790195695                                1028.489778480497                                 1079.934466843767                                 1093.4859264474908                                1094.823009383089                                 1094.5300223635345
20                                                485.28887129478665                                622.7672997139856                                 1071.4286448668195                                1099.0146425083153                                1105.5049102009325                                1105.7938167333123                                1105.129212137936
25                                                590.5398810831816                                 712.3821068979823                                 1097.5108791481366                                1114.4071118678671                                1117.6341430948273                                1117.420418379792                                 1116.5659690266652
30                                                669.1662921494354                                 784.3009899522004                                 1117.312946616947                                 1127.8572271168705                                1129.1999316425408                                1128.6891388098916                                1127.7143599813426
35                                                723.5851851491535                                 853.5696830117234                                 1133.6798950531684                                1140.739421340469                                 1140.993040231459                                 1140.3010548675156                                1139.2444831339712
40                                                763.323193517819                                  918.8297121978122                                 1148.9510688291894                                1153.8280460836268                                1153.3762162734133                                1152.558954183091                                 1151.4380816677813
45                                                816.0272193543766                                 976.5353141900035                                 1165.3127717725501                                1168.6033542321488                                1167.61741524741                                  1166.6971366345106                                1165.5156895730256
50                                                894.8481556997871                                 1028.3412039315026                                1183.8324416987289                                1185.9828185928018                                1184.5775675205068                                1183.5661130605572                                1182.3225084262422
55                                                967.7778624920962                                 1075.5444818739002                                1205.354051951609                                 1206.6450907562107                                1204.8907076031041                                1203.793557473156                                 1202.4837921221165
60                                                1024.6186624284605                                1115.9292347655678                                1229.1061394092208                                1229.715940480473                                 1227.657325895847                                 1226.478639172139                                 1225.1014082446204
65                                                1077.5861301702325                                1154.709212856329                                 1253.3570653128372                                1253.3247416800045                                1250.9717673791142                                1249.712476273784                                 1248.2675271592152
70                                                1124.8383907191146                                1190.8679117340962                                1277.4544479811711                                1276.8292807626817                                1274.1946396251328                                1272.8557845984074                                1271.3424651405417
75                                                1167.1716783141133                                1224.7705241537324                                1301.4196788313616                                1300.2440833728906                                1297.3386999250165                                1295.9211764817383                                1294.3389253817759
80                                                1205.7888783667554                                1256.6111785123048                                1324.75633903253                                  1323.0630820381266                                1319.8973575127366                                1318.40275732393                                  1316.7521056188812
85                                                1241.9540809698292                                1287.0912847542854                                1347.678247532962                                 1345.4889495575367                                1342.069747032002                                 1340.499120334845                                 1338.7804184204897
90                                                1273.1518531201073                                1313.6870951915607                                1366.7375664127562                                1364.1235659665494                                1360.49371914548                                  1358.8592590479234                                1357.0825311995068
95                                                1301.8752451987052                                1338.3480573762017                                1383.8728493401181                                1380.8696816137594                                1377.0505268532638                                1375.3583069951128                                1373.5285465119146
96.3373216508945                                  1309.557728021473                                 1344.9439851084835                                1388.4559263107108                                1385.348670218439                                 1381.478882336727                                 1379.7712138028974                                1377.9272689815593
