% Model:              batchmodel_BILLETTA_r_0.0445341_COIL_kr_1.6756_COIL_kw_3.2356_FUNZ_freq_4639.7_FUNZ_I_eff_85.0125.mph
% Version:            COMSOL 5.6.0.401
% Date:               Jan 27 2022, 13:58
% Table:              Tabella delle sonde 1 - 
% Tempo (s)                                       Temperatura (degC), Punto: (0, 0.5)               Temperatura (degC), Punto: (0.5*BILLETTA_r, 0.5)  Temperatura (degC), Punto: (BILLETTA_r-10*FUNZ_depth_billetta, 0.5)Temperatura (degC), Punto: (BILLETTA_r-5*FUNZ_depth_billetta, 0.5)Temperatura (degC), Punto: (BILLETTA_r-2*FUNZ_depth_billetta, 0.5)Temperatura (degC), Punto: (BILLETTA_r-FUNZ_depth_billetta, 0.5)Temperatura (degC), Punto: (BILLETTA_r-0.01[mm], 0.5)
0                                                 20                                                20                                                20.000000000092314                                20.00053483840543                                 20.19729488726466                                 20.395425423016206                                20.59518938137012
5                                                 20.73411073219438                                 39.2372473435434                                  461.472147253416                                  570.5417905176507                                 629.5665362095467                                 641.2161278060543                                 645.4466647990569
10                                                32.96244807872017                                 115.8228059086486                                 812.6001103591178                                 988.6298156490681                                 1058.826758787197                                 1069.5061556874984                                1072.2626724475822
15                                                73.92875609210648                                 214.17630751320655                                1027.1816200313883                                1114.2665572932724                                1135.4534707632242                                1137.423392746357                                 1136.907971976479
20                                                138.47051423095627                                308.427154506888                                  1085.6027924002924                                1132.4544422393133                                1142.8941339278804                                1143.3543056312328                                1142.326130119217
25                                                210.47856432035258                                391.1310395825632                                 1112.8718407559873                                1145.1613093292735                                1151.3710175858691                                1151.1999497683291                                1149.9414158160776
30                                                281.09425232293904                                462.31753011133014                                1130.0614770323173                                1153.5394380074868                                1157.3743758918463                                1156.8586141949313                                1155.4717936861207
35                                                346.2688137383592                                 523.7131987087623                                 1143.7929774782347                                1161.5517511930975                                1163.8107843833895                                1163.0592399324564                                1161.5784149231495
40                                                405.0867823528836                                 576.8887909495834                                 1155.7781818607896                                1169.6071000509887                                1170.7693524655388                                1169.8477997455202                                1168.293027205199
45                                                457.649121324518                                  622.944476454136                                  1166.5145264515663                                1177.6951213078246                                1178.100546968858                                 1177.055432380625                                 1175.4407427391961
50                                                504.9376196670363                                 663.8436779165297                                 1177.0434250120325                                1186.253984833645                                 1186.0778364151602                                1184.9317948286362                                1183.2626478507045
55                                                547.5804745575255                                 701.0327700826102                                 1187.8929424769253                                1195.64822517546                                  1195.023386097403                                 1193.7930104198572                                1192.0725282626477
60                                                586.4529430676762                                 736.5310400321515                                 1199.8373987571476                                1206.374782179717                                 1205.3613186219914                                1204.0528048707047                                1202.280190560548
65                                                621.2683272759881                                 769.6767581571886                                 1212.6203680464723                                1218.271671874188                                 1216.9544991779171                                1215.5775921091172                                1213.7533803219858
70                                                652.2811197775279                                 804.6541950693585                                 1226.4220971136433                                1231.348713275739                                 1229.7616725010107                                1228.3181996176331                                1226.440008090476
75                                                679.4966487631341                                 841.5509548592025                                 1241.246359699825                                 1245.6061119604733                                1243.7819748493607                                1242.2735978945616                                1240.3389832937592
80                                                702.8495806222137                                 879.2928471099575                                 1257.0468826621914                                1261.0413471799006                                1259.0259973184106                                1257.4564105610611                                1255.4636783926912
85                                                724.1932140635582                                 915.7956949227347                                 1273.757009973228                                 1277.3106657315843                                1275.0711119285697                                1273.432278493592                                 1271.375265226348
90                                                742.8667644629813                                 951.802601415416                                  1291.4005075147556                                1294.5366311448724                                1292.0680046266539                                1290.3560703211838                                1288.2302058372616
95                                                759.7814126546122                                 987.3434355225739                                 1309.8833713701279                                1312.6307482818606                                1309.930716649169                                 1308.1424685973798                                1305.9436817041628
100                                               786.250645617241                                  1021.3116072706147                                1328.124208465359                                 1330.3814371396434                                1327.4212770305057                                1325.5524860994215                                1323.2791230821927
105                                               816.5724876709227                                 1054.264835878107                                 1346.6680388300733                                1348.3993317096524                                1345.1636207565457                                1343.2105700048396                                1340.8597587446693
110                                               851.1291331186056                                 1086.1766325469575                                1364.6113222189238                                1365.7795335587443                                1362.2625145446368                                1360.225520373896                                 1357.7983807420728
115                                               891.0184639635246                                 1116.9709062038824                                1379.3585710306807                                1379.922653588656                                 1376.1463331713335                                1374.03729806531                                  1371.5464172265529
120                                               935.6075794319444                                 1146.6915213980897                                1392.4060171975552                                1392.3271728444206                                1388.2975525210031                                1386.1216998846917                                1383.5730544036142
122.62456494708823                                960.8939487235745                                 1161.862555214731                                 1398.5744905148995                                1398.142637558853                                 1393.982458763598                                 1391.7736232661955                                1389.1970483345553
