% Model:              batchmodel_BILLETTA_r_0.0445341_COIL_kr_1.9397_COIL_kw_4.5299_FUNZ_freq_7167.5_FUNZ_I_eff_85.0125.mph
% Version:            COMSOL 5.6.0.401
% Date:               Jan 27 2022, 16:28
% Table:              Tabella delle sonde 1 - 
% Tempo (s)                                       Temperatura (degC), Punto: (0, 0.5)               Temperatura (degC), Punto: (0.5*BILLETTA_r, 0.5)  Temperatura (degC), Punto: (BILLETTA_r-10*FUNZ_depth_billetta, 0.5)Temperatura (degC), Punto: (BILLETTA_r-5*FUNZ_depth_billetta, 0.5)Temperatura (degC), Punto: (BILLETTA_r-2*FUNZ_depth_billetta, 0.5)Temperatura (degC), Punto: (BILLETTA_r-FUNZ_depth_billetta, 0.5)Temperatura (degC), Punto: (BILLETTA_r-0.01[mm], 0.5)
0                                                 20                                                20.000000000000057                                20.000000000263526                                20.001420966434182                                20.30913130377587                                 20.614799096636716                                20.900007544569235
5                                                 20.82536146022926                                 44.006531051189484                                653.0883457093845                                 789.2165070905927                                 865.8780886017536                                 880.4995845082177                                 885.5013140592711
10                                                39.80872772238274                                 137.96907300760438                                1031.265958527722                                 1135.4335424141618                                1160.9366706385504                                1163.542403904326                                 1163.4054793794603
15                                                89.90439686498445                                 241.0282881791727                                 1103.4957844829755                                1147.340245638873                                 1157.0159299674783                                1157.521158429709                                 1156.7200790851984
20                                                159.5131218732194                                 331.01309786134846                                1126.2451209388355                                1154.8726151545739                                1160.7046045899783                                1160.6797887711186                                1159.6990821264553
25                                                229.5852325582665                                 406.556113054059                                  1144.1143307205712                                1164.8861522450097                                1168.5730727908672                                1168.2331552695891                                1167.1327185052842
30                                                294.97541620597735                                471.56294812137537                                1159.5344385851672                                1175.4362526960367                                1177.7625774282978                                1177.2139240772526                                1176.0256048421966
35                                                354.9629667661354                                 528.4773422624094                                 1173.9402213586295                                1186.5899935698494                                1187.987873362163                                 1187.2890555199715                                1186.0296557419374
40                                                410.4233105579401                                 579.8146530277716                                 1188.498304057423                                 1198.8065249369151                                1199.5164298752843                                1198.6989557433094                                1197.376220348775
45                                                461.07088234231617                                626.0753675460617                                 1204.4062687241126                                1213.1189001703206                                1213.3347755322511                                1212.423136902266                                 1211.0418804345786
50                                                507.5039322854901                                 668.0205452906115                                 1221.5890394964617                                1229.265532504175                                 1229.1309682120745                                1228.1424872438492                                1226.7051849339364
55                                                549.9616638598139                                 706.2814098304332                                 1240.2497450911442                                1247.1391552189452                                1246.7116088527673                                1245.65036820659                                  1244.1541825818954
60                                                588.4316179708463                                 741.8588712063814                                 1260.4285450422767                                1266.8273081990046                                1266.1757229339032                                1265.047496183152                                 1263.4901751100647
65                                                623.2275593449793                                 779.2227460005525                                 1282.570630656538                                 1288.4779930886411                                1287.5829890433588                                1286.3797108969738                                1284.7531207535894
70                                                654.2597873362096                                 817.2255392906435                                 1306.3465873166024                                1311.8406211628471                                1310.7075971993486                                1309.4255072403953                                1307.7237480512108
75                                                681.699611041572                                  858.8695627922997                                 1331.1281948105584                                1336.0982640307252                                1334.6823641429564                                1333.3116485666405                                1331.5279893957713
80                                                705.4823174385094                                 902.4457281567194                                 1356.34366992356                                  1360.7258972425848                                1359.0019554705063                                1357.5371911700886                                1355.6678404252812
85                                                725.6298659112535                                 945.2514882326501                                 1377.5677261730898                                1381.1423382067842                                1379.0825376257312                                1377.5288237458358                                1375.5839816442654
89.13733921798615                                 739.5463250340263                                 980.8892682136249                                 1393.4218638800962                                1396.2081738897787                                1393.8502135878034                                1392.2236378730954                                1390.2199001328281
