% Model:              batchmodel_BILLETTA_r_0.0445341_COIL_kr_2.7711_COIL_kw_3.7744_FUNZ_freq_2540.9_FUNZ_I_eff_61.5962.mph
% Version:            COMSOL 5.6.0.401
% Date:               Jan 27 2022, 19:11
% Table:              Tabella delle sonde 1 - 
% Tempo (s)                                       Temperatura (degC), Punto: (0, 0.5)               Temperatura (degC), Punto: (0.5*BILLETTA_r, 0.5)  Temperatura (degC), Punto: (BILLETTA_r-10*FUNZ_depth_billetta, 0.5)Temperatura (degC), Punto: (BILLETTA_r-5*FUNZ_depth_billetta, 0.5)Temperatura (degC), Punto: (BILLETTA_r-2*FUNZ_depth_billetta, 0.5)Temperatura (degC), Punto: (BILLETTA_r-FUNZ_depth_billetta, 0.5)Temperatura (degC), Punto: (BILLETTA_r-0.01[mm], 0.5)
0                                                 20                                                20                                                20.000000000005002                                20.000016282660738                                20.05743880864219                                 20.138336603449147                                20.235409798705916
5                                                 20.389633693132453                                28.49562472897628                                 171.85333480809135                                213.0944721104063                                 239.58983354832333                                245.90961680999976                                248.48451109923485
10                                                28.122925569504787                                65.54540975585547                                 299.93306405766816                                354.2107164575765                                 386.8986990132414                                 394.03835180306044                                396.79935133587935
15                                                49.85889423752565                                 118.64199223052339                                426.88819493118467                                493.7351517370995                                 532.6570463032593                                 540.9167637719903                                 543.982099523522
20                                                87.18034184871266                                 179.87438236431592                                550.4117413158347                                 631.5954709825058                                 675.384229119338                                  684.0075597205096                                 686.9801491050166
25                                                133.70175002782076                                243.02503019100152                                654.9953772642986                                 748.091785904807                                  797.3297184473946                                 806.6244344983837                                 809.5573169372384
30                                                183.88829302635241                                305.0468930901508                                 756.8827277427043                                 871.0064931979772                                 926.7178109888329                                 936.323708492214                                  938.9372584693555
35                                                234.97115846183118                                364.16463055836596                                856.4595869534952                                 973.2667853344445                                 1021.6035447945459                                1028.994438314196                                 1030.4473083496541
40                                                285.1633909987394                                 419.42429922431677                                930.6974782850367                                 1030.7011005746058                                1065.374752817239                                 1069.7966642584538                                1069.995427815671
45                                                333.4275484117237                                 469.9805854935893                                 976.3534084430918                                 1055.081828585468                                 1077.9414327850186                                1080.2031416412633                                1079.5863885434565
50                                                379.0605216477111                                 515.6281347526258                                 1005.857467160202                                 1067.4630804423723                                1083.4379369946128                                1084.6237137572357                                1083.622147719012
55                                                421.59452439793245                                556.6158857036977                                 1026.5993126272401                                1075.4763576512169                                1087.2227387491766                                1087.7714017220155                                1086.5431030084142
60                                                461.54386168238204                                594.0770842391125                                 1042.7628160974791                                1081.816417017074                                 1090.5013666436057                                1090.5893466648859                                1089.1953931201747
65                                                498.9569590625795                                 628.01645908536                                   1055.469499717035                                 1087.231920652805                                 1093.6833563155255                                1093.4312135725713                                1091.9119941937488
70                                                534.0211426065894                                 658.8436341300495                                 1065.4831417970695                                1091.9041378081388                                1096.74904274133                                  1096.2484038615116                                1094.6347929139724
75                                                566.364382574196                                  686.555711888594                                  1074.0437787584701                                1096.085663551653                                 1099.5921543714849                                1098.883509201502                                 1097.1898623227462
80                                                596.1539152962553                                 711.5593507262748                                 1080.9085845975364                                1099.7603523842986                                1102.2897061524177                                1101.426539177081                                 1099.6712580543694
85                                                623.4412220571655                                 736.2897895486283                                 1087.7956627457415                                1103.4783121726155                                1105.032058813666                                 1104.0149087136097                                1102.1983815123554
90                                                648.2057655503943                                 759.7755442820406                                 1094.0196142811546                                1107.020089691749                                 1107.7432722014455                                1106.5937992012332                                1104.723600178343
95                                                670.4475457759421                                 782.0166149265127                                 1099.5804392037767                                1110.3856849416993                                1110.423346315757                                 1109.163210639952                                 1107.246914052333
100                                               690.1690860415708                                 803.0194299394617                                 1104.47981964774                                  1113.5754481145314                                1113.072240065208                                 1111.723043490529                                 1109.7682026412576
105                                               708.2877783845505                                 825.1211658378651                                 1109.3293244759243                                1116.716697572942                                 1115.6750139656979                                1114.237108547737                                 1112.243658613298
110                                               724.2389438777154                                 846.8832290057027                                 1113.7525169684218                                1119.731065516105                                 1118.2408636626124                                1116.7276812192017                                1114.7002465333612
115                                               738.0225825210651                                 868.305619442974                                  1117.749397125233                                 1122.6185519440205                                1120.7697891559515                                1119.194761504923                                 1117.1379664014462
120                                               749.6386943145998                                 889.3883371496798                                 1121.3199649463577                                1125.3791568566894                                1123.2617904457152                                1121.6383494049014                                1119.5568182175534
125                                               764.7466017632365                                 909.2574942313942                                 1125.0774423707476                                1128.2516842321925                                1125.8427090182968                                1124.167297778146                                 1122.05951636057
130                                               781.4722735679533                                 928.202470426516                                  1128.8187667339494                                1131.1570563843115                                1128.4708736517405                                1126.7455610265138                                1124.6120479321798
135                                               798.8000255144954                                 946.3801032608491                                 1132.4338824873212                                1134.052414926618                                 1131.1236994498668                                1129.3536032196048                                1127.195978681089
140                                               816.729857602863                                  963.790392734394                                  1135.922789630862                                 1136.9377598591113                                1133.8011864126752                                1131.991424357418                                 1129.8113086072972
145                                               838.1041500779444                                 979.2157278732317                                 1139.449560597226                                 1139.9588073422738                                1136.641697199173                                 1134.7958327493138                                1132.5938115299318
150                                               861.257707012774                                  993.7846725045878                                 1143.0492746891655                                1143.0635110449357                                1139.5679605462947                                1137.686027883577                                 1135.4617937303378
155                                               884.4112639476033                                 1008.3536171359439                                1146.6489887811035                                1146.1682147475976                                1142.494223893416                                 1140.5762230178398                                1138.3297759307438
160                                               907.5648208824326                                 1022.9225617673                                   1150.248702873042                                 1149.2729184502596                                1145.420487240538                                 1143.466418152103                                 1141.1977581311498
165                                               929.0655226989887                                 1036.4513480064174                                1154.0402806617394                                1152.623123964494                                 1148.6061376255593                                1146.6172811100992                                1144.3258729615013
170                                               948.4930529813288                                 1048.6754664945483                                1158.0725125465956                                1156.2812617117015                                1152.117136443951                                 1150.0950989875405                                1147.7802714192326
175                                               967.9205832636684                                 1060.8995849826792                                1162.1047444314518                                1159.939399458909                                 1155.6281352623428                                1153.5729168649818                                1151.2346698769643
180                                               987.3481135460082                                 1073.1237034708097                                1166.136976316308                                 1163.5975372061166                                1159.1391340807345                                1157.0507347424232                                1154.6890683346955
185                                               1005.6380989283906                                1084.8195423840411                                1170.2856274757914                                1167.3925588408174                                1162.7921447599215                                1160.6708832066624                                1158.2853414265328
190                                               1020.6393752169341                                1094.9880940296416                                1174.7708535934835                                1171.583319831052                                 1166.8557200665346                                1164.702517753913                                 1162.29178241538
195                                               1035.6406515054773                                1105.156645675242                                 1179.2560797111755                                1175.7740808212861                                1170.9192953731472                                1168.7341523011632                                1166.2982234042274
200                                               1050.6419277940208                                1115.3251973208426                                1183.7413058288676                                1179.9648418115207                                1174.9828706797598                                1172.7657868484139                                1170.3046643930743
205                                               1065.5533688941778                                1125.4498926114088                                1188.2355179553388                                1184.1662894724345                                1179.057592747145                                 1176.8085932775402                                1174.3222334234915
210                                               1078.9577544807275                                1134.8388632616766                                1192.8804774038717                                1188.5470143882826                                1183.31931044044                                  1181.038816758723                                 1178.5264840505647
215                                               1091.7626392391794                                1143.9351655084724                                1197.5854035514376                                1192.9990550996145                                1187.6554142672067                                1185.3435940150598                                1182.8049958914921
220                                               1103.9680231695334                                1152.7387993517968                                1202.3502963980354                                1197.5224116064305                                1192.0659042274447                                1189.7229250465525                                1187.1577689462738
225                                               1115.573906271789                                 1161.2497647916489                                1207.1751559436661                                1202.1170839087313                                1196.5507803211544                                1194.1768098532002                                1191.5848032149088
230                                               1126.5920908148173                                1169.4732198135266                                1212.049704485867                                 1206.7725850380912                                1201.0996899071333                                1198.695012359638                                 1196.0759961540075
235                                               1137.2020046074058                                1177.487580359796                                 1216.817691929636                                 1211.3294834660437                                1205.5552436099638                                1203.1219153202783                                1200.4777605809873
240                                               1147.278543234565                                 1185.2381716246855                                1221.5880622388959                                1215.8989413821882                                1210.0271797465225                                1207.56602145052                                  1204.8971837681993
245                                               1156.8217066962939                                1192.7249936081944                                1226.3608154136473                                1220.4809587865248                                1214.51549831681                                  1212.0273307503644                                1209.3342657156427
250                                               1165.831494992593                                 1199.9480463103228                                1231.1359514538894                                1225.0755356790523                                1219.0201993208257                                1216.5058432198107                                1213.7890064233184
