% Model:              batchmodel_BILLETTA_r_0.0445341_COIL_kr_1.4848_COIL_kw_3.7744_FUNZ_freq_2540.9_FUNZ_I_eff_127.5152.mph
% Version:            COMSOL 5.6.0.401
% Date:               Jan 27 2022, 12:33
% Table:              Tabella delle sonde 1 - 
% Tempo (s)                                       Temperatura (degC), Punto: (0, 0.5)               Temperatura (degC), Punto: (0.5*BILLETTA_r, 0.5)  Temperatura (degC), Punto: (BILLETTA_r-10*FUNZ_depth_billetta, 0.5)Temperatura (degC), Punto: (BILLETTA_r-5*FUNZ_depth_billetta, 0.5)Temperatura (degC), Punto: (BILLETTA_r-2*FUNZ_depth_billetta, 0.5)Temperatura (degC), Punto: (BILLETTA_r-FUNZ_depth_billetta, 0.5)Temperatura (degC), Punto: (BILLETTA_r-0.01[mm], 0.5)
0                                                 20                                                20                                                20.000000000657792                                20.007251949188174                                20.215411825582635                                20.367596413337594                                20.52502664749659
5                                                 21.082365964696407                                47.453185121066724                                559.7474368216464                                 738.8026302682404                                 832.8211830403549                                 850.5569526405037                                 856.5145636335893
10                                                41.51058882528457                                 147.348646733286                                  982.361501293878                                  1157.0249671392294                                1199.859500697929                                 1204.1933001562438                                1203.778699271813
15                                                96.85195349140383                                 259.3859531702849                                 1148.974172884693                                 1230.1272829513964                                1247.0254840572193                                1247.6454183233732                                1245.8609161481795
20                                                170.99400941932464                                359.5976737033426                                 1204.061405902315                                 1252.6502408037823                                1261.044487035484                                 1260.44991260408                                  1258.221651283991
25                                                247.2532354546189                                 448.3654765728521                                 1232.9333603644973                                1264.4908411718807                                1268.449887987464                                 1267.2241840077263                                1264.7652756436628
30                                                320.088675550414                                  526.3604049275892                                 1253.306559329401                                 1275.3642657675064                                1276.8412154175317                                1275.252230384901                                 1272.6462479623483
35                                                388.4803203840097                                 596.5838545362342                                 1271.6030510184796                                1287.80160741592                                  1287.7242567514045                                1285.892219097515                                 1283.1689910254008
40                                                451.00125410723695                                658.925847695808                                  1289.1604738109577                                1302.1083779747382                                1301.1457759533446                                1299.1545232868148                                1296.3314440549825
45                                                507.9106488339951                                 716.0348244792897                                 1308.1354824661362                                1319.126678498426                                 1317.579253227147                                 1315.4585003016468                                1312.5329885033084
50                                                559.8803087511585                                 773.8051022564633                                 1329.4119012581777                                1339.1485527574214                                1337.1526934560798                                1334.9084429790018                                1331.8690597087962
55                                                606.833886058819                                  837.6071935151618                                 1352.6590914969784                                1361.3943709174637                                1358.9869134885648                                1356.6165591874433                                1353.452254352761
60                                                648.6774745872419                                 905.8401939651689                                 1375.493296511329                                 1383.00088727216                                  1380.1455686513532                                1377.6495029169532                                1374.3620428170484
62.63676746847652                                 668.6662786483545                                 941.7782992292813                                 1386.4161023902366                                1393.0707721704298                                1389.9534257795199                                1387.3942079037956                                1384.0479047783851
