% Model:              batchmodel_BILLETTA_r_0.0445341_COIL_kr_1.4848_COIL_kw_3.7744_FUNZ_freq_4639.7_FUNZ_I_eff_85.0125.mph
% Version:            COMSOL 5.6.0.401
% Date:               Jan 27 2022, 12:37
% Table:              Tabella delle sonde 1 - 
% Tempo (s)                                       Temperatura (degC), Punto: (0, 0.5)               Temperatura (degC), Punto: (0.5*BILLETTA_r, 0.5)  Temperatura (degC), Punto: (BILLETTA_r-10*FUNZ_depth_billetta, 0.5)Temperatura (degC), Punto: (BILLETTA_r-5*FUNZ_depth_billetta, 0.5)Temperatura (degC), Punto: (BILLETTA_r-2*FUNZ_depth_billetta, 0.5)Temperatura (degC), Punto: (BILLETTA_r-FUNZ_depth_billetta, 0.5)Temperatura (degC), Punto: (BILLETTA_r-0.01[mm], 0.5)
0                                                 20                                                20                                                20.000000000044167                                20.000222442331278                                20.09390085846718                                 20.27092438376394                                 20.41074894062791
5                                                 20.3032059314163                                  36.39738770483223                                 479.5905256517749                                 593.7829562722316                                 655.3160759601584                                 667.3546746817735                                 671.6902713368061
10                                                31.332905306800285                                114.61632111381027                                828.6481112068833                                 1001.73172009862                                  1068.5366144502655                                1078.2055059590593                                1080.5358153970678
15                                                72.43409559497832                                 215.01440505983805                                1032.3296288668444                                1116.2089181239999                                1136.6398536947354                                1138.5333525023989                                1137.9973921406208
20                                                137.14501830135663                                309.37222944273947                                1088.9975051570173                                1135.867371822832                                 1145.879587704837                                 1146.2451355153544                                1145.1753711655856
25                                                210.1661291997233                                 392.275912876883                                  1113.8952307571972                                1145.6226468432824                                1151.6868464612621                                1151.4952075468573                                1150.229151771634
30                                                281.4049891691652                                 463.52988501680795                                1130.643755409485                                 1153.8697268285405                                1157.631682246436                                 1157.1048779510224                                1155.713752051157
35                                                346.6156019853554                                 524.9779661003105                                 1144.5268447297099                                1162.0330150680243                                1164.219896311261                                 1163.4571517894437                                1161.9715846034169
40                                                405.5809273327101                                 578.1501331964913                                 1156.366499772806                                 1169.9943399761664                                1171.0985365141828                                1170.16794018965                                  1168.6093189563821
45                                                458.4250893208906                                 624.1871533265085                                 1166.9307303544783                                1177.9944140409157                                1178.3656786750166                                1177.315054002795                                 1175.6978332059934
50                                                505.60445195060424                                664.7594798091767                                 1177.3083466652542                                1186.5336809647547                                1186.357384717629                                 1185.2105150479124                                1183.5403834768872
55                                                548.8202333531492                                 702.6513453525542                                 1188.6397627900224                                1196.2872210547544                                1195.629907963284                                 1194.393819232807                                 1192.6701062390734
60                                                587.7299151221379                                 737.2437007513636                                 1200.6484060934067                                1207.1020409288049                                1206.062556349882                                 1204.748866994325                                 1202.9726127862245
65                                                622.5614038697504                                 771.0076927863028                                 1213.4747518320323                                1219.0327890477552                                1217.6852214111586                                1216.3019995636969                                1214.473261874588
70                                                653.625644997401                                  807.3148415739998                                 1227.3104580479462                                1232.1540252825648                                1230.5386857943004                                1229.0891557170735                                1227.2066518361976
75                                                680.7189380819635                                 843.9564633030465                                 1242.029969501923                                 1246.4169054400286                                1244.5962327752445                                1243.0867919517195                                1241.150117293651
80                                                704.2495851477389                                 880.5836599630537                                 1257.7910527974823                                1261.7458737140387                                1259.7147997098064                                1258.1413055754588                                1256.1454640366446
85                                                724.249568514202                                  917.1691023541445                                 1274.6060658011447                                1278.1350118142486                                1275.8831804933875                                1274.240664881168                                 1272.180300704195
90                                                740.6950462759215                                 953.790812051739                                  1292.4251974742433                                1295.5964419343009                                1293.1314742720451                                1291.4177953874769                                1289.2888042667205
95                                                762.9990958229247                                 988.6257112249317                                 1310.5048861693863                                1313.220253723854                                 1310.507888804283                                 1308.7164780641542                                1306.5150080745734
100                                               786.7951743919808                                 1022.5194900746532                                1329.1900556129926                                1331.4285368238238                                1328.453941922368                                 1326.5802842443063                                1324.302366386435
105                                               814.1353218177486                                 1055.4412916515535                                1347.7557352729063                                1349.4794581176893                                1346.2321319606822                                1344.2745685909363                                1341.9193023187354
110                                               850.6363456074181                                 1087.3066548541342                                1364.217548501696                                 1365.3424849873272                                1361.82378227268                                  1359.7884727501937                                1357.3633564346155
115                                               893.1351915671584                                 1118.1631431855003                                1379.692979006747                                 1380.1610934563055                                1376.365692299088                                 1374.2543933621982                                1371.762195600284
117.03884296890192                                912.1863925961073                                 1130.4558808489687                                1385.7202600886508                                1385.9038856293619                                1381.9941280397406                                1379.8523472285901                                1377.3335904076453
