% Model:              batchmodel_BILLETTA_r_0.0445341_COIL_kr_1.9397_COIL_kw_5.3284_FUNZ_freq_8940.8_FUNZ_I_eff_85.0125.mph
% Version:            COMSOL 5.6.0.401
% Date:               Jan 27 2022, 16:52
% Table:              Tabella delle sonde 1 - 
% Tempo (s)                                       Temperatura (degC), Punto: (0, 0.5)               Temperatura (degC), Punto: (0.5*BILLETTA_r, 0.5)  Temperatura (degC), Punto: (BILLETTA_r-10*FUNZ_depth_billetta, 0.5)Temperatura (degC), Punto: (BILLETTA_r-5*FUNZ_depth_billetta, 0.5)Temperatura (degC), Punto: (BILLETTA_r-2*FUNZ_depth_billetta, 0.5)Temperatura (degC), Punto: (BILLETTA_r-FUNZ_depth_billetta, 0.5)Temperatura (degC), Punto: (BILLETTA_r-0.01[mm], 0.5)
0                                                 19.999999999999943                                19.999999999999943                                20.00000000062596                                 20.002336620838832                                20.38876914066293                                 20.767034363697235                                21.10450497090983
5                                                 21.06010889244419                                 47.99896026530848                                 786.7555412890162                                 966.6249032160109                                 1041.8877750517863                                1054.0081656426687                                1057.6331406117579
10                                                41.82622807368193                                 146.7320751479482                                 1073.7237674155695                                1143.469949650298                                 1160.509574677451                                 1162.1700770936072                                1161.8563318709234
15                                                96.01151230974273                                 250.15450736373748                                1122.4473143674445                                1157.0779017640575                                1164.7457368013688                                1165.0607510852528                                1164.292792919644
20                                                166.19384974699102                                338.40771993536885                                1142.7084344362897                                1165.4456949152304                                1169.9289185340185                                1169.7941948052112                                1168.8697998708417
25                                                236.64656022031102                                414.90546794265845                                1161.1007770789038                                1177.6075913682503                                1180.3664139816397                                1179.9718997721243                                1178.9426643355632
30                                                302.87759832836                                   480.9389110493328                                 1178.6316056034138                                1191.5146369124332                                1193.2365407811699                                1192.6740733920483                                1191.565385087983
35                                                364.64126017624733                                540.1626786543303                                 1197.0054417727943                                1207.5556265349564                                1208.5821021905763                                1207.896793310394                                 1206.719923152124
40                                                421.119661860895                                  592.6417542853926                                 1216.4626330546002                                1225.5045201668895                                1226.0542669474526                                1225.2742116946065                                1224.0354566936317
45                                                472.14764749473886                                638.7808037160803                                 1237.3246713404656                                1245.4437359913127                                1245.669391357807                                 1244.8129092750905                                1243.514956816868
50                                                518.4569653018173                                 680.495697169548                                  1260.6877601826573                                1268.1392113087027                                1268.0915343892716                                1267.159892253801                                 1265.796877805998
55                                                560.4573919380208                                 718.7175992972261                                 1286.4260432555639                                1293.3739237585328                                1293.0767942092598                                1292.067461992477                                 1290.6325357414707
60                                                598.4307800325812                                 755.0684024244932                                 1314.4600468459294                                1320.953405728299                                 1320.397920972424                                 1319.3037258992272                                1317.7885879169703
65                                                632.6095413218939                                 794.8492991264892                                 1343.98232030675                                  1349.9105212347677                                1349.0477090886502                                1347.8572848505232                                1346.2537445433709
70                                                663.1076784214636                                 838.3278574891316                                 1371.5091314225756                                1376.635922914345                                 1375.4117425028317                                1374.1210834182607                                1372.4308311959103
73.89547142586889                                 684.3824745806899                                 875.3163371611732                                 1390.4010861397874                                1394.6832971877475                                1393.1342040247923                                1391.764516734384                                 1390.0109703944536
