% Model:              batchmodel_BILLETTA_r_0.0445341_COIL_kr_2.4069_COIL_kw_5.8583_FUNZ_freq_6066_FUNZ_I_eff_61.5962.mph
% Version:            COMSOL 5.6.0.401
% Date:               Jan 27 2022, 18:40
% Table:              Tabella delle sonde 1 - 
% Tempo (s)                                       Temperatura (degC), Punto: (0, 0.5)               Temperatura (degC), Punto: (0.5*BILLETTA_r, 0.5)  Temperatura (degC), Punto: (BILLETTA_r-10*FUNZ_depth_billetta, 0.5)Temperatura (degC), Punto: (BILLETTA_r-5*FUNZ_depth_billetta, 0.5)Temperatura (degC), Punto: (BILLETTA_r-2*FUNZ_depth_billetta, 0.5)Temperatura (degC), Punto: (BILLETTA_r-FUNZ_depth_billetta, 0.5)Temperatura (degC), Punto: (BILLETTA_r-0.01[mm], 0.5)
0                                                 20                                                20                                                20.000000000022                                   20.00010277408768                                 20.140954168696283                                20.333263980437778                                20.53295156992408
5                                                 20.660430459237773                                33.585337390197026                                313.38636436094123                                369.519488134605                                  403.6898875022413                                 411.25368235282804                                414.19513977408235
10                                                32.5599242038204                                  90.1510986715424                                  565.214024207539                                  646.8877534661531                                 691.1393202662321                                 700.0693868990242                                 703.2809057264301
15                                                64.75113371526595                                 168.44671979940892                                781.8392951690524                                 901.4447698245539                                 959.4385777192364                                 969.5932384656379                                 972.6976489891766
20                                                113.84114673969094                                249.81889433005279                                951.9222106062851                                 1048.0416430478308                                1079.4480745548217                                1083.3973904534887                                1083.8487843258195
25                                                173.56628738194456                                327.6780827472686                                 1021.0450071487977                                1078.1220121030528                                1092.7901743096108                                1094.1347644380103                                1093.674369765789
30                                                236.8348315304869                                 398.38257594684                                   1048.9975641634833                                1088.0051277798884                                1097.605929512124                                 1098.2298516632686                                1097.5198014399152
35                                                298.7555817448358                                 460.51719043744697                                1064.4144656636727                                1094.738328654143                                 1101.8981093696661                                1102.1617159814418                                1101.3225382976884
40                                                356.50050930123507                                514.4950815363285                                 1076.9280413304778                                1101.493042652075                                 1106.8525099469334                                1106.8351985909435                                1105.8904862000145
45                                                408.7428771181196                                 561.3978089849377                                 1088.7651397738546                                1108.2890198175737                                1112.0634216434846                                1111.7994718319896                                1110.7605042568957
50                                                456.02073778079273                                602.4146715498675                                 1098.7170282822908                                1114.373865443304                                 1116.9415462647867                                1116.48841349974                                  1115.3752984957428
55                                                498.401044181922                                  637.756040645132                                  1106.7349308708249                                1119.6853112844092                                1121.425006472285                                 1120.840297716552                                 1119.673323502664
60                                                536.8468007144162                                 669.3338104192546                                 1113.7315154142625                                1124.5599741159363                                1125.6488347169611                                1124.958976070916                                 1123.7475378283634
65                                                571.2441355106041                                 696.8963450823786                                 1119.7810098439572                                1129.091435341138                                 1129.7143648480064                                1128.9469879737135                                1127.7006895103823
70                                                602.2267191250464                                 721.7152324460193                                 1125.9877076673947                                1133.86532138368                                  1134.0362332219624                                1133.1926685888502                                1131.9113329557067
75                                                629.8514214741488                                 744.4453624400753                                 1132.135233757927                                 1138.7734582011135                                1138.5450189596827                                1137.632634236726                                 1136.3182845546203
80                                                654.4342462770477                                 766.3387596194401                                 1138.4138062845427                                1143.9242329712206                                1143.3256537577822                                1142.3482959444386                                1141.0015946508402
85                                                676.3004551283715                                 788.9866241178371                                 1144.7164933601534                                1149.2556997600987                                1148.333376295504                                 1147.2974912204209                                1145.920049458512
90                                                695.5446623283639                                 812.8256429488375                                 1151.0383816737522                                1154.7648513745753                                1153.5666024967709                                1152.4788535668463                                1151.0723551870046
95                                                712.0837425812027                                 837.4721559565124                                 1157.3837879135126                                1160.4543298446756                                1159.0267240834705                                1157.8935835478565                                1156.45964852209
100                                               726.6425707581609                                 862.3909909809562                                 1163.840713800234                                 1166.3789604122053                                1164.758143907436                                 1163.584427593064                                 1162.1239971301793
105                                               741.6088282307214                                 885.8193326075581                                 1170.6990301485043                                1172.7193331537878                                1170.9071215044346                                1169.692189112454                                 1168.2039686281278
110                                               755.3979952916894                                 908.9270252711568                                 1177.7663720876403                                1179.3556043839326                                1177.3765957173296                                1176.1234277581525                                1174.6076063912747
115                                               768.0100719410649                                 931.7140689717522                                 1185.0427396176433                                1186.2877741026405                                1184.1665665461223                                1182.8781435301612                                1181.3349104196204
120                                               788.8198723560855                                 952.964175108608                                  1193.2061654098552                                1194.1407624470617                                1191.8832851345637                                1190.5589968867866                                1188.986354665149
125                                               812.9030788941283                                 973.726175011148                                  1201.6457470769978                                1202.2621059244652                                1199.8648214726804                                1198.5037531203898                                1196.9009268845857
130                                               836.986285432171                                  994.4881749136879                                 1210.08532874414                                  1210.3834494018688                                1207.8463578107976                                1206.4485093539934                                1204.815499104022
135                                               861.7169798287388                                 1014.8870117924135                                1218.7267763345644                                1218.7169461845801                                1216.0424090280426                                1214.6078742295517                                1212.9444158706451
140                                               888.8464647976167                                 1033.940414889998                                 1228.1160897996356                                1227.8364211782437                                1225.0331875330603                                1223.5623137621565                                1221.8674288851694
145                                               915.9759497664946                                 1052.9938179875826                                1237.5054032647067                                1236.9558961719072                                1234.0239660380785                                1232.5167532947612                                1230.7904418996936
150                                               943.1054347353726                                 1072.0472210851672                                1246.8947167297783                                1246.0753711655702                                1243.0147445430966                                1241.471192827366                                 1239.713454914218
155                                               967.6317374629549                                 1089.4741710893845                                1256.3708057097306                                1255.298800270506                                 1252.1132846478872                                1250.53340164879                                  1248.7435714366497
160                                               991.0049976214303                                 1106.1807068161993                                1265.8853306704705                                1264.5682743713037                                1261.259556221447                                 1259.643345344738                                 1257.821127935415
165                                               1014.3782577799058                                1122.887242543015                                 1275.3998556312108                                1273.8377484721022                                1270.405827795007                                 1268.7532890406856                                1266.8986844341798
170                                               1037.7515179383813                                1139.5937782698302                                1284.9143805919507                                1283.1072225729004                                1279.5520993685668                                1277.8632327366336                                1275.9762409329446
175                                               1061.124778096857                                 1156.3003139966459                                1294.428905552691                                 1292.376696673698                                 1288.698370942127                                 1286.9731764325816                                1285.0537974317099
180                                               1081.3548889374174                                1171.485515311228                                 1303.6423771645327                                1301.3599279229916                                1297.5627120460977                                1295.8017214794577                                1293.8499859367425
185                                               1100.1927864680056                                1185.9968631739366                                1312.7225014750043                                1310.2163719702025                                1306.3021760562528                                1304.5056249948575                                1302.521546488645
190                                               1119.0306839985938                                1200.5082110366457                                1321.8026257854754                                1319.0728160174126                                1315.041640066408                                 1313.2095285102569                                1311.1931070405476
195                                               1137.868581529182                                 1215.0195588993543                                1330.8827500959474                                1327.9292600646227                                1323.7811040765637                                1321.9134320256571                                1319.8646675924501
200                                               1156.7064790597701                                1229.5309067620633                                1339.9628744064185                                1336.7857041118332                                1332.5205680867193                                1330.617335541057                                 1328.5362281443522
205                                               1172.9180707759447                                1242.4085937447435                                1347.937466946365                                 1344.560253105938                                 1340.1912583552225                                1338.2562072673722                                1336.1459265261637
210                                               1187.966377665006                                 1254.56267386338                                  1355.4223799038787                                1351.8555920655913                                1347.3885504876603                                1345.4233383023197                                1343.285288154284
215                                               1203.0146845540667                                1266.716753982017                                 1362.9072928613919                                1359.1509310252445                                1354.5858426200975                                1352.5904693372677                                1350.4246497824042
220                                               1218.0629914431274                                1278.870834100654                                 1370.392205818905                                 1366.4462699848978                                1361.7831347525353                                1359.7576003722152                                1357.5640114105245
225                                               1233.1112983321882                                1291.024914219291                                 1377.8771187764182                                1373.7416089445505                                1368.980426884973                                 1366.9247314071627                                1364.7033730386443
226.53484233147287                                1237.7306540182535                                1294.7558335525305                                1380.1747510273349                                1375.9810479560947                                1371.1897686123416                                1369.1248146286925                                1366.894931927951
