% Model:              batchmodel_BILLETTA_r_0.0445341_COIL_kr_1.6756_COIL_kw_5.8583_FUNZ_freq_2540.9_FUNZ_I_eff_61.5962.mph
% Version:            COMSOL 5.6.0.401
% Date:               Jan 27 2022, 15:16
% Table:              Tabella delle sonde 1 - 
% Tempo (s)                                       Temperatura (degC), Punto: (0, 0.5)               Temperatura (degC), Punto: (0.5*BILLETTA_r, 0.5)  Temperatura (degC), Punto: (BILLETTA_r-10*FUNZ_depth_billetta, 0.5)Temperatura (degC), Punto: (BILLETTA_r-5*FUNZ_depth_billetta, 0.5)Temperatura (degC), Punto: (BILLETTA_r-2*FUNZ_depth_billetta, 0.5)Temperatura (degC), Punto: (BILLETTA_r-FUNZ_depth_billetta, 0.5)Temperatura (degC), Punto: (BILLETTA_r-0.01[mm], 0.5)
0                                                 20                                                20                                                20.000000000002274                                20.000007018937197                                20.027834273336907                                20.09393844636321                                 20.16801744072052
5                                                 20.42992247970858                                 29.002646919530548                                170.8289140009702                                 211.7238329297735                                 238.13929963177407                                244.36016195520722                                246.87981355541126
10                                                28.264389120813462                                65.79295571783246                                 297.91369031233035                                351.77687981527515                                384.2875441112918                                 391.3836171084589                                 394.12864002580966
15                                                48.87291341576116                                 117.56858359136163                                423.5945716609981                                 490.57022201223754                                527.8178949135178                                 535.5225672783873                                 538.3802696864408
20                                                82.67669336132343                                 176.95978105085254                                548.267604756536                                  628.900764289121                                  672.4623119812665                                 681.0498097169152                                 684.0153709341005
25                                                126.99825817117198                                239.9209184639518                                 658.5143198331492                                 751.5364119095397                                 800.0946583315887                                 809.2584071425487                                 812.1387486551347
30                                                178.10429243706602                                303.586821291516                                  757.3265185071688                                 868.3121907525675                                 923.139117292369                                  932.7233127681417                                 935.3680070122649
35                                                231.78036370365714                                365.18537148964947                                853.599989575005                                  970.2998592071168                                 1019.4580099617918                                1027.1960397690923                                1028.817394988448
40                                                284.472408837026                                  422.6626258980814                                 935.0558826783237                                 1035.4425099601972                                1070.8089498545905                                1075.1206282600251                                1075.2189475028972
45                                                335.3201325725604                                 475.34594818019843                                982.0445422093186                                 1057.5685072146925                                1079.1551835409055                                1081.1084880955968                                1080.3599211501983
50                                                383.45720657164065                                522.909382056989                                  1013.1122290089535                                1070.7125661350701                                1085.0913674255567                                1086.0333190238662                                1084.9449077296672
55                                                428.1446202149052                                 565.6614518710345                                 1035.0358878093111                                1079.3913245527983                                1089.397161819173                                 1089.670685798877                                 1088.3413230346578
60                                                469.34830294964627                                603.7274216171309                                 1049.5059877267236                                1085.1002916663392                                1092.6328744569723                                1092.5367234894711                                1091.072634556332
65                                                507.55718947258504                                637.8320608245423                                 1061.0611481755564                                1089.8753883684785                                1095.3808569237867                                1094.979767713421                                 1093.4041449370143
70                                                542.6975222497309                                 668.0158100636077                                 1069.2335853791942                                1093.508608592912                                 1097.7154780509532                                1097.1185582043522                                1095.4694014310076
75                                                574.9757349109385                                 695.0167036191945                                 1076.8472734184502                                1097.3794072473193                                1100.4424039543928                                1099.6664697650135                                1097.9473600611645
80                                                604.3439639854172                                 719.0482457255387                                 1083.2609867792976                                1100.9232437645537                                1103.091612575151                                 1102.1727570891153                                1100.396082079687
85                                                630.83216313138                                   740.6120978701659                                 1088.8983741122743                                1104.089247152424                                 1105.4894599671575                                1104.4482080111234                                1102.6222087625374
90                                                654.7158823681073                                 762.0822791648837                                 1094.2271354255045                                1107.2081647865903                                1107.9195195925654                                1106.7676475168519                                1104.8962557892946
95                                                676.0670317156073                                 784.1062096473148                                 1099.4119864997429                                1110.3563760648249                                1110.432397741144                                 1109.1777261579186                                1107.2633282271795
100                                               694.8270534630221                                 806.1566827423195                                 1104.318796110133                                 1113.4716837760893                                1112.9868847388661                                1111.6404554938708                                1109.686696153377
105                                               711.1944454174176                                 828.1236641524328                                 1108.9480396664085                                1116.544397759415                                 1115.5698455491793                                1114.1421947875037                                1112.1525634833797
110                                               726.4646922724968                                 849.2890212682538                                 1113.302819903266                                 1119.5112757281486                                1118.0955551000766                                1116.5939185401403                                1114.5708908531433
115                                               739.8341270845526                                 870.0982548681235                                 1117.381212008068                                 1122.4115506701246                                1120.6171938011403                                1119.0508546142037                                1116.9975350866553
120                                               751.3027498535849                                 890.5513649520416                                 1121.183215980814                                 1125.245222585343                                 1123.1347616523708                                1121.513003009692                                 1119.4324961839152
125                                               763.9881553481115                                 910.1631131667208                                 1124.8941077100362                                1128.0866174328708                                1125.6890832299573                                1124.016124365462                                 1121.9097076203939
130                                               779.3560105419966                                 928.7053756276679                                 1128.600990482415                                 1130.970677888583                                 1128.299351289048                                 1126.5770307405614                                1124.4451224554214
135                                               795.5204184110354                                 946.4716829680939                                 1132.1917871125615                                1133.8524426552508                                1130.9408702061041                                1129.1740897910167                                1127.0182136336339
140                                               812.4813789552273                                 963.4620351879986                                 1135.6664976004745                                1136.7319117328743                                1133.6136399811257                                1131.8073015168284                                1129.6289811550319
145                                               832.63946207538                                   979.8216245404905                                 1139.3105517510644                                1139.7674663720563                                1136.437577190181                                 1134.5905215972657                                1132.388826326729
150                                               854.770493733968                                  995.4764100294516                                 1142.9783942290783                                1142.8783398286373                                1139.3515302046321                                1137.4656891666395                                1135.2409398936106
155                                               878.7959256495973                                 1010.4216408655185                                1146.6606855769892                                1146.0593497602745                                1142.3515752724752                                1140.4290787896152                                1138.1816767290693
160                                               903.3581921780802                                 1024.7623823851281                                1150.4143049925283                                1149.3518761030477                                1145.474136073496                                 1143.5162543548659                                1141.2461727894456
165                                               926.1449198903412                                 1038.6775948421277                                1154.3361361483699                                1152.8264022734274                                1148.781253916477                                 1146.7877926687902                                1144.4942759739479
170                                               948.9369809306883                                 1052.0294521713126                                1158.351564178362                                 1156.4286455368642                                1152.225147747884                                 1150.1970405629381                                1147.8798944812884
175                                               971.7343752991216                                 1064.817954372682                                 1162.460589082505                                 1160.158605893359                                 1155.8058175677156                                1153.7439980373092                                1151.403028311467
180                                               989.2078990262304                                 1075.6639302264985                                1166.8190336526786                                1164.2009279892886                                1159.7150931119108                                1157.6209188782263                                1155.255260976879
185                                               1005.0556953925956                                1086.0231526697248                                1171.2359741978016                                1168.314530831694                                 1163.6989012046392                                1161.5726108245558                                1159.1820374847935
190                                               1020.9034917589612                                1096.3823751129516                                1175.6529147429246                                1172.4281336740992                                1167.682709297368                                 1165.5243027708852                                1163.1088139927078
195                                               1036.7512881253265                                1106.741597556178                                 1180.0698552880472                                1176.5417365165044                                1171.6665173900965                                1169.4759947172147                                1167.0355905006218
200                                               1052.5990844916919                                1117.1008199994048                                1184.4867958331702                                1180.6553393589093                                1175.6503254828253                                1173.4276866635441                                1170.9623670085361
205                                               1065.459042626599                                 1126.1001221751999                                1189.0774873229338                                1184.9919786104065                                1179.8709019301245                                1177.6173593177668                                1175.1264027367006
210                                               1077.4071810284272                                1134.6844078610793                                1193.7212036178207                                1189.3966834609246                                1184.1637346514067                                1181.8796582284135                                1179.3628445398003
215                                               1089.3553194302558                                1143.2686935469583                                1198.364919912708                                 1193.8013883114431                                1188.4565673726884                                1186.1419571390597                                1183.5992863428996
220                                               1101.303457832084                                 1151.8529792328372                                1203.008636207595                                 1198.2060931619612                                1192.74940009397                                  1190.404256049706                                 1187.8357281459994
225                                               1113.2515962339126                                1160.4372649187162                                1207.6523525024818                                1202.6107980124793                                1197.0422328152517                                1194.6665549603522                                1192.0721699490987
230                                               1123.2958599221547                                1168.0659667101104                                1212.2357832196049                                1206.9932503316177                                1201.3281066806621                                1198.9250548050568                                1196.306590683008
235                                               1132.7591046934826                                1175.4030462033397                                1216.8008161604198                                1211.3689116883097                                1205.6118568627899                                1203.1823952619275                                1200.5403946329316
240                                               1142.2223494648106                                1182.740125696569                                 1221.3658491012352                                1215.7445730450022                                1209.8956070449176                                1207.439735718799                                 1204.7741985828561
245                                               1151.6855942361385                                1190.077205189798                                 1225.9308820420501                                1220.1202344016942                                1214.1793572270449                                1211.6970761756697                                1209.0080025327802
250                                               1161.1488390074664                                1197.4142846830273                                1230.495914982865                                 1224.4958957583867                                1218.4631074091726                                1215.9544166325409                                1213.2418064827048
