% Model:              batchmodel_BILLETTA_r_0.0445341_COIL_kr_1.6756_COIL_kw_3.7744_FUNZ_freq_2540.9_FUNZ_I_eff_61.5962.mph
% Version:            COMSOL 5.6.0.401
% Date:               Jan 27 2022, 14:14
% Table:              Tabella delle sonde 1 - 
% Tempo (s)                                       Temperatura (degC), Punto: (0, 0.5)               Temperatura (degC), Punto: (0.5*BILLETTA_r, 0.5)  Temperatura (degC), Punto: (BILLETTA_r-10*FUNZ_depth_billetta, 0.5)Temperatura (degC), Punto: (BILLETTA_r-5*FUNZ_depth_billetta, 0.5)Temperatura (degC), Punto: (BILLETTA_r-2*FUNZ_depth_billetta, 0.5)Temperatura (degC), Punto: (BILLETTA_r-FUNZ_depth_billetta, 0.5)Temperatura (degC), Punto: (BILLETTA_r-0.01[mm], 0.5)
0                                                 20                                                20                                                20.000000000002274                                20.00000701893788                                 20.027834274469853                                20.093938440163754                                20.16801744030829
5                                                 20.42991767416703                                 29.00253634273389                                 170.82723018479146                                211.72199075210176                                238.1377890251391                                 244.35873816091612                                246.8784116212138
10                                                28.264436745684634                                65.79356813219732                                 297.92332001158763                                351.78948838453016                                384.3015512192028                                 391.3978701230976                                 394.14297257080545
15                                                48.87261462542591                                 117.56474799571873                                423.4620474434156                                 490.3792569409527                                 527.5608661699512                                 535.2463962789403                                 538.097205046133
20                                                82.65757817764694                                 176.8094837858447                                 545.1597500682584                                 624.3866470727888                                 666.8717525066215                                 675.2559515289432                                 678.1598071218831
25                                                126.82171517528985                                239.43673289845879                                655.6292836905255                                 748.551214379562                                  797.8339406159274                                 807.1316546429306                                 810.0592566908457
30                                                177.40237145573172                                302.57042268330054                                758.8161193104332                                 874.9869323320844                                 933.6395457165123                                 943.7330635774409                                 946.4940172514213
35                                                231.2498115090363                                 364.3823599711766                                 861.9107152487051                                 989.9704810522725                                 1043.1488118864227                                1051.2809581918036                                1052.9327742895175
40                                                284.5218708938637                                 422.70047495257995                                944.9018050907088                                 1048.1207883648299                                1081.364849659512                                 1085.417873997449                                 1085.4323404942015
45                                                335.3687032393025                                 476.08142147567366                                991.247725695075                                  1063.0681257492188                                1082.003558950778                                 1083.5555056719836                                1082.6689889337222
50                                                383.67386295204085                                524.2574216234053                                 1016.6669389151601                                1071.6774522020537                                1085.262169472975                                 1086.0861361152088                                1084.9570514092457
55                                                428.58607763100406                                567.3800201624481                                 1036.0829050116195                                1079.052764709279                                 1088.8450082306722                                1089.1026454767498                                1087.7718736769748
60                                                470.04624032810034                                605.5857543275994                                 1050.3289292764207                                1085.1617994916537                                1092.5147400347023                                1092.3967054521559                                1090.9263022105001
65                                                508.473396025757                                  639.7214461776689                                 1061.6534474572723                                1090.129871136085                                 1095.5588449909633                                1095.147012796937                                 1093.5672713838394
70                                                543.8002600348261                                 669.8069280507915                                 1069.9845569687195                                1094.1212977801829                                1098.2661288549925                                1097.6559356878024                                1095.9999904591982
75                                                576.1890520137844                                 696.6279202859648                                 1077.2751840895144                                1097.7900886672755                                1100.8315756542797                                1100.0493623124971                                1098.3264775671241
80                                                605.7458572612258                                 721.2426803841955                                 1083.618172187315                                 1101.1951779419846                                1103.3336440963299                                1102.4090092145948                                1100.6294422273272
85                                                632.6416287090274                                 745.0377398196705                                 1089.856655018551                                 1104.6474823504054                                1105.9274932229528                                1104.866916748953                                 1103.0328022303206
90                                                656.7976545870799                                 767.3746986220186                                 1095.6024289433176                                1108.0038466557544                                1108.5416832366845                                1107.362289643197                                 1105.479502171835
95                                                678.2139348953837                                 788.2535567912406                                 1100.8554939616133                                1111.2642708580315                                1111.1762141375248                                1109.8951278973277                                1107.9695420518706
100                                               697.1783696588665                                 810.260454985796                                  1105.7727094945822                                1114.379541418893                                 1113.7255840980883                                1112.3519112016293                                1110.3866286781204
105                                               713.5474540052612                                 832.1063214699303                                 1110.275888361793                                 1117.3741890153879                                1116.242380909107                                 1114.7892241901232                                1112.7887288385755
110                                               727.3098007734752                                 853.6888679569605                                 1114.3588263835209                                1120.2501601651975                                1118.730777429907                                 1117.2115568730287                                1115.1804422178488
115                                               739.97978047961                                   874.7253765978259                                 1118.1979338702968                                1123.0726368363953                                1121.2226425178837                                1119.6458120657517                                1117.58689060726
120                                               754.2578671104271                                 894.7116958728922                                 1122.1077913356203                                1125.9578536012455                                1123.7748057398207                                1122.1399637300146                                1120.052871989361
125                                               768.0884536459452                                 914.0315870803523                                 1125.848939367896                                 1128.817332435564                                 1126.3440082985594                                1124.6574939756342                                1122.5442860366297
130                                               781.4715400861638                                 932.6850502202063                                 1129.4213779671236                                1131.6510733393498                                1128.9302501941002                                1127.1984028026095                                1125.061132749065
135                                               801.5890438845964                                 949.3228595350184                                 1132.9029819760503                                1134.5264330379932                                1131.5963673051801                                1129.824641996397                                 1127.6648351541348
140                                               823.9433316806029                                 965.4497072732414                                 1136.3890263239564                                1137.4201660372805                                1134.2845882580423                                1132.4734695612137                                1130.291205645235
145                                               846.2976194766092                                 981.5765550114653                                 1139.8750706718629                                1140.3138990365674                                1136.972809210904                                 1135.1222971260304                                1132.9175761363354
150                                               868.6327038691558                                 997.3639427416077                                 1143.4069332609138                                1143.275666405501                                 1139.7350539641634                                1137.8458193611204                                1135.6185970929519
155                                               890.8679876271143                                 1011.3871471438009                                1147.1769145538428                                1146.5910103307292                                1142.8820025158807                                1140.9575319245123                                1138.707578644488
160                                               913.1032713850733                                 1025.4103515459942                                1150.946895846772                                 1149.906354255958                                 1146.028951067598                                 1144.0692444879037                                1141.7965601960236
165                                               935.3385551430318                                 1039.4335559481874                                1154.716877139701                                 1153.2216981811866                                1149.1758996193153                                1147.1809570512955                                1144.8855417475597
170                                               954.7511956827865                                 1051.902163437333                                 1158.7339500647677                                1156.8493626419863                                1152.6520880314351                                1150.6234115088987                                1148.304512325014
175                                               971.9868838900917                                 1063.1717942531068                                1162.941591426341                                 1160.7179030710977                                1156.3822013737113                                1154.320949334246                                 1151.9779856235427
180                                               989.2225720973973                                 1074.4414250688806                                1167.1492327879141                                1164.5864435002095                                1160.1123147159878                                1158.0184871595943                                1155.6514589220715
185                                               1006.4582603047028                                1085.7110558846553                                1171.3568741494873                                1168.4549839293209                                1163.842428058264                                 1161.7160249849421                                1159.3249322206002
190                                               1023.6939485120084                                1096.980686700429                                 1175.5645155110606                                1172.3235243584327                                1167.57254140054                                  1165.41356281029                                  1162.998405519129
195                                               1038.5388760129658                                1107.0605164057793                                1179.9929005005702                                1176.456708342907                                 1171.5788061404814                                1169.3880781537823                                1166.9479641035323
200                                               1051.5399388474839                                1116.2227167466453                                1184.5915331333567                                1180.7939976147222                                1175.7980515452773                                1173.5762113042551                                1171.110452364334
205                                               1064.541001682002                                 1125.3849170875114                                1189.1901657661429                                1185.131286886538                                 1180.0172969500723                                1177.7643444547275                                1175.272940625136
210                                               1077.54206451652                                  1134.5471174283775                                1193.788798398929                                 1189.4685761583537                                1184.2365423548672                                1181.9524776052003                                1179.435428885938
215                                               1090.543127351038                                 1143.709317769244                                 1198.387431031715                                 1193.805865430169                                 1188.4557877596621                                1186.1406107556727                                1183.5979171467397
220                                               1101.997691086212                                 1152.0869916698157                                1202.990702887801                                 1198.178773135989                                 1192.7213648766556                                1190.3767837405294                                1187.8089764128995
225                                               1112.259523554559                                 1159.8596026800255                                1207.5975527263663                                1202.5791514170792                                1197.0226751420264                                1194.650007256193                                 1192.0574958733628
230                                               1122.5213560229058                                1167.6322136902354                                1212.204402564932                                 1206.9795296981683                                1201.3239854073981                                1198.9232307718557                                1196.306015333826
235                                               1132.783188491253                                 1175.4048247004453                                1216.8112524034977                                1211.3799079792584                                1205.6252956727694                                1203.1964542875194                                1200.5545347942889
240                                               1143.0450209595997                                1183.1774357106551                                1221.418102242063                                 1215.780286260348                                 1209.9266059381407                                1207.469677803183                                 1204.8030542547522
245                                               1152.2551379191655                                1190.3592052517683                                1225.9315748795439                                1220.109117969871                                 1214.1646942678863                                1211.6815587466285                                1208.9915970918087
250                                               1160.6541234841757                                1197.0852906646287                                1230.3730307228398                                1224.3827696712206                                1218.3540229317505                                1215.8461294757312                                1213.1338831970988
