% Model:              batchmodel_BILLETTA_r_0.0445341_COIL_kr_2.7711_COIL_kw_4.5299_FUNZ_freq_6066_FUNZ_I_eff_61.5962.mph
% Version:            COMSOL 5.6.0.401
% Date:               Jan 27 2022, 19:39
% Table:              Tabella delle sonde 1 - 
% Tempo (s)                                       Temperatura (degC), Punto: (0, 0.5)               Temperatura (degC), Punto: (0.5*BILLETTA_r, 0.5)  Temperatura (degC), Punto: (BILLETTA_r-10*FUNZ_depth_billetta, 0.5)Temperatura (degC), Punto: (BILLETTA_r-5*FUNZ_depth_billetta, 0.5)Temperatura (degC), Punto: (BILLETTA_r-2*FUNZ_depth_billetta, 0.5)Temperatura (degC), Punto: (BILLETTA_r-FUNZ_depth_billetta, 0.5)Temperatura (degC), Punto: (BILLETTA_r-0.01[mm], 0.5)
0                                                 20                                                20.000000000000057                                20.000000000022                                   20.000102774033962                                20.140954143257375                                20.333263936323817                                20.532951516160267
5                                                 20.660433055492717                                33.585592012874145                                313.4648556812284                                 369.6292467772694                                 403.8277550872883                                 411.39792598070665                                414.341584954431
10                                                32.551892761867805                                90.12589830296747                                 564.8466130224256                                 646.4552544955776                                 690.764351201354                                  699.7016175952216                                 702.9154401745155
15                                                64.73004237004113                                 168.41534996707986                                783.505030474396                                  903.9473782578208                                 961.9355757939667                                 972.0415589218                                    975.1178111366077
20                                                113.84125223725607                                249.85269758677066                                952.6891405302448                                 1048.3359971172463                                1079.4611434607536                                1083.3665832694487                                1083.8028252833888
25                                                173.81039100354462                                327.92986144018573                                1021.1914187428823                                1077.9998505477006                                1092.543350234991                                 1093.8762354370015                                1093.4116214844867
30                                                237.428360271482                                  398.7553195699768                                 1047.7028690978245                                1087.0736081798955                                1096.8630273501603                                1097.5198743472515                                1096.8232345896017
35                                                299.60499271957167                                460.816567921673                                  1062.9184834967214                                1093.8975479553264                                1101.2875751621773                                1101.5874630275302                                1100.7617950589251
40                                                357.0114472302905                                 514.7966423674828                                 1077.0833585430032                                1101.6329185917862                                1106.9791501039786                                1106.9602321230136                                1106.0144318448888
45                                                409.2424647539459                                 561.4598931249486                                 1089.424244799036                                 1108.9479519156257                                1112.675650914227                                 1112.4014668170212                                1111.3573665629478
50                                                456.26754103652183                                602.0160731959626                                 1098.893022740749                                 1114.648027854193                                 1117.2291659563389                                1116.7763525552673                                1115.6626154004844
55                                                498.64560351705063                                637.4869505754607                                 1106.6033608092002                                1119.5596466755228                                1121.3070105969227                                1120.72364711006                                  1119.5574756355372
60                                                536.7215550024615                                 668.6408907175658                                 1113.0542279323836                                1123.9762492099521                                1125.1228986975802                                1124.4439349229                                   1123.2375161423352
65                                                571.764740542832                                  697.6791430826646                                 1119.9339851609811                                1128.981452277078                                 1129.5484666746415                                1128.7745673517747                                1127.5266384190813
70                                                603.4073493888927                                 723.9390844762628                                 1126.747552945592                                 1134.2614075516667                                1134.3345113388064                                1133.476830862929                                 1132.1902243170593
75                                                631.6507659440082                                 747.4303171180628                                 1133.4943154888874                                1139.8149398711066                                1139.479767494087                                 1138.5494538032435                                1137.2270032421284
80                                                657.1126876417915                                 772.4371894985321                                 1139.899514407662                                 1145.1177114970965                                1144.4197260280685                                1143.4250459972532                                1142.0700575162568
85                                                679.471372977713                                  796.7281030157648                                 1146.1062637425184                                1150.44283545168                                  1149.4484241202263                                1148.399145290471                                 1147.0146788741163
90                                                698.7268219517728                                 820.3030576697612                                 1152.1145634934574                                1155.790311734857                                 1154.5658617705612                                1153.4717516828982                                1152.060867315708
95                                                715.8611363815437                                 844.01948760427                                   1158.407591812871                                 1161.453333927076                                 1160.0079257633743                                1158.8697334129897                                1157.4318708194219
100                                               730.6248040410514                                 867.6595535912146                                 1164.8625927357598                                1167.3574134350056                                1165.714686837182                                 1164.5354524658605                                1163.0709711315753
105                                               742.8726287395524                                 891.0964905953837                                 1171.408132093156                                 1173.4592038456062                                1171.651270947446                                 1170.4353681195253                                1168.9451627577537
110                                               756.2292918549132                                 913.7649682094024                                 1178.3609619974209                                1179.9984230114128                                1178.0309648850916                                1176.778205757876                                 1175.261065362066
115                                               771.2334642678728                                 935.5809715925985                                 1185.7681555900404                                1187.01069586419                                  1184.885465610912                                 1183.594984462221                                 1182.0493850907465
120                                               786.5521736577911                                 956.7524003384775                                 1193.5132276536215                                1194.4078664451422                                1192.1363371579832                                1190.8089457177166                                1189.2341378049305
125                                               807.7849043247292                                 977.019800911548                                  1201.9635695608536                                1202.5509551011432                                1200.1424713914662                                1198.7786042115326                                1197.173603630671
130                                               834.6904593215007                                 996.8669235707097                                 1210.8653878472105                                1211.1509043856177                                1208.6062066962586                                1207.2056897899593                                1205.5700748967297
135                                               861.5960143182721                                 1016.7140462298706                                1219.7672061335675                                1219.7508536700925                                1217.069942001051                                 1215.6327753683859                                1213.9665461627883
140                                               888.760584515427                                  1036.1428732565455                                1228.8877967996955                                1228.5815670197717                                1225.7670153437516                                1224.2931982396772                                1222.5959167228611
145                                               916.4447405371321                                 1054.732597092404                                 1238.4472459851854                                1237.8751942714862                                1234.9321659909733                                1233.4216969209283                                1231.6924844649488
150                                               944.1288965588377                                 1073.3223209282633                                1248.0066951706754                                1247.1688215232007                                1244.097316638195                                 1242.5501956021794                                1240.789052207037
155                                               971.0207775426912                                 1091.5539782069645                                1257.552769447891                                 1256.452864268906                                 1253.2538262406783                                1251.670103586404                                 1249.8769363243869
160                                               993.9061757035269                                 1107.9749164269933                                1267.0312076925434                                1265.6884387973146                                1262.3666386475388                                1260.746568980076                                 1258.9209079218508
165                                               1016.791573864362                                 1124.3958546470221                                1276.5096459371957                                1274.924013325723                                 1271.4794510543993                                1269.8230343737478                                1267.9648795193148
170                                               1039.6769720251973                                1140.816792867051                                 1285.9880841818476                                1284.1595878541316                                1280.5922634612593                                1278.89949976742                                  1277.0088511167783
175                                               1062.5623701860327                                1157.2377310870797                                1295.4665224265                                   1293.39516238254                                  1289.7050758681198                                1287.9759651610912                                1286.0528227142422
180                                               1084.6894789119578                                1173.3026381492355                                1304.8605078235987                                1302.5498987224364                                1298.738193760766                                 1296.9729094479148                                1295.0173293948515
185                                               1102.981967776475                                 1187.5671190331973                                1313.8274207182053                                1311.2958416531692                                1307.3683017300482                                1305.5677207210342                                1303.5799872108641
190                                               1121.274456640992                                 1201.831599917159                                 1322.794333612812                                 1320.0417845839029                                1315.9984096993303                                1314.1625319941536                                1312.142645026876
195                                               1139.566945505509                                 1216.096080801121                                 1331.7612465074185                                1328.7877275146361                                1324.628517668612                                 1322.757343267272                                 1320.7053028428882
200                                               1157.8594343700265                                1230.3605616850828                                1340.7281594020255                                1337.5336704453694                                1333.258625637894                                 1331.352154540391                                 1329.2679606589008
205                                               1175.5405101478382                                1244.225519173202                                 1349.3929328289719                                1345.9838507308446                                1341.5966283026878                                1339.6559288367794                                1337.5405017065873
210                                               1190.129710109023                                 1256.0701130926536                                1356.5298068150632                                1352.938378747468                                 1348.4574736306572                                1346.4879482596361                                1344.3459413141986
215                                               1204.7189100702076                                1267.9147070121053                                1363.666680801155                                 1359.8929067640915                                1355.3183189586266                                1353.319967682493                                 1351.1513809218104
220                                               1219.308110031392                                 1279.7593009315565                                1370.8035547872469                                1366.847434780715                                 1362.1791642865965                                1360.1519871053497                                1357.9568205294227
225                                               1233.8973099925765                                1291.6038948510081                                1377.9404287733382                                1373.8019627973385                                1369.0400096145659                                1366.9840065282065                                1364.7622601370344
229.17449988015417                                1246.0778326904788                                1301.4929460304538                                1383.8990046932613                                1379.6082980717233                                1374.7681292144393                                1372.6880593805918                                1370.4441215023085
