% Model:              batchmodel_BILLETTA_r_0.0445341_COIL_kr_2.7711_COIL_kw_5.3284_FUNZ_freq_8940.8_FUNZ_I_eff_61.5962.mph
% Version:            COMSOL 5.6.0.401
% Date:               Jan 27 2022, 20:07
% Table:              Tabella delle sonde 1 - 
% Tempo (s)                                       Temperatura (degC), Punto: (0, 0.5)               Temperatura (degC), Punto: (0.5*BILLETTA_r, 0.5)  Temperatura (degC), Punto: (BILLETTA_r-10*FUNZ_depth_billetta, 0.5)Temperatura (degC), Punto: (BILLETTA_r-5*FUNZ_depth_billetta, 0.5)Temperatura (degC), Punto: (BILLETTA_r-2*FUNZ_depth_billetta, 0.5)Temperatura (degC), Punto: (BILLETTA_r-FUNZ_depth_billetta, 0.5)Temperatura (degC), Punto: (BILLETTA_r-0.01[mm], 0.5)
0                                                 20                                                20                                                20.00000000008515                                 20.000328760139666                                20.213487917188672                                20.492050193726755                                20.75958163491623
5                                                 20.681406687742538                                36.87106424782496                                 449.98313773723555                                522.4884860357284                                 563.1373060262516                                 571.4060844521894                                 574.4925424481951
10                                                33.897538520673436                                106.71329407011297                                769.8363564398368                                 881.4923154494726                                 936.1125888423647                                 946.2783673721204                                 949.6120587669878
15                                                74.29907795780241                                 197.76569077433606                                977.5274197002003                                 1061.2351385071574                                1085.953003089925                                 1088.900912102068                                 1089.1539166276707
20                                                132.1205831286128                                 285.41757311724484                                1052.2687516652677                                1101.395657796007                                 1112.7144958195222                                1113.5784558478413                                1113.075723087487
25                                                198.30495024984288                                364.06793289024495                                1068.1699499330475                                1098.6663655700277                                1106.1522453504895                                1106.5986729775964                                1105.98726919735
30                                                264.98433832098954                                432.4330586691881                                 1085.0338260846725                                1110.0032729711293                                1115.8107108141635                                1115.967859629539                                 1115.2386178204088
35                                                327.2275708270341                                 490.7746090618524                                 1094.4631916092408                                1110.9262925555477                                1114.1153230471296                                1113.9208072876477                                1113.0814378385835
40                                                383.7745826200627                                 541.1450856162076                                 1101.0137669333753                                1112.2302149234902                                1113.8364852066202                                1113.4212953869128                                1112.5102443156766
45                                                434.25702540497423                                585.0674819271287                                 1113.1279640854636                                1124.985553967164                                 1126.7954441405368                                1126.3628993432012                                1125.4193129955133
50                                                479.46405588843436                                623.4452285181809                                 1123.3488998171547                                1133.3662284341635                                1134.5934942893937                                1134.0596405201122                                1133.068021123071
55                                                520.0074188405355                                 657.170985590793                                  1132.594574232004                                 1140.8109041039456                                1141.4593291669812                                1140.8294237611558                                1139.7935601424824
60                                                556.4619154818174                                 687.1484880338041                                 1140.777473906464                                 1147.4725214379991                                1147.6262833430428                                1146.9142297426647                                1145.8399318305896
65                                                589.8936052449998                                 715.2245211526465                                 1148.8778338263446                                1154.4240877114294                                1154.1985316859423                                1153.4189634832092                                1152.3100830935027
70                                                619.9826596163473                                 740.8556004404585                                 1156.6723327514828                                1161.3925757350785                                1160.886392495598                                 1160.0527763467453                                1158.913399334037
75                                                646.8468838373582                                 765.1431961998259                                 1164.4460533518713                                1168.5744716076729                                1167.8583533747756                                1166.9802381760524                                1165.8128903430857
80                                                670.8135836064                                    791.1475925236613                                 1172.99105870728                                  1176.5156849928649                                1175.582534008031                                 1174.6585836971544                                1173.461456456581
85                                                691.6848783927684                                 817.0186210726009                                 1181.8284880360038                                1184.8861730759431                                1183.7759213831387                                1182.8113806612582                                1181.58528588549
90                                                709.7798677013477                                 842.8547835182043                                 1191.13118216079                                  1193.815292146065                                 1192.5540650196408                                1191.5521012389522                                1190.2971218472517
95                                                725.8461287094594                                 868.8868467543665                                 1201.3040676089968                                1203.606094411201                                 1202.187671021234                                 1201.1465847803265                                1199.861095921403
100                                               739.4175407760974                                 894.9709256869884                                 1212.0946692941466                                1214.0696242775703                                1212.507951861484                                 1211.429078220643                                 1210.1125198524724
105                                               752.3417554358228                                 920.770966211889                                  1223.4438230841151                                1225.1249830094434                                1223.4276021675082                                1222.3113273456333                                1220.9629593504642
110                                               768.2814139586188                                 945.6208007060653                                 1235.234246586651                                 1236.6118032200957                                1234.773554531394                                 1233.618383837727                                 1232.2371091296372
115                                               784.873215362204                                  969.9502705003382                                 1247.5416156794554                                1248.6335611646768                                1246.6574798335178                                1245.4631322248597                                1244.0480840498576
120                                               803.9461334350652                                 993.7677033146266                                 1260.155988335353                                 1260.9719717745415                                1258.8591100194967                                1257.6251149105128                                1256.1754689614909
125                                               828.571124111155                                  1017.0870818867173                                1272.724859385488                                 1273.2605214172559                                1271.0086019057262                                1269.7341704585438                                1268.2491736992397
130                                               856.6890303324104                                 1039.8990304216381                                1285.4845928552854                                1285.7449671630388                                1283.3539451144202                                1282.0385018878983                                1280.517353493066
135                                               887.5124402369103                                 1062.351135580885                                 1298.2579911881348                                1298.2445278042642                                1295.7139808484121                                1294.357112646459                                 1292.7992754189709
140                                               919.9229716536903                                 1084.653018655259                                 1310.7933759452976                                1310.5024349466112                                1307.8314044128365                                1306.4329284803543                                1304.8382396611664
145                                               954.7039162051336                                 1106.6578652505218                                1323.2670174730974                                1322.6985238354778                                1319.8864266668438                                1318.4459988526537                                1316.8140334340724
150                                               989.5738045645973                                 1128.3636150739308                                1335.5535140586012                                1334.7083410195532                                1331.7559432800313                                1330.2737408875018                                1328.6045817817935
155                                               1021.8018368444333                                1149.767802062443                                 1347.502766386604                                 1346.382922203376                                 1343.292604784358                                 1341.769429270776                                 1340.0637673439296
160                                               1053.3986042092797                                1170.8722418908674                                1359.2252872626527                                1357.8319445176862                                1354.6048993703703                                1353.041092650617                                 1351.2991711538434
162.62106774112758                                1069.7098631814574                                1181.815724179021                                 1365.2798107919416                                1363.7435648500295                                1360.4453213676074                                1358.8603518163818                                1357.0995197422885
