% Model:              batchmodel_BILLETTA_r_0.0445341_COIL_kr_1.4848_COIL_kw_5.8583_FUNZ_freq_8940.8_FUNZ_I_eff_61.5962.mph
% Version:            COMSOL 5.6.0.401
% Date:               Jan 27 2022, 13:50
% Table:              Tabella delle sonde 1 - 
% Tempo (s)                                       Temperatura (degC), Punto: (0, 0.5)               Temperatura (degC), Punto: (0.5*BILLETTA_r, 0.5)  Temperatura (degC), Punto: (BILLETTA_r-10*FUNZ_depth_billetta, 0.5)Temperatura (degC), Punto: (BILLETTA_r-5*FUNZ_depth_billetta, 0.5)Temperatura (degC), Punto: (BILLETTA_r-2*FUNZ_depth_billetta, 0.5)Temperatura (degC), Punto: (BILLETTA_r-FUNZ_depth_billetta, 0.5)Temperatura (degC), Punto: (BILLETTA_r-0.01[mm], 0.5)
0                                                 20                                                20                                                20.00000000008515                                 20.000328760679565                                20.213488047252838                                20.49205041386233                                 20.759581906893175
5                                                 20.631534154161557                                36.77236183216172                                 451.0193009845382                                 523.8501740687293                                 564.4325402788417                                 572.678736694228                                  575.755538524298
10                                                34.62668248642734                                 108.89345980902624                                794.9407526717183                                 921.9838786884417                                 980.1610257295323                                 990.234116777067                                  993.3577941999248
15                                                75.16637714450263                                 200.5953043459911                                 983.6966919439229                                 1061.8215860943574                                1084.7837674882499                                1087.5425102282402                                1087.7446846259336
20                                                133.5738292517134                                 288.9417597593464                                 1042.2811239700045                                1087.3052570292261                                1099.010658212897                                 1100.0806399757757                                1099.689277531183
25                                                200.47940260116235                                367.32028014309617                                1066.029636978321                                 1096.3252611465823                                1103.8109728361806                                1104.2629267751686                                1103.6579703829834
30                                                266.99819954054294                                435.2961991959619                                 1079.3649449177374                                1101.9226158831516                                1107.2288807129917                                1107.3685137541765                                1106.6549222097178
35                                                328.58385043203464                                493.6860655696727                                 1096.1090270596615                                1114.035770158187                                 1117.6827137135779                                1117.5372211763156                                1116.7061293447778
40                                                385.09059216847925                                543.9561938128613                                 1107.904465326406                                 1122.1065080778521                                1124.5994042936195                                1124.2702009138243                                1123.3650986053685
45                                                435.86354001316374                                587.4571827514936                                 1116.9688032702347                                1128.6029335658973                                1130.3126639165066                                1129.8584576685912                                1128.9013928399631
50                                                481.6842899518015                                 625.8331707013732                                 1125.003704564369                                 1134.7216639332                                   1135.8464431255634                                1135.297152479778                                 1134.2984653810322
55                                                523.1933258272546                                 660.6406462286666                                 1133.5482578068195                                1141.5362360012891                                1142.1114599456214                                1141.4696373198117                                1140.4285962766094
60                                                560.1890296037928                                 691.370165379425                                  1142.1045053568696                                1148.7000557237661                                1148.8143596481718                                1148.0915234336721                                1147.0110197118174
65                                                593.8087836821584                                 719.6176515944144                                 1150.2715694768794                                1155.750726923171                                 1155.4969193932693                                1154.7078125507846                                1153.592894635538
70                                                623.5978006760507                                 744.744967823257                                  1158.2097429042856                                1162.873140757346                                 1162.3423616112823                                1161.5004377431837                                1160.355291546059
75                                                650.0684888558151                                 769.0837090060876                                 1166.3402676953524                                1170.3608615542635                                1169.6039581947057                                1168.7161306740159                                1167.5422225618395
80                                                673.6230574466363                                 794.3890424438988                                 1174.965805104127                                 1178.4209799952537                                1177.4591339100352                                1176.5275541317747                                1175.32438745935
85                                                694.0010669982487                                 819.5450223687905                                 1183.930374310221                                 1186.949515574869                                 1185.8198660935109                                1184.849246523307                                 1183.6173926399651
90                                                711.401670600525                                  845.5759426417911                                 1193.6857651276505                                1196.2763302919157                                1194.9767842213396                                1193.9655360521092                                1192.7030612564408
95                                                725.7351732100283                                 872.0204793516533                                 1204.0284993828236                                1206.2528601129138                                1204.798993897109                                 1203.7483663039957                                1202.4544651253177
100                                               739.1335819961707                                 898.0071748366225                                 1214.9592625125524                                1216.8472251718322                                1215.2462152596022                                1214.1568234530087                                1212.831262731439
105                                               751.7704442066334                                 923.4650916810853                                 1226.4781103119917                                1228.0568304197004                                1226.315169492898                                 1225.187577077943                                 1223.8301702401986
110                                               764.7738098486194                                 948.464112263917                                  1238.4823115657623                                1239.776614737808                                 1237.8996993286137                                1236.7340737558811                                1235.3441966148912
115                                               781.9690336103091                                 972.6930041793663                                 1250.7299333205538                                1251.741359930893                                 1249.7274123759198                                1248.52264038162                                  1247.0989492133026
120                                               801.3672040675564                                 996.3135860659171                                 1263.3467634454505                                1264.088960531998                                 1261.9399332375342                                1260.6955674379487                                1259.237092626115
125                                               826.827971722504                                  1019.7065675292841                                1275.9007331399685                                1276.3662073006453                                1274.0789863677064                                1272.7941835759884                                1271.3001842858366
130                                               857.1431834702825                                 1042.75277832544                                  1288.5270891738683                                1288.7149644161786                                1286.288021807618                                 1284.9620627317618                                1283.4317265150262
135                                               890.4115376850219                                 1065.5203388799064                                1301.1310985405603                                1301.0415881500812                                1298.4743414529462                                1297.1068789449755                                1295.5397862004215
140                                               925.1477944771176                                 1088.0838743751824                                1313.612999448705                                 1313.2463866824269                                1310.5388623579815                                1309.1298548153914                                1307.5259351614409
145                                               961.8377169481247                                 1110.3863925794585                                1326.0251207560177                                1325.3819314117504                                1322.5339536120018                                1321.0832194089876                                1319.442226188476
150                                               995.6062896409491                                 1132.3638882739992                                1338.2268002993087                                1337.3103064000811                                1334.3236677285877                                1332.8316480179224                                1331.1538924193292
155                                               1028.6140819348848                                1154.044728079779                                 1350.2803784681187                                1349.0926349310516                                1345.9682555887748                                1344.4351155125528                                1342.7206614914544
160                                               1055.0790351989926                                1172.9899285981865                                1359.8137316972188                                1358.3835624837188                                1355.1437696522116                                1353.577049778538                                 1351.8327932415782
165                                               1079.19613870803                                  1190.9481491985262                                1368.4067761055476                                1366.7448460397359                                1363.398067282761                                 1361.800649973235                                 1360.0292484541628
170                                               1103.3132422170675                                1208.9063697988654                                1376.9998205138763                                1375.106129595753                                 1371.65236491331                                  1370.0242501679327                                1368.225703666748
175                                               1127.4303457261053                                1226.864590399205                                 1385.592864922205                                 1383.4674131517695                                1379.9066625438595                                1378.2478503626298                                1376.422158879333
180                                               1151.5474492351427                                1244.8228109995448                                1394.1859093305334                                1391.8286967077865                                1388.1609601744085                                1386.4714505573274                                1384.618614091918
180.44899262253955                                1153.7131295456593                                1246.4354327122428                                1394.9575520394328                                1392.5795276341096                                1388.9021839224815                                1387.2099177209543                                1385.354643676203
