% Model:              batchmodel_BILLETTA_r_0.0445341_COIL_kr_1.6756_COIL_kw_5.8583_FUNZ_freq_2540.9_FUNZ_I_eff_127.5152.mph
% Version:            COMSOL 5.6.0.401
% Date:               Jan 27 2022, 15:18
% Table:              Tabella delle sonde 1 - 
% Tempo (s)                                       Temperatura (degC), Punto: (0, 0.5)               Temperatura (degC), Punto: (0.5*BILLETTA_r, 0.5)  Temperatura (degC), Punto: (BILLETTA_r-10*FUNZ_depth_billetta, 0.5)Temperatura (degC), Punto: (BILLETTA_r-5*FUNZ_depth_billetta, 0.5)Temperatura (degC), Punto: (BILLETTA_r-2*FUNZ_depth_billetta, 0.5)Temperatura (degC), Punto: (BILLETTA_r-FUNZ_depth_billetta, 0.5)Temperatura (degC), Punto: (BILLETTA_r-0.01[mm], 0.5)
0                                                 20                                                20                                                20.000000000578382                                20.006615975183365                                20.21465034501199                                 20.36780901425351                                 20.525015834460817
5                                                 20.83014687686466                                 44.94808113632655                                 547.813839969781                                  722.921022377698                                  813.9139398844158                                 830.9838978786539                                 836.7403462645744
10                                                40.340994506361426                                144.30006390249605                                974.5543880879662                                 1152.6192029601284                                1196.6187176629214                                1201.1247672074587                                1200.7789510585621
15                                                94.9574464618197                                  256.5093021981347                                 1146.6225949846644                                1229.1201471949907                                1246.3738467324843                                1247.044913104688                                 1245.279326316041
20                                                168.91700633749963                                357.0398003972416                                 1202.9547727570548                                1252.1706557410753                                1260.7292568373919                                1260.1582787882112                                1257.9387860269876
25                                                245.22511150792434                                446.1227808531813                                 1232.2689314027211                                1264.1547792479591                                1268.1997873847304                                1266.9865908343077                                1264.5326120825107
30                                                318.1865798555003                                 524.3928941247784                                 1252.817838210054                                 1275.0616121499702                                1276.5870771729806                                1275.0054107590017                                1272.4026894195722
35                                                386.73033956520055                                594.8548352426207                                 1271.1757727094619                                1287.4810199460217                                1287.4316464144258                                1285.604224450743                                 1282.8835309928118
40                                                449.42091024803346                                657.3698243507291                                 1288.7155551775036                                1301.728670651135                                 1300.784187971511                                 1298.7964608849593                                1295.9758362169814
45                                                506.47325421609344                                714.595726042852                                  1307.6378216071362                                1318.6691883032322                                1317.134563537269                                 1315.0169307102578                                1312.0940838240513
50                                                558.5780947215144                                 772.2290769196931                                 1328.8464457767827                                1338.6094925620591                                1336.6240830370598                                1334.3829679229493                                1331.3466171721761
55                                                605.6663619277223                                 835.8054061157312                                 1352.0597990481951                                1360.823544841439                                 1358.4270216945188                                1356.0598824817107                                1352.8987833782567
60                                                647.643223750019                                  903.843754114938                                  1374.9486998116681                                1382.4989699690418                                1379.6566047363044                                1377.1636583880413                                1373.8791090845298
62.63845645475924                                 667.7123258359408                                 939.7258791837313                                 1385.9549517756914                                1392.6613195109599                                1389.5578717468484                                1387.001585843106                                 1383.6577751623595
