% Model:              batchmodel_BILLETTA_r_0.0445341_COIL_kr_2.4069_COIL_kw_5.8583_FUNZ_freq_7167.5_FUNZ_I_eff_61.5962.mph
% Version:            COMSOL 5.6.0.401
% Date:               Jan 27 2022, 18:44
% Table:              Tabella delle sonde 1 - 
% Tempo (s)                                       Temperatura (degC), Punto: (0, 0.5)               Temperatura (degC), Punto: (0.5*BILLETTA_r, 0.5)  Temperatura (degC), Punto: (BILLETTA_r-10*FUNZ_depth_billetta, 0.5)Temperatura (degC), Punto: (BILLETTA_r-5*FUNZ_depth_billetta, 0.5)Temperatura (degC), Punto: (BILLETTA_r-2*FUNZ_depth_billetta, 0.5)Temperatura (degC), Punto: (BILLETTA_r-FUNZ_depth_billetta, 0.5)Temperatura (degC), Punto: (BILLETTA_r-0.01[mm], 0.5)
0                                                 20                                                20                                                20.000000000034618                                20.00016372211826                                 20.167998261897424                                20.394253563727318                                20.621557805164684
5                                                 20.602366510802028                                34.91757645800027                                 378.98473259308935                                442.74586346706747                                479.5819050075994                                 487.3936491131334                                 490.3794884734199
10                                                32.64724258937554                                 99.01183407645772                                 667.5207950897644                                 763.9422608259966                                 813.7886357948129                                 823.5127440829448                                 826.8878139108107
15                                                68.99630898794254                                 184.40308075864402                                903.0740060065822                                 1017.1360010989182                                1060.7270639468106                                1067.178348665841                                 1068.6646176978238
20                                                125.74241072450076                                269.54590280479306                                1002.4646465248062                                1071.3939853081588                                1089.9906992138126                                1091.963055301048                                 1091.7916451526035
25                                                188.8246608548592                                 346.6171982317196                                 1059.6046941745144                                1109.2316892305375                                1120.8566964503057                                1121.6908765967555                                1121.0688962880736
30                                                251.8594656205462                                 412.27591292576847                                1064.8054949332504                                1096.8238626173643                                1104.465501395127                                 1104.8459808360262                                1104.1177971878296
35                                                311.32946419627547                                470.49993001368125                                1075.9622210790171                                1101.0013515174992                                1106.645831860676                                 1106.7375113058206                                1105.90949648257
40                                                363.4308820208739                                 518.3663389460511                                 1087.4593893432025                                1107.7323096912196                                1111.926574854098                                 1111.7943586254482                                1110.880968022519
45                                                412.1580781074596                                 562.031935187591                                  1098.1183371478314                                1114.463746118468                                 1117.441201109676                                 1117.1171573232737                                1116.1283518405348
50                                                455.20235322945564                                599.5595430316038                                 1106.9922769429904                                1120.502304172248                                 1122.5962572837834                                1122.1303187741182                                1121.083463765075
55                                                494.2424856980897                                 633.0118738052454                                 1114.9312431458175                                1126.196417888651                                 1127.5892461106428                                1127.0092725460254                                1125.91409500099
60                                                530.4966388177082                                 663.7111312812779                                 1122.3418367801423                                1131.7284741867275                                1132.5320269279332                                1131.8549481609352                                1130.71724772967
65                                                564.1713334424215                                 691.9229586268615                                 1129.3544909350044                                1137.1684605294336                                1137.4750565649483                                1136.7147139113722                                1135.539137015909
70                                                594.9042010885181                                 717.9448349780236                                 1136.161093075692                                 1142.7043281099086                                1142.6033058505245                                1141.7726697277853                                1140.5631544188318
75                                                623.0963769287766                                 742.0753728557963                                 1142.7897395895534                                1148.3230029652177                                1147.891519011203                                 1147.0017912450653                                1145.7617385972712
80                                                648.7273251654756                                 764.9400549222624                                 1149.33431911855                                  1154.0768589953168                                1153.379431481946                                 1152.4398415888436                                1151.1718984338377
85                                                671.5780437281221                                 789.4288715799418                                 1156.2336884706688                                1160.2193862868821                                1159.2639953096018                                1158.2749096952161                                1156.9782913753165
90                                                691.7651865446963                                 814.0024367786449                                 1163.2540856072333                                1166.6155604803344                                1165.44030176049                                  1164.406807866615                                 1163.0825575457034
95                                                709.4076648834131                                 838.6247756832021                                 1170.5329112818695                                1173.3673468534107                                1171.9992641672866                                1170.9246197307602                                1169.5729437717919
100                                               724.667501835888                                  863.2468706176434                                 1178.257381518988                                 1180.6136786610045                                1179.0647569066632                                1177.9497265914797                                1176.569691170484
105                                               737.4361994738672                                 887.9015460160516                                 1186.3021280727285                                1188.2615199650209                                1186.553828140714                                 1185.4008460842479                                1183.9922808975548
110                                               750.4096819309405                                 911.8824920074143                                 1194.8213697170754                                1196.4210936268764                                1194.5639993107302                                1193.3737434447062                                1191.9360009140105
115                                               764.3198731116139                                 934.9979505700052                                 1203.8569757338064                                1205.12232435628                                  1203.1217467827173                                1201.8944182417235                                1200.426721212113
120                                               778.1487742092189                                 957.5146289886728                                 1213.3507120925478                                1214.3235912708064                                1212.1902458146055                                1210.9267088881165                                1209.428460426739
125                                               802.9477905957125                                 979.2230446800567                                 1223.6207822065435                                1224.314474881478                                 1222.0492831373454                                1220.7488180849655                                1219.2189316174308
130                                               829.3254242424674                                 1000.8639144839614                                1233.9651636806575                                1234.3781943554318                                1231.9804243780968                                1230.6428583677557                                1229.0812263160187
135                                               856.0665101672074                                 1022.4086097435892                                1244.353234108276                                 1244.4868835852299                                1241.9566050464641                                1240.5818279193286                                1238.9882734240127
140                                               886.1910349107785                                 1043.0579998800904                                1255.1480124042882                                1255.0142038893428                                1252.3520653754667                                1250.9390516443086                                1249.3119282915195
145                                               916.3155596543496                                 1063.707390016592                                 1265.9427907003005                                1265.5415241934556                                1262.7475257044698                                1261.2962753692887                                1259.6355831590263
150                                               945.1295648293361                                 1083.6514442507569                                1276.651328560024                                 1275.987584857096                                 1273.0629571883242                                1271.573527172739                                 1269.8791287400559
155                                               971.150304762794                                  1102.092132715476                                 1287.1760519854784                                1286.2604472452485                                1283.2078137362296                                1281.680325368277                                 1279.9519279310239
160                                               997.1710446962521                                 1120.5328211801957                                1297.7007754109327                                1296.5333096334016                                1293.3526702841345                                1291.7871235638145                                1290.0247271219919
165                                               1023.19178462971                                  1138.9735096449153                                1308.225498836387                                 1306.8061720215542                                1303.49752683204                                  1301.8939217593515                                1300.0975263129599
170                                               1049.2125245631678                                1157.4141981096345                                1318.7502222618414                                1317.0790344097072                                1313.642383379945                                 1312.000719954889                                 1310.1703255039279
175                                               1073.5763027276093                                1175.0373375772028                                1328.9150561491665                                1326.9994776978801                                1323.4384802561804                                1321.7596735862253                                1319.8959611230835
180                                               1094.40840244414                                  1190.9179382443344                                1338.3128149299878                                1336.168768507277                                 1332.4912244256911                                1330.7772249875375                                1328.881645991778
185                                               1115.240502160671                                 1206.7985389114665                                1347.7105737108095                                1345.3380593166744                                1341.5439685952028                                1339.79477638885                                  1337.867330860472
190                                               1136.0726018772016                                1222.679139578599                                 1357.1083324916312                                1354.5073501260713                                1350.596712764714                                 1348.8123277901632                                1346.8530157291661
195                                               1156.9047015937322                                1238.5597402457306                                1366.506091272453                                 1363.6766409354686                                1359.6494569342249                                1357.8298791914754                                1355.8387005978602
198.40327937596192                                1171.084192658382                                 1249.368964391398                                 1372.9027310002598                                1369.9177725962327                                1365.8112604398161                                1363.9677285326284                                1361.9548597963644
