% Model:              batchmodel_BILLETTA_r_0.0445341_COIL_kr_1.9397_COIL_kw_5.8583_FUNZ_freq_7167.5_FUNZ_I_eff_85.0125.mph
% Version:            COMSOL 5.6.0.401
% Date:               Jan 27 2022, 17:08
% Table:              Tabella delle sonde 1 - 
% Tempo (s)                                       Temperatura (degC), Punto: (0, 0.5)               Temperatura (degC), Punto: (0.5*BILLETTA_r, 0.5)  Temperatura (degC), Punto: (BILLETTA_r-10*FUNZ_depth_billetta, 0.5)Temperatura (degC), Punto: (BILLETTA_r-5*FUNZ_depth_billetta, 0.5)Temperatura (degC), Punto: (BILLETTA_r-2*FUNZ_depth_billetta, 0.5)Temperatura (degC), Punto: (BILLETTA_r-FUNZ_depth_billetta, 0.5)Temperatura (degC), Punto: (BILLETTA_r-0.01[mm], 0.5)
0                                                 20                                                20                                                20.000000000263583                                20.001420966659907                                20.309131316027447                                20.61479911496417                                 20.90000756740153
5                                                 20.825085106836866                                44.00046412716142                                 653.5722078267368                                 790.7814171488111                                 867.447704471388                                  882.0049390629111                                 886.9782881936891
10                                                39.80365278890736                                 137.96988621599638                                1030.2755638491703                                1134.1684597234444                                1159.5968032049077                                1162.1939435010945                                1162.0568299992092
15                                                89.90020137465012                                 241.0168094926987                                 1104.1565442051724                                1148.3405633180864                                1158.097861798416                                 1158.6120785566345                                1157.8116490191042
20                                                159.50613306466755                                330.9916151628819                                 1126.3592860589752                                1154.9921236422201                                1160.8250029019518                                1160.800048139905                                 1159.8190387584136
25                                                229.57533544383386                                406.5383938231155                                 1144.1384823678845                                1164.9062069077704                                1168.5918036755875                                1168.2516561849575                                1167.1511036418137
30                                                294.9645184572265                                 471.55012564408366                                1159.542302963277                                 1175.443008988007                                 1177.768953208707                                 1177.2202309533345                                1176.0318751997916
35                                                354.9524237545545                                 528.4680832856486                                 1173.9433480622492                                1186.5928760650636                                1187.9906654359393                                1187.2918286790405                                1186.032416596413
40                                                410.41372237503526                                579.8079503948076                                 1188.4993535050298                                1198.8075781841098                                1199.5174792107455                                1198.7000023942333                                1197.3772637918805
45                                                461.06242425185894                                626.070481068575                                  1204.4060772425528                                1213.1187625742373                                1213.3346555925855                                1212.4230197074967                                1211.041764288092
50                                                507.4967041357935                                 668.0168886830165                                 1221.5882543132197                                1229.2647372035467                                1229.130173891701                                 1228.141694448926                                 1226.7043941766315
55                                                549.9555999174978                                 706.2786128261331                                 1240.248723515871                                 1247.138128369766                                 1246.710585702213                                 1245.6493474572635                                1244.1531646744575
60                                                588.4266834373551                                 741.8565075967717                                 1260.4276394430753                                1266.826396900994                                 1266.1748146799446                                1265.046590067032                                 1263.4892715575693
65                                                623.2235803196407                                 779.2205075220251                                 1282.5697417573083                                1288.4771056808945                                1287.5821067641014                                1286.3788310543896                                1284.7522435691608
70                                                654.2566488344678                                 817.223162347521                                  1306.3457733222663                                1311.8398175234652                                1310.7068009209188                                1309.4247136012282                                1307.722957010405
75                                                681.6972043999021                                 858.8671809202737                                 1331.1273912181937                                1336.0974789441375                                1334.681588578822                                 1333.3108759437964                                1331.5272194725844
80                                                705.4805137390317                                 902.4433328956503                                 1356.342875997474                                 1360.7251297127282                                1359.00119945007                                  1357.5364383562824                                1355.6670903937343
85                                                725.6284411357208                                 945.2491746912054                                 1377.567031578441                                 1381.141675274167                                 1379.0818869664777                                1377.5281761787342                                1375.5833365967005
89.13733661848207                                 739.5450646142194                                 980.8870413247047                                 1393.4212834165228                                1396.2076287034588                                1393.84968088592                                  1392.223108027698                                 1390.2193724599551
