% Model:              batchmodel_BILLETTA_r_0.0445341_COIL_kr_1.9397_COIL_kw_5.3284_FUNZ_freq_4639.7_FUNZ_I_eff_85.0125.mph
% Version:            COMSOL 5.6.0.401
% Date:               Jan 27 2022, 16:40
% Table:              Tabella delle sonde 1 - 
% Tempo (s)                                       Temperatura (degC), Punto: (0, 0.5)               Temperatura (degC), Punto: (0.5*BILLETTA_r, 0.5)  Temperatura (degC), Punto: (BILLETTA_r-10*FUNZ_depth_billetta, 0.5)Temperatura (degC), Punto: (BILLETTA_r-5*FUNZ_depth_billetta, 0.5)Temperatura (degC), Punto: (BILLETTA_r-2*FUNZ_depth_billetta, 0.5)Temperatura (degC), Punto: (BILLETTA_r-FUNZ_depth_billetta, 0.5)Temperatura (degC), Punto: (BILLETTA_r-0.01[mm], 0.5)
0                                                 20                                                19.999999999999943                                20.000000000089358                                20.00051519290207                                 20.196905930997275                                20.397309605536634                                20.599157254007196
5                                                 20.307764123104334                                36.95836593445557                                 461.1740347505497                                 560.9312137036578                                 616.89556299927                                   628.4485324023768                                 632.7051189356532
10                                                31.086980922157124                                115.87835633478483                                826.1786286124997                                 1023.6308067774249                                1101.8816140383728                                1112.3276812031809                                1114.8091357538765
15                                                72.6349853162431                                  214.8528584624715                                 1031.3261653464174                                1114.5634843116927                                1134.2045393082126                                1135.9368878547816                                1135.342667367488
20                                                138.1818685846289                                 309.5915826817717                                 1085.3029188748014                                1135.503367610138                                 1147.3166843852318                                1147.9610889446935                                1146.9841759389765
25                                                210.45010449052018                                392.30552427916837                                1113.9215731163063                                1145.5791836685012                                1151.5751722797581                                1151.373103742214                                 1150.1036563168973
30                                                281.4032170385933                                 463.4343735624849                                 1130.5873485221778                                1153.8043426982276                                1157.565826219275                                 1157.0392322221242                                1155.648379261443
35                                                346.8812678172128                                 524.4819404867353                                 1143.8863529738715                                1161.6635303179887                                1163.9305698588687                                1163.1799684086182                                1161.6991445809736
40                                                405.73616875721336                                577.6628323819799                                 1155.8547909178938                                1169.6766864841234                                1170.8380586054595                                1169.9162550164315                                1168.3612114178268
45                                                458.54170172311944                                624.1822747467315                                 1166.8957457523734                                1177.936034843252                                 1178.3024312280595                                1177.2513796480666                                1175.6342034140512
50                                                505.6621700524771                                 664.7343743713826                                 1177.3171132291864                                1186.5304703971628                                1186.3549363409106                                1185.2084659737393                                1183.5384647193005
55                                                548.2454708830759                                 701.0855063259659                                 1187.999187064367                                 1195.7517920851924                                1195.1264392099683                                1193.8953947139812                                1192.1739074424754
60                                                586.4047506200712                                 734.2553756145788                                 1199.0558015153047                                1205.716753716948                                 1204.7387491568325                                1203.4357367333396                                1201.6655084920544
65                                                620.4699434293939                                 765.6439012667073                                 1210.7862631580347                                1216.609456294475                                 1215.3460868995298                                1213.979741364914                                 1212.1623318143265
70                                                651.164798012166                                  800.3549231740207                                 1224.0288354309419                                1229.119000057653                                 1227.5867226592331                                1226.155359470596                                 1224.2860994186735
75                                                678.2788018789713                                 837.0060093176902                                 1238.548822283762                                 1243.0592754537852                                1241.290070513479                                 1239.7949259243605                                1237.8707757078073
80                                                701.8685448922104                                 875.4658104597844                                 1254.3281574542148                                1258.4061833319934                                1256.430291694866                                 1254.8723571984874                                1252.8901988524372
85                                                723.7372546815084                                 911.548902481566                                  1270.7911621559538                                1274.3918077993649                                1272.1840376861965                                1270.5565055243133                                1268.5107260158884
90                                                742.9423372021761                                 947.4431155737467                                 1288.238758683397                                 1291.41755849248                                  1288.9816942004354                                1287.2818334866647                                1285.1681240200187
95                                                759.4837924542136                                 983.1484497363273                                 1306.670947036545                                 1309.48343541134                                  1306.8232612375818                                1305.0483410855422                                1302.8623928648271
100                                               785.928515934541                                  1017.1952568308837                                1324.7283411509738                                1327.0598277013823                                1324.144649248963                                 1322.2905895654053                                1320.0312028282797
105                                               816.9468496194171                                 1050.206819035178                                 1342.9874607285788                                1344.7954479078976                                1341.6091932973222                                1339.672486191671                                 1337.3371426253702
110                                               851.9266682631556                                 1082.2547219471026                                1361.5145205738722                                1362.7648023733946                                1359.293079159766                                 1357.2702824604294                                1354.856312313204
110.8045228666515                                 857.925073561532                                  1087.3213727923594                                1364.5206341650764                                1365.6779838651992                                1362.158983230468                                 1360.1220128318191                                1357.6951419601928
