% Model:              batchmodel_BILLETTA_r_0.0445341_COIL_kr_1.4848_COIL_kw_4.5299_FUNZ_freq_8940.8_FUNZ_I_eff_61.5962.mph
% Version:            COMSOL 5.6.0.401
% Date:               Jan 27 2022, 13:09
% Table:              Tabella delle sonde 1 - 
% Tempo (s)                                       Temperatura (degC), Punto: (0, 0.5)               Temperatura (degC), Punto: (0.5*BILLETTA_r, 0.5)  Temperatura (degC), Punto: (BILLETTA_r-10*FUNZ_depth_billetta, 0.5)Temperatura (degC), Punto: (BILLETTA_r-5*FUNZ_depth_billetta, 0.5)Temperatura (degC), Punto: (BILLETTA_r-2*FUNZ_depth_billetta, 0.5)Temperatura (degC), Punto: (BILLETTA_r-FUNZ_depth_billetta, 0.5)Temperatura (degC), Punto: (BILLETTA_r-0.01[mm], 0.5)
0                                                 20                                                20                                                20.00000000008515                                 20.000328760651257                                20.213488040210905                                20.49205040188349                                 20.759581892251276
5                                                 20.631576395416573                                36.77421836337231                                 451.093693843442                                  523.9202898891068                                 564.4876960393757                                 572.7311559373135                                 575.8071136167405
10                                                34.627721730546966                                108.89573108532534                                794.7463177176295                                 921.7546233982526                                 979.9131952120582                                 989.9851900276027                                 993.1091491062879
15                                                75.1668956602897                                  200.5872994381881                                 983.6472782382242                                 1061.8148842715514                                1084.8008215886666                                1087.5632850035126                                1087.7666288690107
20                                                133.57141063132542                                288.9337004662865                                 1043.2955046934803                                1088.4877449882192                                1100.170233923956                                 1101.2281581999741                                1100.8296742139232
25                                                200.4760297015572                                 367.3328303392576                                 1065.7881707812826                                1095.8675722185785                                1103.3068380001155                                1103.754573725134                                 1103.1493470731843
30                                                266.98667386874786                                435.3278241541043                                 1078.1183729745726                                1100.4698781797488                                1105.7527353943792                                1105.895132314768                                 1105.1855793637078
35                                                328.566173513388                                  493.6837937566909                                 1096.080182872959                                 1114.0331936062253                                1117.6784595298977                                1117.532202247071                                 1116.7007997477426
40                                                385.12660482212436                                543.8097451405916                                 1107.8931013359515                                1122.180996859484                                 1124.695364865121                                 1124.3687456513503                                1123.4642877595402
45                                                436.0028512263068                                 586.7847462206994                                 1116.31642293317                                  1128.2890088334452                                1130.1200832723066                                1129.6856389890931                                1128.7357843307673
50                                                481.94054979215844                                625.3178090389264                                 1124.571321858179                                 1134.5409923679485                                1135.7599168109423                                1135.226098923089                                 1134.2329769019907
55                                                523.0112293981337                                 659.7279818874752                                 1133.0195855057473                                1141.183459746228                                 1141.8184847398147                                1141.1863731319681                                1140.1491726617814
60                                                559.8634239814669                                 690.4674832704005                                 1141.3562447257846                                1148.0268666359434                                1148.1657122037473                                1147.4474902844709                                1146.3696740675732
65                                                593.2174854481118                                 718.1845593070841                                 1149.4569636389256                                1155.005677161886                                 1154.7753046293205                                1153.990827906693                                 1152.8787557411656
70                                                622.69560134489                                   742.7614094975495                                 1157.4367625800414                                1162.181061273713                                 1161.6783247211165                                1160.8417622924503                                1159.6996458010549
75                                                649.3541157802717                                 768.189983118208                                  1165.7950775259574                                1169.823714016979                                 1169.0726242162896                                1168.1866394647222                                1167.0143331669738
80                                                672.7342844386342                                 792.7366745909852                                 1174.3150156918791                                1177.8160791783066                                1176.8722809621736                                1175.9445339200715                                1174.7437845184677
85                                                693.082132505988                                  817.8922181120682                                 1183.3819634678566                                1186.422416949933                                 1185.3023485384851                                1184.3340499455976                                1183.1038951906935
90                                                710.4595524153265                                 844.0316369375854                                 1193.0928723152783                                1195.7092071362467                                1194.4194435617096                                1193.4101817124697                                1192.148977865134
95                                                725.2328658116041                                 870.4468943157411                                 1203.3583939092769                                1205.611490459551                                 1204.1675501200007                                1203.1187403348554                                1201.8259583626818
100                                               738.8408523785373                                 896.3338099561792                                 1214.2753665063751                                1216.183657925685                                 1214.5907316158882                                1213.5032478811045                                1212.1792608992791
105                                               750.5736137391784                                 922.0891689187371                                 1225.7960098092067                                1227.3988728429708                                1225.6672470293306                                1224.542230427147                                 1223.1869664284236
110                                               764.9509323433566                                 946.9968746720734                                 1237.6823989890795                                1238.9901184987439                                1237.1203428928966                                1235.9569308963246                                1234.56908122282
115                                               781.0429783838077                                 971.2042457889544                                 1249.9834810030784                                1251.0123267622325                                1249.006954164438                                 1247.8046964379168                                1246.3832068410334
120                                               800.5367689526894                                 994.9250050858988                                 1262.532886442416                                 1263.2906379363808                                1261.1501066734645                                1259.9083810019101                                1258.4522813579051
125                                               826.0131088251873                                 1018.332542640686                                 1275.1008653212502                                1275.5815574674048                                1273.3025859374957                                1272.0203232823087                                1270.5285979423616
130                                               855.8137697730284                                 1041.3336721904316                                1287.8114738925387                                1288.0172486897895                                1285.5988338158636                                1284.2752721901606                                1282.7469807494285
135                                               888.0576614964201                                 1064.1634455729304                                1300.364764012349                                 1300.2934177095058                                1297.7350537371963                                1296.3701527019375                                1294.8053002575812
140                                               923.5495662329882                                 1086.7213011383778                                1312.8890617575703                                1312.54024983502                                  1309.8412182416305                                1308.4346286597374                                1306.832815797119
145                                               959.0183557196189                                 1109.017348242574                                 1325.286703764512                                 1324.6619340340253                                1321.822821808827                                 1320.374621620359                                 1318.7358422695324
150                                               993.369518409632                                  1131.054969451338                                 1337.525012109642                                 1336.6264121685572                                1333.6482431219424                                1332.1586531659314                                1330.483032869125
155                                               1025.3678834712277                                1152.0192691367602                                1348.906833065012                                 1347.7441288550922                                1344.6340747554696                                1343.1054354706198                                1341.395060787153
160                                               1050.4556386122208                                1170.5169653826874                                1358.1075823417082                                1356.7053868006233                                1353.4829319732494                                1351.9218913357545                                1350.1828819486718
165                                               1075.5433937532139                                1189.0146616286142                                1367.3083316184043                                1365.6666447461548                                1362.3317891910287                                1360.7383472008887                                1358.9707031101907
170                                               1100.6311488942065                                1207.512357874541                                 1376.5090808951004                                1374.6279026916864                                1371.1806464088081                                1369.554803066023                                 1367.75852427171
175                                               1125.7189040351996                                1226.0100541204679                                1385.709830171796                                 1383.5891606372184                                1380.029503626588                                 1378.3712589311572                                1376.546345433229
177.77653745113182                                1139.6503223779573                                1236.2819633977633                                1390.8190751608404                                1388.5654142962226                                1384.9433403195644                                1383.2671029103167                                1381.42628834699
