% Model:              batchmodel_BILLETTA_r_0.0445341_COIL_kr_1.9397_COIL_kw_3.2356_FUNZ_freq_2540.9_FUNZ_I_eff_127.5152.mph
% Version:            COMSOL 5.6.0.401
% Date:               Jan 27 2022, 15:38
% Table:              Tabella delle sonde 1 - 
% Tempo (s)                                       Temperatura (degC), Punto: (0, 0.5)               Temperatura (degC), Punto: (0.5*BILLETTA_r, 0.5)  Temperatura (degC), Punto: (BILLETTA_r-10*FUNZ_depth_billetta, 0.5)Temperatura (degC), Punto: (BILLETTA_r-5*FUNZ_depth_billetta, 0.5)Temperatura (degC), Punto: (BILLETTA_r-2*FUNZ_depth_billetta, 0.5)Temperatura (degC), Punto: (BILLETTA_r-FUNZ_depth_billetta, 0.5)Temperatura (degC), Punto: (BILLETTA_r-0.01[mm], 0.5)
0                                                 20                                                20                                                20.00000000066018                                 20.00684981097794                                 20.215546816689084                                20.36985315919179                                 20.52831431525817
5                                                 20.83774030900497                                 45.34183726414858                                 549.4431380265555                                 726.4763779422369                                 820.5735266190107                                 837.9483246305095                                 843.7208730446572
10                                                40.45533759136066                                 144.79128023077448                                975.5411795877247                                 1152.664784459761                                 1196.5077494864313                                1200.9935840204444                                1200.6416271861663
15                                                95.10153042594646                                 257.0192361794641                                 1148.071313680834                                 1230.2363455369145                                1247.3785237032748                                1248.0307539163414                                1246.255543724581
20                                                169.2416578841116                                 357.4171231012034                                 1202.8738532431753                                1252.0174272647655                                1260.5595833379484                                1259.9869216627903                                1257.7674860290144
25                                                245.49872793340114                                446.36860292842346                                1232.2343909639453                                1264.1353200579902                                1268.1844505292297                                1266.971901199638                                 1264.5181905385762
30                                                318.5531098652099                                 524.8662105877819                                 1253.0109221811845                                1275.1684943909345                                1276.6701911530777                                1275.0849707060752                                1272.4807979854304
35                                                387.0967401007862                                 595.3249704333255                                 1271.395627890639                                 1287.639562631995                                 1287.5727762779456                                1285.7425017271216                                1283.0203694696747
40                                                449.81070895033895                                657.811598204473                                  1288.9219977738694                                1301.9028600764495                                1300.948802212858                                 1298.9592288750368                                1296.1373914891988
45                                                506.81647628827807                                715.076739944313                                  1307.8021728903595                                1318.830638946547                                 1317.2945195037328                                1315.1761853087328                                1312.2525122809361
50                                                558.9012264383794                                 772.221810763038                                  1329.006726769333                                 1338.780035608403                                 1336.7961703610526                                1334.554709859562                                 1331.5176132838692
55                                                605.9541180002672                                 836.3823052412826                                 1352.3132630415944                                1361.0906875293003                                1358.6942171334358                                1356.3259744281627                                1353.1634415416997
60                                                647.8919623551257                                 904.2586233793471                                 1375.0954369453798                                1382.6247476739718                                1379.7779547020373                                1377.284333776517                                 1373.9991341654913
61.939812698337434                                662.7731971367486                                 930.8484162077688                                 1383.3843027564244                                1390.2966853598668                                1387.25720912413                                  1384.7164875811181                                1381.3868078243095
