% Model:              batchmodel_BILLETTA_r_0.0445341_COIL_kr_1.6756_COIL_kw_5.3284_FUNZ_freq_4639.7_FUNZ_I_eff_61.5962.mph
% Version:            COMSOL 5.6.0.401
% Date:               Jan 27 2022, 15:00
% Table:              Tabella delle sonde 1 - 
% Tempo (s)                                       Temperatura (degC), Punto: (0, 0.5)               Temperatura (degC), Punto: (0.5*BILLETTA_r, 0.5)  Temperatura (degC), Punto: (BILLETTA_r-10*FUNZ_depth_billetta, 0.5)Temperatura (degC), Punto: (BILLETTA_r-5*FUNZ_depth_billetta, 0.5)Temperatura (degC), Punto: (BILLETTA_r-2*FUNZ_depth_billetta, 0.5)Temperatura (degC), Punto: (BILLETTA_r-FUNZ_depth_billetta, 0.5)Temperatura (degC), Punto: (BILLETTA_r-0.01[mm], 0.5)
0                                                 20                                                20                                                20.00000000001222                                 20.00005071443252                                 20.10641073512238                                 20.253620961342847                                20.413642152285206
5                                                 20.527639262402943                                32.010211964476696                                262.7997083822884                                 308.1839035181355                                 335.9698657437814                                 342.52450171988994                                345.18727975730815
10                                                30.067259959010187                                82.93858597651337                                 467.3438837767509                                 535.7848721844846                                 574.5977262445489                                 582.7779470028679                                 585.8319012901992
15                                                57.15236353904993                                 151.8914595476346                                 652.4409707379663                                 744.661542135809                                  796.8625993158834                                 806.923309227076                                  810.2844028839146
20                                                102.73525908915587                                227.86093727160255                                807.9266599523877                                 917.5295269299246                                 967.5514426412352                                 976.5472972846529                                 979.1531409412797
25                                                159.8070519035632                                 302.8160667952808                                 950.6411189090301                                 1047.1717805338499                                1077.938421765759                                 1081.6509143955077                                1081.8880082284877
30                                                221.096754342005                                  373.26790279434965                                1011.7331606827655                                1075.3767267560534                                1092.5683020425367                                1094.1828044955496                                1093.664860612871
35                                                281.25513119373136                                437.0337493237407                                 1039.920489709366                                 1082.9198676137826                                1093.3831040543446                                1094.0317144018836                                1093.203917592953
40                                                337.94053928937626                                493.0445519372312                                 1057.8798665608156                                1090.9935094057696                                1098.5839323330974                                1098.7977299649865                                1097.8081778916194
45                                                390.5337707980498                                 542.0239062040274                                 1070.7809820305647                                1097.2148061780194                                1102.8127392317137                                1102.7233421860228                                1101.621396395693
50                                                438.47306969326826                                584.5989984328415                                 1080.4521837266648                                1102.372899292709                                 1106.608445693791                                 1106.3082661249246                                1105.1260410096565
55                                                482.16147828255487                                622.2869556279597                                 1088.9324254875482                                1107.2517501192924                                1110.3837540664445                                1109.9106957344889                                1108.661026105291
60                                                521.8563257256551                                 655.8844753041291                                 1097.2083924952813                                1112.2632976088998                                1114.3854240601418                                1113.7530096965397                                1112.4399161463657
65                                                557.7318767233659                                 685.5801513089136                                 1104.8116188790837                                1117.1485246748557                                1118.4212879749384                                1117.6531735720973                                1116.2845192396899
70                                                590.3199530821225                                 712.3207447570056                                 1111.4268888655993                                1121.622428571256                                 1122.2270259016645                                1121.350565682848                                 1119.936038791066
75                                                619.3417952030564                                 735.6100015547166                                 1117.219425883944                                 1125.8343962735185                                1125.9411837046714                                1124.981793429286                                 1123.530125565308
80                                                645.5476429799354                                 758.9769148628328                                 1122.8284243847638                                1130.0232833350951                                1129.6796952639975                                1128.644416325616                                 1127.1578915812797
85                                                668.6624536606672                                 781.1277331771743                                 1128.01955158692                                  1134.1015237796637                                1133.4000584763935                                1132.3026684288338                                1130.7859345890802
90                                                688.8545035121139                                 803.2799292683063                                 1133.0878586055428                                1138.2164330554415                                1137.2040541463762                                1136.0513675579869                                1134.5064782000604
95                                                706.2378449556104                                 826.23451206996                                   1138.2247194312476                                1142.4625405741986                                1141.156368513789                                 1139.9506418205765                                1138.3779573592028
100                                               720.9272563439588                                 849.2496702010072                                 1143.3186176848585                                1146.790459509335                                 1145.2267183146605                                1143.9730858453559                                1142.3740034744264
105                                               734.0046991947324                                 871.6004789163154                                 1148.5497270008905                                1151.3198207184737                                1149.5158520360023                                1148.2163494733804                                1146.5909419876002
110                                               744.9716802948137                                 893.6209335194145                                 1153.8350358003463                                1155.995506556822                                 1153.977351726537                                 1152.6354423956254                                1150.9843927814622
115                                               756.7981903716037                                 914.6908120214433                                 1159.2733588714168                                1160.8907157562576                                1158.676881712071                                 1157.294744504593                                 1155.6181053062064
120                                               769.2754971898222                                 934.8537038925343                                 1164.8577514679687                                1166.0003038781852                                1163.6098270753341                                1162.18973115354                                  1160.4875992228485
125                                               783.5901366835936                                 954.275588625641                                  1170.6162349372812                                1171.3411479976298                                1168.7896479096908                                1167.3333197257693                                1165.6055613243643
130                                               802.30590810258                                   973.0601334199808                                 1176.616415686342                                 1176.9573356532692                                1174.2532992917363                                1172.7613108616533                                1171.0072808934833
135                                               823.9905450193529                                 991.1602350185814                                 1182.823020889948                                 1182.8258995605643                                1179.9815324073406                                1178.455056097972                                 1176.674374671787
140                                               849.139277116601                                  1008.9754859315675                                1189.3367295615699                                1189.0137184138966                                1186.030505833623                                 1184.4689259367728                                1182.6603958287324
145                                               877.5450210711894                                 1026.3387941049114                                1196.1154421554647                                1195.4928264778432                                1192.3767365178132                                1190.7801850198216                                1188.9429507787113
150                                               905.4197161064727                                 1043.248712873467                                 1203.1308929267088                                1202.22061186278                                  1198.9748283901936                                1197.3435470262016                                1195.4773703489846
155                                               931.3689958757296                                 1059.7047097269838                                1210.3726773950661                                1209.1813893439003                                1205.8080713831023                                1204.1423422862376                                1202.2472120390553
160                                               956.7501925455132                                 1075.7073030323127                                1217.8509236991958                                1216.3904275485775                                1212.8927317470825                                1211.192797725449                                 1209.2684816388482
165                                               981.5633061158234                                 1091.2564927894537                                1225.565631839097                                 1223.8477264768117                                1220.228809482132                                 1218.4949133438363                                1216.5411791483634
170                                               1005.8083365866604                                1106.3522789984067                                1233.5168018147715                                1231.5532861286028                                1227.816304588253                                 1226.0486891413989                                1224.0653045676008
175                                               1025.253990646942                                 1119.9053011398828                                1241.3804716527752                                1239.1869983236752                                1235.3353347755965                                1233.5341562549643                                1231.5208603580186
180                                               1044.0803923682452                                1133.2802477644764                                1249.2137255532984                                1246.7915434834467                                1242.825420785215                                 1240.9906819672233                                1238.9474566831582
185                                               1062.9067940895488                                1146.65519438907                                  1257.0469794538217                                1254.3960886432187                                1250.3155067948333                                1248.4472076794823                                1246.3740530082982
190                                               1081.733195810852                                 1160.030141013664                                 1264.8802333543445                                1262.0006338029903                                1257.8055928044514                                1255.9037333917408                                1253.8006493334378
195                                               1100.1702411966253                                1173.235330828329                                 1272.6784561136237                                1269.5726102856029                                1265.2639160980048                                1263.3286284575233                                1261.1956676374534
200                                               1115.299427294126                                 1184.9983156774433                                1280.1790643862028                                1276.8678926671641                                1272.4523925038416                                1270.4847986607742                                1268.322408168779
205                                               1130.4286133916266                                1196.7613005265575                                1287.6796726587827                                1284.1631750487254                                1279.640868909678                                 1277.6409688640247                                1275.4491487001037
210                                               1145.5577994891273                                1208.5242853756718                                1295.1802809313622                                1291.4584574302867                                1286.8293453155143                                1284.7971390672756                                1282.5758892314288
215                                               1160.6869855866275                                1220.2872702247869                                1302.6808892039417                                1298.753739811848                                 1294.0178217213506                                1291.9533092705265                                1289.7026297627544
220                                               1175.0253867477081                                1231.6081916315584                                1310.0324345031909                                1305.905945224631                                 1301.0654371945025                                1298.9690827308732                                1296.6892774553594
225                                               1187.772985012035                                 1242.0398247220778                                1317.084113430622                                 1312.7703261659194                                1307.8296861422768                                1305.7024234651767                                1303.3941037786058
230                                               1200.5205832763618                                1252.4714578125968                                1324.135792358053                                 1319.6347071072078                                1314.5939350900508                                1312.4357641994807                                1310.0989301018521
235                                               1213.2681815406886                                1262.9030909031158                                1331.1874712854847                                1326.499088048496                                 1321.3581840378256                                1319.1691049337846                                1316.803756425099
240                                               1226.0157798050154                                1273.3347239936347                                1338.2391502129158                                1333.363468989784                                 1328.1224329855995                                1325.9024456680886                                1323.5085827483454
245                                               1238.0901394177245                                1283.3454608781458                                1345.0325199604326                                1339.9777864991524                                1334.6403571154033                                1332.3903877239823                                1329.9687214198893
250                                               1249.2806545324183                                1292.8036347227558                                1351.4867749721789                                1346.2638144964344                                1340.834899878785                                 1338.5561642725756                                1336.1076280377338
