% Model:              batchmodel_BILLETTA_r_0.0445341_COIL_kr_2.4069_COIL_kw_3.7744_FUNZ_freq_2540.9_FUNZ_I_eff_85.0125.mph
% Version:            COMSOL 5.6.0.401
% Date:               Jan 27 2022, 17:36
% Table:              Tabella delle sonde 1 - 
% Tempo (s)                                       Temperatura (degC), Punto: (0, 0.5)               Temperatura (degC), Punto: (0.5*BILLETTA_r, 0.5)  Temperatura (degC), Punto: (BILLETTA_r-10*FUNZ_depth_billetta, 0.5)Temperatura (degC), Punto: (BILLETTA_r-5*FUNZ_depth_billetta, 0.5)Temperatura (degC), Punto: (BILLETTA_r-2*FUNZ_depth_billetta, 0.5)Temperatura (degC), Punto: (BILLETTA_r-FUNZ_depth_billetta, 0.5)Temperatura (degC), Punto: (BILLETTA_r-0.01[mm], 0.5)
0                                                 20                                                20                                                20.0000000000353                                  20.00016110511916                                 20.106794976562355                                20.216551660862137                                20.337418451842723
5                                                 20.655352351762076                                34.089554082427526                                281.32255612472056                                361.9043321887957                                 411.52813782661156                                421.941246329392                                  425.8812314313069
10                                                32.27541831587291                                 94.66715555551747                                 532.0275908693052                                 651.4213840364976                                 714.0536551540234                                 726.1285651948335                                 730.2956083178964
15                                                67.7902898110338                                  177.44934928741776                                735.4288558685378                                 898.190198305699                                  975.3905189186311                                 988.0783007566823                                 991.5687387392942
20                                                123.04732139086468                                262.5967186892316                                 913.4799925542792                                 1057.9354552170344                                1100.872236069184                                 1105.783435948711                                 1105.9315807074581
25                                                185.86087981711847                                342.27214977310985                                1013.5050002940201                                1108.7846945490269                                1130.7997509225474                                1132.4855344990947                                1131.4549653696467
30                                                248.48003560826487                                411.1425782508346                                 1055.1252934322993                                1120.2172012788396                                1134.1951133006887                                1134.7682980373934                                1133.3646032560719
35                                                309.06936575063673                                474.6018665903457                                 1096.230593834041                                 1144.6463163247063                                1153.7901797053105                                1153.6101958584036                                1151.8895154822367
40                                                365.0943735482051                                 529.1199753762907                                 1106.9383500506892                                1140.8169857797766                                1146.3756480057332                                1145.7400602882544                                1143.899671796693
45                                                415.9127197808889                                 576.5734958411465                                 1116.6562503658752                                1142.583925529756                                 1146.0455561997583                                1145.1226302333862                                1143.1903644384615
50                                                462.5780069863047                                 619.0764518402076                                 1125.836785982539                                 1146.107837723077                                 1148.058333539053                                 1146.9202893777579                                1144.9111172126454
55                                                506.06494588952796                                657.9184779006911                                 1134.4143584765825                                1150.3483775451223                                1151.1209497881                                   1149.809773324745                                 1147.7334962064574
60                                                546.3209395020718                                 693.2240626687867                                 1142.4335687115658                                1155.1236485027052                                1154.996400983357                                 1153.547443268164                                 1151.4125590157078
65                                                582.9573167321606                                 724.9332197195505                                 1149.9350171582414                                1160.115395076351                                 1159.2801855656307                                1157.7185774379327                                1155.5317118258768
70                                                616.2398991859795                                 755.8973458130405                                 1157.2584089942716                                1165.4510704007703                                1164.0412372918072                                1162.3837741275752                                1160.1485783190665
75                                                646.2603846642033                                 788.4099681721767                                 1164.6922074380473                                1171.1325941601249                                1169.2065200319457                                1167.4599786999297                                1165.177094511304
80                                                672.9732893368123                                 821.3334542519598                                 1172.0933293196822                                1177.1590141550432                                1174.8122610771588                                1172.9883878137075                                1170.659949753795
85                                                696.3786132038066                                 854.6678040523894                                 1179.4617746391755                                1183.5303303855267                                1180.858460427447                                 1178.9690014689086                                1176.59714404654
90                                                717.6525951709875                                 886.2265726551387                                 1187.36555257587                                  1190.4825048664716                                1187.4958677605605                                1185.5404714346896                                1183.1226088636445
95                                                736.1647730128442                                 917.1816911384655                                 1195.5002110923851                                1197.8890623246039                                1194.6436814835065                                1192.628480578262                                 1190.1645571431304
100                                               751.8936596654343                                 947.5731006074767                                 1203.8553740232169                                1205.7456922997972                                1202.2991477612004                                1200.2304960643191                                1197.720542278163
105                                               772.3515797782742                                 976.3990532243055                                 1212.8734851725612                                1214.276153085932                                 1210.6269313676694                                1208.503590777807                                 1205.9462743741628
110                                               797.3869180080075                                 1003.6797664781424                                1222.5456150448995                                1223.475928745249                                 1219.6237090032132                                1217.444594640156                                 1214.8386108564678
115                                               824.8564489211295                                 1029.70103358803                                  1232.7455368251922                                1233.2811822514227                                1229.242502701868                                 1227.0086956101359                                1224.3531284774463
120                                               855.1494910287262                                 1054.5704623062202                                1243.4898645067842                                1243.650352804918                                 1239.423866162122                                 1237.1331984922554                                1234.4251952953832
125                                               888.6406650735008                                 1078.3915979174167                                1254.7945848623262                                1254.5434486325553                                1250.1105973322115                                1247.7577749948218                                1244.9926193894757
130                                               925.0100221197594                                 1101.0760064406345                                1266.6460442140792                                1265.9946251448791                                1261.3515502490213                                1258.9339491540659                                1256.1085164487426
135                                               962.971223046421                                  1122.789951282437                                 1278.9315557665386                                1277.8812139711863                                1273.0221761907478                                1270.5371952347168                                1267.6486947404228
140                                               997.1183070696128                                 1144.2321700003981                                1291.17754269429                                  1289.687689780274                                 1284.599047474363                                 1282.044182156796                                 1279.0912268614002
145                                               1030.7402315697877                                1164.9775544335716                                1303.6721265833798                                1301.7276954028362                                1296.4006146787851                                1293.7733017264468                                1290.7536506283868
150                                               1063.8369965469456                                1185.0261045819566                                1316.4153074338083                                1314.0012308388723                                1308.4268778040137                                1305.7245539436703                                1302.6359660413814
155                                               1090.23513214889                                  1203.7728562342513                                1328.4669518655242                                1325.5942229760967                                1319.7824177578514                                1317.007997787387                                 1313.8528871733774
160                                               1116.3978146372592                                1222.4851306380147                                1340.4885461788444                                1337.1578534989362                                1331.1091234101136                                1328.262762730837                                 1325.041260350361
165                                               1142.5604971256284                                1241.197405041777                                 1352.5101404921652                                1348.7214840217762                                1342.435829062376                                 1339.517527674287                                 1336.229633527345
170                                               1165.6229576375445                                1258.2590986352839                                1362.6492111288298                                1358.4610893700615                                1351.9794109961276                                1349.0009537978494                                1345.6565099107302
175                                               1187.4285088651854                                1274.6516045510657                                1372.025058517279                                 1367.4611882591125                                1360.8000689670707                                1357.7662338579285                                1354.3692304398214
180                                               1209.2340600928264                                1291.044110466847                                 1381.400905905728                                 1376.4612871481631                                1369.6207269380134                                1366.5315139180075                                1363.0819509689127
182.70800988429454                                1221.0439897442152                                1299.9223240765054                                1386.4788833860393                                1381.3357584983987                                1374.3980127322725                                1371.2788069262679                                1367.800777631288
