% Model:              batchmodel_BILLETTA_r_0.0445341_COIL_kr_1.9397_COIL_kw_4.5299_FUNZ_freq_4639.7_FUNZ_I_eff_85.0125.mph
% Version:            COMSOL 5.6.0.401
% Date:               Jan 27 2022, 16:20
% Table:              Tabella delle sonde 1 - 
% Tempo (s)                                       Temperatura (degC), Punto: (0, 0.5)               Temperatura (degC), Punto: (0.5*BILLETTA_r, 0.5)  Temperatura (degC), Punto: (BILLETTA_r-10*FUNZ_depth_billetta, 0.5)Temperatura (degC), Punto: (BILLETTA_r-5*FUNZ_depth_billetta, 0.5)Temperatura (degC), Punto: (BILLETTA_r-2*FUNZ_depth_billetta, 0.5)Temperatura (degC), Punto: (BILLETTA_r-FUNZ_depth_billetta, 0.5)Temperatura (degC), Punto: (BILLETTA_r-0.01[mm], 0.5)
0                                                 20                                                20                                                20.000000000095724                                20.000558675950174                                20.19773204700192                                 20.397044003145993                                20.598537386561134
5                                                 20.760726238513882                                40.233166318318865                                491.27417138246904                                607.4236345434582                                 669.6661412347038                                 681.8568840027782                                 686.2300860243013
10                                                37.85873033325083                                 123.12899476629383                                839.3093278085729                                 1006.4396731936348                                1067.9910156692308                                1076.9019611589215                                1078.9897455121745
15                                                83.42268580505265                                 221.14619604150283                                1024.1235628759578                                1110.8509365487253                                1132.2084664751937                                1134.241090519301                                 1133.7599752243518
20                                                147.89866987741647                                311.1779448649246                                 1098.5978460375482                                1151.2929674827087                                1162.6215380315052                                1163.1246009953675                                1162.0555083078852
25                                                216.8555521922642                                 388.9073240923948                                 1111.6610874685007                                1146.1668412621198                                1152.9768018940972                                1152.8856348667832                                1151.64893351732
30                                                282.97983616385613                                457.16108354513096                                1127.0481925362687                                1151.9286230194793                                1156.1545836270734                                1155.6966415729016                                1154.331942724462
35                                                344.85189960928244                                517.5278245315236                                 1140.7925876991908                                1159.4033440302178                                1161.9114942920137                                1161.1999348409927                                1159.7372554402673
40                                                401.96890499048084                                570.8746069258619                                 1153.1492799291727                                1167.5568552225777                                1168.8885068043041                                1167.9954327423493                                1166.4549838402554
45                                                453.7973979332795                                 617.5050217709168                                 1164.3857636345706                                1175.9516078876209                                1176.4718019055736                                1175.446765540678                                 1173.8429894815536
50                                                501.33906582858253                                660.1780806631903                                 1175.966135573788                                 1185.1823658198978                                1185.0156523608016                                1183.8735913678725                                1182.2085647374333
55                                                544.4180683162188                                 698.281059386067                                  1187.5575426981854                                1195.1534704051583                                1194.4886572362852                                1193.2535538242664                                1191.532418641012
60                                                583.3530074957604                                 733.8891813306003                                 1199.4774129941243                                1205.9499963501044                                1204.9169903005763                                1203.6054213831344                                1201.831668213038
65                                                618.5684118007674                                 769.7676239286853                                 1212.1487104219764                                1217.6853033344742                                1216.3355273720672                                1214.9542025129404                                1213.1291214074322
70                                                649.7771802044798                                 804.046346878867                                  1225.2853919803638                                1230.2827282236622                                1228.7206825552607                                1227.2829844313906                                1225.4093536107375
75                                                677.1439844439362                                 839.1577451144257                                 1239.5440011361748                                1244.076667329628                                 1242.3109357255921                                1240.81463764187                                  1238.8881820355055
80                                                700.7174895495477                                 875.8206582828319                                 1255.1185645533465                                1259.1659439658533                                1257.1767642497261                                1255.6150265119982                                1253.6293866077935
85                                                720.4332455997835                                 913.0830853582739                                 1271.752121470527                                 1275.4196806881969                                1273.2248308644812                                1271.5969230407045                                1269.5484998733555
90                                                740.7836303031577                                 948.9315491874826                                 1289.125761268891                                 1292.3589861630471                                1289.932886121183                                 1288.232341963991                                 1286.1160571648857
95                                                760.7132117904579                                 983.8390927987558                                 1307.314408287481                                 1310.0963703368457                                1307.4236264508918                                1305.6453272759854                                1303.4564500451042
100                                               781.1267560083221                                 1017.9520024179595                                1326.2246522104033                                1328.5493540805533                                1325.6188300533372                                1323.7585470499812                                1321.4928982592182
105                                               821.8456031022678                                 1050.2940492418593                                1343.6446991573598                                1345.3886020262212                                1342.1802051789336                                1340.238492134256                                 1337.8992086795206
110                                               862.5644501962137                                 1082.636096065759                                 1361.0647461043163                                1362.227849971889                                 1358.7415803045296                                1356.7184372185302                                1354.305519099823
113.61847837975449                                892.0325037678077                                 1106.0418955036166                                1373.6715587546905                                1374.4143408964342                                1370.7269758707243                                1368.6449022159281                                1366.1786950093046
