% Model:              batchmodel_BILLETTA_r_0.0445341_COIL_kr_1.9397_COIL_kw_3.7744_FUNZ_freq_7167.5_FUNZ_I_eff_61.5962.mph
% Version:            COMSOL 5.6.0.401
% Date:               Jan 27 2022, 16:08
% Table:              Tabella delle sonde 1 - 
% Tempo (s)                                       Temperatura (degC), Punto: (0, 0.5)               Temperatura (degC), Punto: (0.5*BILLETTA_r, 0.5)  Temperatura (degC), Punto: (BILLETTA_r-10*FUNZ_depth_billetta, 0.5)Temperatura (degC), Punto: (BILLETTA_r-5*FUNZ_depth_billetta, 0.5)Temperatura (degC), Punto: (BILLETTA_r-2*FUNZ_depth_billetta, 0.5)Temperatura (degC), Punto: (BILLETTA_r-FUNZ_depth_billetta, 0.5)Temperatura (degC), Punto: (BILLETTA_r-0.01[mm], 0.5)
0                                                 20                                                20                                                20.00000000003456                                 20.0001637221755                                  20.167998285042415                                20.394253604663447                                20.621557855344577
5                                                 20.617778407590663                                34.609811018104494                                363.5627123646028                                 426.2237850171348                                 462.49928344689044                                470.1516071490271                                 473.0791879167298
10                                                32.910505903757326                                97.04297486258844                                 648.3496753029975                                 741.1994066090226                                 792.2925161708941                                 802.4673196712307                                 805.9791400647488
15                                                70.21612703873166                                 181.89041212926975                                891.6739441278877                                 1006.9046250183782                                1051.703080335726                                 1058.4884342522555                                1060.1295874437565
20                                                125.40567917342463                                266.65257317153726                                996.8169231129715                                 1067.0885393384633                                1086.6950555531726                                1088.8687190040168                                1088.7782589292842
25                                                188.30189310935202                                344.400629121777                                  1037.2545540744422                                1081.4610853763133                                1093.0392558870212                                1094.0516994704462                                1093.5634259229332
30                                                252.0333710367711                                 413.5437654688252                                 1060.691369273091                                 1093.2066913302415                                1101.1219493394465                                1101.5613386645136                                1100.861347406736
35                                                313.026797946859                                  473.6309678685915                                 1079.1107210447417                                1107.515383408646                                 1113.8571332730921                                1114.004851172766                                 1113.17659530724
40                                                369.0609175068365                                 525.9528888504275                                 1092.0556893405274                                1112.8658378816194                                1117.0534685386897                                1116.89329001633                                  1115.9578729232317
45                                                420.06915082130695                                571.557862968137                                  1101.7725968484597                                1116.6828412794061                                1119.2299758469035                                1118.8393954997027                                1117.8247668606982
50                                                466.0773736656538                                 611.0814486124109                                 1109.4233023705347                                1121.6238529000716                                1123.3404437315912                                1122.8183927101813                                1121.7513379487918
55                                                507.6717663988063                                 646.0820208945605                                 1117.1397767363364                                1127.404803131748                                 1128.5025376969297                                1127.877674539191                                 1126.7656610515064
60                                                545.1393507700235                                 676.8603691860602                                 1124.4509274303332                                1133.353256867912                                 1133.9981472690624                                1133.2940565681479                                1132.1442614180705
65                                                578.8683135701591                                 704.1429619059365                                 1131.5365205237226                                1139.159992359941                                 1139.3917337176936                                1138.615857876588                                 1137.4311215940443
70                                                609.6920728436982                                 730.4179041567772                                 1138.5517103006314                                1144.9810385044493                                1144.8263406575038                                1143.9827458499813                                1142.7643051525538
75                                                637.3811037031076                                 755.0410069623655                                 1145.4435648701656                                1150.8096683042072                                1150.310231296212                                 1149.4052962372034                                1148.1551701962444
80                                                661.9354061483872                                 778.0122703227013                                 1152.2120842323252                                1156.6458817592138                                1155.8434056338174                                1154.8835090382554                                1153.6037167251152
85                                                683.6564469983254                                 802.7051351932558                                 1159.3545895771877                                1163.0163392057707                                1161.9515535782402                                1160.9412284629375                                1159.6319639955136
90                                                702.4179696517037                                 827.7067787925365                                 1166.662799000212                                 1169.7004712813032                                1168.4145121897072                                1167.3590645639142                                1166.0212863645188
95                                                718.2038590809225                                 852.8368725048653                                 1174.1101280011994                                1176.6701251499871                                1175.2041805070262                                1174.1090150425152                                1172.7437790870654
100                                               733.2916764177618                                 877.4602418486066                                 1182.1581128837379                                1184.270234325019                                 1182.6303244452606                                1181.4950537260706                                1180.1007015250148
105                                               747.2364589794287                                 901.7009796252443                                 1190.7165841990309                                1192.4334098176787                                1190.6324256408498                                1189.4577938399211                                1188.0331972235385
110                                               759.6370432583977                                 925.67096376393                                   1199.7042481807716                                1201.0988959643382                                1199.1559227565522                                1197.9436942496195                                1196.4882031668558
115                                               774.9662645007819                                 948.8621811360625                                 1209.0975737485655                                1210.186411998693                                 1208.106000444                                    1206.856780250937                                 1205.37050398289
120                                               793.7072470322022                                 971.2197597227415                                 1218.8940192399732                                1219.687286554832                                 1217.4724174135604                                1216.1866853287452                                1214.6698151742507
125                                               814.3370065615055                                 992.9166761645066                                 1229.1015969031132                                1229.6288549445276                                1227.2874579498489                                1225.966088524152                                 1224.4185572321849
130                                               838.0115799450194                                 1014.1058472946303                                1239.541988748531                                 1239.8079341328653                                1237.3400211504113                                1235.982519850049                                 1234.4036018330867
135                                               865.3606123181797                                 1034.870560544363                                 1250.1180723929674                                1250.1138587817654                                1247.5151291444413                                1246.1202557522283                                1244.5088668542749
140                                               895.7204791661962                                 1055.1230337995567                                1260.9322115185005                                1260.66326638615                                  1257.9339646893873                                1256.5012649130294                                1254.856698897041
145                                               927.1102994380539                                 1075.0019752026888                                1271.8318722178851                                1271.2999455192444                                1268.4395396314198                                1266.9685246696267                                1265.290146265981
150                                               957.0953152787614                                 1094.6778749198793                                1282.6295706800038                                1281.8318922249396                                1278.8388953168728                                1277.3290339523555                                1275.6162951195256
155                                               987.5293806479186                                 1114.02091968494                                  1293.4680593370495                                1292.4053006282752                                1289.278952789005                                 1287.7297461005264                                1285.9820323804638
160                                               1016.0393445253218                                1132.5034080440323                                1304.1332198629339                                1302.8125855246176                                1299.555010324957                                 1297.9667109875872                                1296.1840184487005
165                                               1039.4140059632077                                1149.6946390970643                                1314.3351408149674                                1312.7714264530773                                1309.388789541576                                 1307.7629008261865                                1305.9463783830952
170                                               1062.7886674010933                                1166.8858701500963                                1324.5370617670014                                1322.730267381537                                 1319.2225687581954                                1317.5590906647853                                1315.7087383174899
175                                               1086.1633288389794                                1184.0771012031291                                1334.738982719035                                 1332.6891083099968                                1329.0563479748143                                1327.355280503385                                 1325.4710982518845
180                                               1109.537990276865                                 1201.268332256161                                 1344.940903671069                                 1342.647949238456                                 1338.8901271914328                                1337.1514703419843                                1335.2334581862788
185                                               1131.2906744695943                                1217.5381546800736                                1354.398789061478                                 1351.8751999507867                                1348.0003473936436                                1346.2265442673674                                1344.2768355700618
190                                               1149.4275991081363                                1231.7539457888138                                1362.1980484146648                                1359.4715681574462                                1355.4975884821342                                1353.694085312326                                 1351.7174358283132
195                                               1167.5645237466779                                1245.9697368975535                                1369.9973077678515                                1367.0679363641061                                1362.994829570625                                 1361.1616263572846                                1359.158036086565
200                                               1185.70144838522                                  1260.1855280062937                                1377.7965671210386                                1374.664304570766                                 1370.4920706591151                                1368.6291674022436                                1366.598636344817
205                                               1203.8383730237615                                1274.4013191150339                                1385.5958264742249                                1382.260672777426                                 1377.9893117476063                                1376.0967084472022                                1374.0392366030687
208.45164304040665                                1216.3588109643624                                1284.2148864039054                                1390.9798783275755                                1387.504663068003                                 1383.1648717526741                                1381.2517656625587                                1379.1756958226374
