% Model:              batchmodel_BILLETTA_r_0.0445341_COIL_kr_1.9397_COIL_kw_5.3284_FUNZ_freq_7167.5_FUNZ_I_eff_61.5962.mph
% Version:            COMSOL 5.6.0.401
% Date:               Jan 27 2022, 16:48
% Table:              Tabella delle sonde 1 - 
% Tempo (s)                                       Temperatura (degC), Punto: (0, 0.5)               Temperatura (degC), Punto: (0.5*BILLETTA_r, 0.5)  Temperatura (degC), Punto: (BILLETTA_r-10*FUNZ_depth_billetta, 0.5)Temperatura (degC), Punto: (BILLETTA_r-5*FUNZ_depth_billetta, 0.5)Temperatura (degC), Punto: (BILLETTA_r-2*FUNZ_depth_billetta, 0.5)Temperatura (degC), Punto: (BILLETTA_r-FUNZ_depth_billetta, 0.5)Temperatura (degC), Punto: (BILLETTA_r-0.01[mm], 0.5)
0                                                 20                                                20                                                20.00000000003456                                 20.000163722195794                                20.16799829388981                                 20.394253620318864                                20.621557873782535
5                                                 20.506513659709185                                33.2376769756018                                  351.1041192742043                                 408.853802152457                                  443.18570276043226                                450.9406805330349                                 453.97015816988085
10                                                32.028465358748576                                94.58772672336312                                 633.4233457571571                                 718.6178936155261                                 766.4271401622199                                 776.161901853127                                  779.6313207635773
15                                                67.71090308499754                                 177.8636363096805                                 875.4217221197524                                 992.3702043107254                                 1039.3576910330817                                1046.6652961894993                                1048.529999464493
20                                                121.97582613879109                                262.80009217057966                                994.7875508890537                                 1066.1955124960073                                1086.5416642955806                                1088.8366234209334                                1088.78844271743
25                                                184.18322902912467                                341.7587657454427                                 1039.6839323982504                                1083.8859138414518                                1095.3423756153406                                1096.3326629261705                                1095.8319745905433
30                                                248.22942966343953                                411.6437106396411                                 1063.6935895279898                                1095.1742213706511                                1102.71455709479                                  1103.0897039967954                                1102.364295756338
35                                                310.17989776303693                                472.28870433047086                                1077.1528526101752                                1102.2054708964488                                1107.8664169678746                                1107.9600565936803                                1107.1308813259993
40                                                367.00196170358697                                525.230069616181                                  1089.4264250128185                                1109.2848550695485                                1113.3595240337272                                1113.2081431597703                                1112.2858271559467
45                                                418.53558494058393                                571.0030779757485                                 1100.7704023102456                                1116.3550204053972                                1119.0846522678899                                1118.7197768728183                                1117.7138570047855
50                                                465.0607990288155                                 611.0534693209813                                 1109.792304783903                                 1122.4038631108024                                1124.206303670433                                 1123.6929859116772                                1122.6268430121518
55                                                506.92134976184957                                645.8703998562754                                 1117.4901868540232                                1128.0071304221483                                1129.1543323798278                                1128.5337594870566                                1127.4216513447564
60                                                544.7112267144158                                 676.8192255089028                                 1124.6947428655876                                1133.5374122913245                                1134.1650745113207                                1133.4583709575081                                1132.3074027311732
65                                                578.7543481680743                                 704.3917404907486                                 1131.6625455463368                                1139.1100539193312                                1139.2995295869218                                1138.5184899147916                                1137.3323219169824
70                                                609.211189660704                                  728.9084904808493                                 1138.554126150721                                 1144.7980933348063                                1144.6014551009284                                1143.7532075255708                                1142.5338013535124
75                                                637.0170592566774                                 754.2306174238007                                 1145.6086656169523                                1150.796673401353                                 1150.2546501731285                                1149.3444393746017                                1148.0927557838859
80                                                661.8862133912659                                 779.2475277058278                                 1152.728974188397                                 1157.0381926032273                                1156.2004959308492                                1155.2350186313029                                1153.9526323455566
85                                                683.8186520644691                                 803.9592213269294                                 1159.9150518650563                                1163.5226509404288                                1162.4389923740896                                1161.4249452956742                                1160.1134310385237
90                                                703.197732704485                                  828.71252201495                                   1167.3390185271114                                1170.3500807836035                                1169.0503650273708                                1167.9914763595516                                1166.6512089666858
95                                                720.2307595360805                                 853.6949780440133                                 1175.0939496589635                                1177.574575601463                                 1176.0779966164305                                1174.976389286007                                 1173.6070947421467
100                                               734.6773154929308                                 878.6890839295589                                 1183.0719027672471                                1185.1334015395973                                1183.471574863925                                 1182.3312334700336                                1180.9333902522644
105                                               746.9482065899693                                 903.6207754134226                                 1191.3020896298558                                1193.0465980732106                                1191.2484203628255                                1190.0729334048497                                1188.6468944455482
110                                               763.5588727256533                                 927.3153831744313                                 1200.2478130619206                                1201.63199403524                                  1199.6832400999133                                1198.4699138806582                                1197.0140409558512
115                                               780.7607288376804                                 950.4487399942724                                 1209.6425169998165                                1210.7067301814768                                1208.617984500148                                 1207.3677397135593                                1205.881540188684
120                                               798.5537749260508                                 973.020845872947                                  1219.486201443542                                 1220.2708065119205                                1218.0526535635295                                1216.7664109035527                                1215.2493921440464
125                                               823.2162631414536                                 994.5912069734064                                 1229.9668381085035                                1230.4845555785691                                1228.1373167118832                                1226.8140561085552                                1225.264738458618
130                                               852.1662656119219                                 1015.7570318317156                                1240.6619019913874                                1240.9024294373162                                1238.4214006931657                                1237.0600169527693                                1235.4776466052413
135                                               881.1162680823901                                 1036.9228566900242                                1251.3569658742713                                1251.3203032960637                                1248.7054846744486                                1247.3059777969838                                1245.6905547518645
140                                               909.9758738381062                                 1057.8889601027172                                1262.0690921563505                                1261.7569455839212                                1259.0085662314627                                1257.5708553601294                                1255.9222162177575
145                                               938.224558010964                                  1077.5053005066507                                1272.896530017531                                 1272.3204291895345                                1269.4400377312786                                1267.9635764174077                                1266.2806168856614
150                                               966.4732421838218                                 1097.1216409105832                                1283.7239678787114                                1282.8839127951483                                1279.871509231094                                 1278.356297474686                                 1276.6390175535657
155                                               994.7219263566798                                 1116.7379813145167                                1294.5514057398918                                1293.4473964007611                                1290.30298073091                                  1288.7490185319648                                1286.99741822147
160                                               1019.6446338568741                                1134.8238312446379                                1305.0265700614373                                1303.6722651838181                                1300.4001621098478                                1298.8080996680683                                1297.0223767239386
165                                               1042.8299822637323                                1152.1102132879896                                1315.3177205736083                                1313.720254932833                                 1310.3227235084078                                1308.6929004624858                                1306.8731581845232
170                                               1066.015330670591                                 1169.3965953313414                                1325.6088710857798                                1323.7682446818485                                1320.2452849069673                                1318.5777012569033                                1316.7239396451082
175                                               1089.2006790774494                                1186.6829773746927                                1335.9000215979513                                1333.8162344308635                                1330.1678463055268                                1328.4625020513208                                1326.5747211056923
180                                               1112.3860274843078                                1203.9693594180444                                1346.1911721101228                                1343.8642241798784                                1340.0904077040864                                1338.3473028457383                                1336.425502566277
185                                               1132.4342225520568                                1219.3122473637686                                1354.9644825491996                                1352.4192409721568                                1348.5360212628584                                1346.7600261501593                                1344.8084549466953
190                                               1150.8436923919085                                1233.639930611544                                 1362.944933172123                                 1360.1943875495272                                1356.210135496056                                 1354.403794207732                                 1352.424671282075
195                                               1169.2531622317606                                1247.967613859319                                 1370.925383795046                                 1367.9695341268975                                1363.884249729254                                 1362.0475622653048                                1360.0408876174552
200                                               1187.6626320716123                                1262.2952971070945                                1378.905834417969                                 1375.744680704268                                 1371.558363962451                                 1369.6913303228775                                1367.6571039528349
205                                               1206.072101911464                                 1276.6229803548695                                1386.8862850408923                                1383.5198272816383                                1379.2324781956486                                1377.3350983804507                                1375.2733202882146
206.7156269835019                                 1212.3888585533068                                1281.5391723530597                                1389.6245803267302                                1386.1876775354021                                1381.8656616862386                                1379.9578693274907                                1377.8866375396474
