% Model:              batchmodel_BILLETTA_r_0.0335556_COIL_kr_1.6756_COIL_kw_3.2356_FUNZ_freq_7167.5_FUNZ_I_eff_61.5962.mph
% Version:            COMSOL 5.6.0.280
% Date:               Jan 27 2022, 17:14
% Table:              Tabella delle sonde 1 - 
% Tempo (s)                                       Temperatura (degC), Punto: (0, 0.5)               Temperatura (degC), Punto: (0.5*BILLETTA_r, 0.5)  Temperatura (degC), Punto: (BILLETTA_r-10*FUNZ_depth_billetta, 0.5)Temperatura (degC), Punto: (BILLETTA_r-5*FUNZ_depth_billetta, 0.5)Temperatura (degC), Punto: (BILLETTA_r-2*FUNZ_depth_billetta, 0.5)Temperatura (degC), Punto: (BILLETTA_r-FUNZ_depth_billetta, 0.5)Temperatura (degC), Punto: (BILLETTA_r-0.01[mm], 0.5)
0                                                 20                                                19.999999999999943                                20.000000000036437                                20.000171289122818                                20.168973805514554                                20.392846646365                                   20.61689478649879
5                                                 25.920568523287784                                64.13430883430448                                 388.3092809800588                                 451.99357185312556                                488.39998802603384                                496.01214740864475                                498.9091867670476
10                                                74.47958950810158                                 182.4710554292356                                 691.6515714226852                                 790.6001174552874                                 846.7824430833087                                 857.7146781170446                                 861.4031035855722
15                                                169.59679484093908                                312.52249098502796                                936.7258838920201                                 1039.612351524207                                 1074.22187808922                                  1078.806095988512                                 1079.5697039146949
20                                                275.22722258373676                                429.1528767233061                                 1025.9696467603799                                1079.4173648438814                                1093.495200549114                                 1094.8567287546757                                1094.4807122672883
25                                                372.3534218563301                                 524.2572964777767                                 1060.816205220965                                 1093.7470211814148                                1101.6638354107695                                1102.091225031123                                 1101.3846531496729
30                                                455.9323519193197                                 599.5668111118649                                 1080.961103623721                                 1103.9137869235515                                1108.8387921771528                                1108.8139354589343                                1107.9418900492938
35                                                526.8627893770959                                 660.0270709303891                                 1096.250146048278                                 1113.0908522153313                                1116.1768908882768                                1115.8681216090295                                1114.8864568803942
40                                                587.0973134539186                                 709.8207412375946                                 1109.1346775480079                                1121.689638900817                                 1123.456608739299                                 1122.9375878913534                                1121.8707576199536
45                                                637.3806624199464                                 752.9852110322087                                 1120.2767815029183                                1129.708505916105                                 1130.5090915584442                                1129.8333020216155                                1128.6997678259663
50                                                678.0618647168809                                 792.5853716569005                                 1130.2146562306775                                1137.494605775904                                 1137.6184569143252                                1136.8288300954218                                1135.6428478945345
55                                                709.8677364434254                                 833.7418166589849                                 1139.8991941082504                                1145.504544352401                                 1145.0938998395936                                1144.2112142762035                                1142.9789823122132
60                                                734.7079084809282                                 873.9677668764349                                 1149.6571216885764                                1153.926487757254                                 1153.0764862261303                                1152.1136448113284                                1150.838315399621
65                                                755.8166274495935                                 912.6063892673443                                 1159.6010774936076                                1162.8560242067974                                1161.6577229600462                                1160.6269614623197                                1159.3112661672722
70                                                778.7139906105089                                 948.4598592041715                                 1170.1071471758605                                1172.5456718442001                                1171.0529662981212                                1169.9606051383926                                1168.604800488382
75                                                823.8066516208124                                 980.4522840422723                                 1182.6861621958128                                1184.5558756625555                                1182.8308842217798                                1181.6816865446526                                1180.2821456786946
80                                                869.3469506072034                                 1012.3914049567956                                1195.3024447699454                                1196.605869509206                                 1194.6491602055207                                1193.4431364481775                                1191.999775115141
85                                                914.8872495935944                                 1044.330525871319                                 1207.9187273440784                                1208.6558633558566                                1206.4674361892617                                1205.2045863517014                                1203.7174045515867
90                                                956.8237060950884                                 1073.0347135905458                                1222.552759626606                                 1222.8378882207244                                1220.4464028718794                                1219.1289288095527                                1217.5962602137351
95                                                998.5457455998918                                 1101.5464332251827                                1237.3068415046305                                1237.1467620501885                                1234.5539236775958                                1233.1819563937956                                1231.6037018610996
100                                               1035.0030040104693                                1127.8135634872842                                1252.5578302417066                                1251.9841631147083                                1249.1955231281459                                1247.7684104291416                                1246.142636588937
105                                               1069.6844325925613                                1153.3235855830421                                1267.976427471233                                 1266.9998383396114                                1264.0172692498077                                1262.5347911482781                                1260.8608458676135
110                                               1101.53094461735                                  1177.5197714754513                                1283.289246745128                                 1281.9281256726877                                1278.7560825565897                                1277.218497252827                                 1275.496000263593
115                                               1131.0738840704885                                1200.6483714334936                                1298.51611386052                                  1296.7854040901088                                1293.4275070165459                                1291.8350243167638                                1290.0636666239088
120                                               1159.8668312311615                                1223.3432483410793                                1313.566907969167                                 1311.4725776892942                                1307.931169171275                                 1306.28426093514                                  1304.4643181958695
125                                               1186.1804794095665                                1244.6043383572692                                1328.0356459276213                                1325.5974245726316                                1321.8802484099                                   1320.18047449503                                  1318.3128579675445
130                                               1210.8411890399889                                1264.9095284842851                                1342.1163294180078                                1339.3473705215397                                1335.4595894738882                                1333.7079898310135                                1331.79330704745
135                                               1233.8489601224287                                1284.2588187221268                                1355.8089584403265                                1352.7224155360168                                1348.6691923632407                                1346.86680694309                                  1344.9056654355854
140                                               1255.203792656886                                 1302.6522090707936                                1369.1135329945782                                1365.7225596160647                                1361.509057077957                                 1359.6569258312607                                1357.6499331319515
140.18255287668123                                1255.9521933084206                                1303.3056749895045                                1369.591947977619                                 1366.1901085558588                                1361.97085181461                                  1360.116923996904                                 1358.1082687398025
