% Model:              batchmodel_BILLETTA_r_0.0335556_COIL_kr_1.6756_COIL_kw_3.7744_FUNZ_freq_4639.7_FUNZ_I_eff_61.5962.mph
% Version:            COMSOL 5.6.0.280
% Date:               Jan 27 2022, 17:21
% Table:              Tabella delle sonde 1 - 
% Tempo (s)                                       Temperatura (degC), Punto: (0, 0.5)               Temperatura (degC), Punto: (0.5*BILLETTA_r, 0.5)  Temperatura (degC), Punto: (BILLETTA_r-10*FUNZ_depth_billetta, 0.5)Temperatura (degC), Punto: (BILLETTA_r-5*FUNZ_depth_billetta, 0.5)Temperatura (degC), Punto: (BILLETTA_r-2*FUNZ_depth_billetta, 0.5)Temperatura (degC), Punto: (BILLETTA_r-FUNZ_depth_billetta, 0.5)Temperatura (degC), Punto: (BILLETTA_r-0.01[mm], 0.5)
0                                                 20                                                19.999999999999943                                20.000000000012562                                20.000051603821873                                20.106646720200104                                20.25339176435                                    20.412421426023855
5                                                 24.651752420874857                                52.7355340681886                                  272.99492406138666                                325.2647585104414                                 357.61766118982575                                364.79800669128053                                367.6009171448128
10                                                67.27272864858026                                 149.75674677157923                                506.5303759085423                                 583.9643174922087                                 626.3092416552273                                 634.8110756433775                                 637.88349822523
15                                                147.01944084623062                                263.5077608929694                                 706.7810189513266                                 811.6796377696638                                 867.852319104457                                  878.1608026089824                                 881.4377902832886
20                                                238.3952128732122                                 370.33450497642445                                883.0320628528258                                 996.193981515663                                  1041.0285153851                                   1047.7476565311608                                1049.2014781844086
25                                                326.24115357569906                                464.4019656979377                                 983.3895025343014                                 1061.629516681338                                 1083.9102488436565                                1086.2854086956504                                1086.0519451815685
30                                                406.39085064378116                                544.189426696375                                  1033.060549628402                                 1083.1751961212813                                1095.1596821895623                                1095.948477969982                                 1095.148915667135
35                                                476.0546878644054                                 608.689770513418                                  1054.8779355988713                                1089.400411430623                                 1097.3602369834025                                1097.6245310998893                                1096.654023022454
40                                                537.6770354311195                                 662.9643665506311                                 1072.3518165545192                                1097.5041858981886                                1102.669902145045                                 1102.5129835236662                                1101.3880036700102
45                                                592.2828263463667                                 709.1156336841307                                 1085.9004023074303                                1105.0867238908677                                1108.4081249475144                                1107.962256058785                                 1106.7258114862702
50                                                638.8526601674109                                 748.9880111188507                                 1097.3520312152255                                1111.8913850007202                                1113.801637703048                                 1113.1348994898258                                1111.8111338489462
55                                                677.5986969128742                                 786.5588528302127                                 1107.018644914498                                 1118.142033935253                                 1119.0150239368595                                1118.183392933206                                 1116.79154616387
60                                                708.4565668997795                                 824.6120905006927                                 1115.5172262248748                                1124.0706334354168                                1124.1534081391596                                1123.1930272010568                                1121.7452294220097
65                                                731.2289318529746                                 862.852021326103                                  1123.5543523605488                                1130.0710734092622                                1129.5103187827353                                1128.4416149571766                                1126.9440285325295
70                                                751.2707375010024                                 898.9452794316588                                 1131.3268926094274                                1136.1930778611927                                1135.1006364098985                                1133.9396496505528                                1132.3970381628278
75                                                772.5289463877979                                 932.6654286436593                                 1138.9419899140025                                1142.4868807234752                                1140.9584970386932                                1139.718842037235                                 1138.1350493588716
80                                                800.5252266089209                                 963.7637950051889                                 1146.5778034385962                                1149.040263893046                                 1147.1458513216448                                1145.837237593361                                 1144.2146160558973
85                                                839.3678983189101                                 993.1077660723146                                 1154.4315445424222                                1155.984625846474                                 1153.7728322142475                                1152.401438462692                                 1150.740827506961
90                                                880.6661281974383                                 1020.8215617502902                                1162.7855638057513                                1163.5504018921974                                1161.0529057985964                                1159.6218640066595                                1157.922476461135
95                                                923.1274066221989                                 1046.9561550306425                                1171.7002692527035                                1171.7850637773058                                1169.0293724540988                                1167.5410857653133                                1165.8017666874348
100                                               966.283989017082                                  1071.1983768103573                                1181.2180465549081                                1180.7432430031172                                1177.7602457396192                                1176.217467992019                                 1174.4369818903642
105                                               999.0508051897299                                 1092.08640490469                                  1191.6891032198128                                1190.7510982373337                                1187.5632976615157                                1185.9666507245229                                1184.141857481481
110                                               1031.8176213623778                                1112.9744329990226                                1202.1601598847183                                1200.7589534715507                                1197.3663495834116                                1195.7158334570267                                1193.8467330725975
115                                               1061.7768363621444                                1132.8483542499484                                1212.8247170179297                                1210.9895849896066                                1207.4020042418147                                1205.6993999175925                                1203.7869129418864
120                                               1086.6243450684642                                1150.8759248212473                                1223.8415740330397                                1221.6258178954713                                1217.861150984335                                 1216.1097010545036                                1214.1555035025613
125                                               1111.471853774784                                 1168.9034953925466                                1234.8584310481497                                1232.2620508013365                                1228.3202977268552                                1226.5200021914147                                1224.5240940632357
130                                               1133.3872558782577                                1185.62863875217                                  1245.7777439802658                                1242.835791975338                                 1238.727477525143                                 1236.8797328362357                                1234.8423137482482
135                                               1153.440770726797                                 1201.5267410268798                                1256.6351164342473                                1253.3698509089381                                1249.1016583216033                                1247.2073512261318                                1245.128547934737
140                                               1173.4942855753357                                1217.42484330159                                  1267.4924888882288                                1263.9039098425387                                1259.475839118064                                 1257.5349696160279                                1255.4147821212264
145                                               1190.7969737199387                                1231.7727543060682                                1277.9170661006433                                1274.0415209309772                                1269.465307252226                                 1267.4798393638926                                1265.3191372420206
150                                               1207.6839439701698                                1245.8863931007363                                1288.2762372566676                                1284.119218952851                                 1279.396635795959                                 1277.3668663333256                                1275.165780998857
155                                               1224.4338836026645                                1259.9152382296884                                1298.5996310133187                                1294.1629071721532                                1289.2945649997805                                1287.2206118877966                                1284.9792129354341
160                                               1239.8042261948726                                1273.0903975751953                                1308.5628250197283                                1303.8641914547002                                1298.8562362836547                                1296.7392867672843                                1294.458274862674
165                                               1254.4152157761873                                1285.7956741570501                                1318.327759130762                                 1313.3770109517159                                1308.232825651221                                 1306.0735332097142                                1303.7532940108072
170                                               1268.2668523466095                                1298.0310679752538                                1327.8944333464187                                1322.7013656632012                                1317.4243331024795                                1315.223351215086                                 1312.8642703798323
175                                               1281.3591359061384                                1309.7965790298058                                1337.2628476667                                   1331.8372555891556                                1326.4307586374307                                1324.1887407833997                                1321.7912039697503
180                                               1293.7328593644093                                1321.0569254643947                                1346.34316163533                                  1340.696713850191                                 1335.1654624460898                                1332.8835135371187                                1330.448342445215
185                                               1305.7018930890122                                1331.5406402689691                                1354.4441213729492                                1348.6029023139768                                1342.9618171843626                                1340.6445155609754                                1338.1758869034807
190                                               1317.0380869758337                                1341.4450508531927                                1362.0681943337368                                1356.0478097322557                                1350.304389455744                                 1347.953788648127                                 1345.4534404033247
195                                               1327.741441024873                                 1350.7701572170658                                1369.2153805176931                                1363.0314361050282                                1357.1931792602318                                1354.8113327985734                                1352.2810029447473
200                                               1337.81195523613                                  1359.515959360588                                 1375.8856799248179                                1369.553781432293                                 1363.6281865978285                                1361.2171480123152                                1358.658574527749
204.3709482128858                                 1346.0970729542023                                1366.6868838117975                                1381.3261216057313                                1374.8776673820648                                1368.8818654066322                                1366.446989617828                                 1363.865149593154
