% Model:              batchmodel_BILLETTA_r_0.0335556_COIL_kr_2.4069_COIL_kw_5.3284_FUNZ_freq_2540.9_FUNZ_I_eff_85.0125.mph
% Version:            COMSOL 5.6.0.280
% Date:               Jan 27 2022, 19:46
% Table:              Tabella delle sonde 1 - 
% Tempo (s)                                       Temperatura (degC), Punto: (0, 0.5)               Temperatura (degC), Punto: (0.5*BILLETTA_r, 0.5)  Temperatura (degC), Punto: (BILLETTA_r-10*FUNZ_depth_billetta, 0.5)Temperatura (degC), Punto: (BILLETTA_r-5*FUNZ_depth_billetta, 0.5)Temperatura (degC), Punto: (BILLETTA_r-2*FUNZ_depth_billetta, 0.5)Temperatura (degC), Punto: (BILLETTA_r-FUNZ_depth_billetta, 0.5)Temperatura (degC), Punto: (BILLETTA_r-0.01[mm], 0.5)
0                                                 20                                                20                                                20.00000000003564                                 20.000157572573244                                20.10673426140073                                 20.21518012431585                                 20.333855605096915
5                                                 25.806246585104304                                60.53442392021623                                 294.09810337816975                                375.80319795827506                                425.181363095885                                  435.5923850664326                                 439.5328899791683
10                                                75.36019314534434                                 174.79691706867487                                555.4254427608129                                 673.6655147658281                                 736.5934329028446                                 748.6071537279697                                 752.704623796233
15                                                166.1836998853408                                 301.15697446941965                                775.1314582078584                                 939.1933104015151                                 1009.7465760950762                                1020.7463268598234                                1023.4716722737295
20                                                266.8971881311063                                 416.6750619394619                                 949.0584967240408                                 1074.358296983638                                 1108.6655846001895                                1112.2191913405072                                1111.8816182222645
25                                                360.8097119554535                                 514.9579221395458                                 1044.7434008721443                                1121.408021609418                                 1137.524513539533                                 1138.3322386751174                                1136.9868279555817
30                                                441.4040936174606                                 592.6611943004184                                 1079.593471647555                                 1127.2181365901793                                1136.375232730526                                 1136.257999023796                                 1134.6193107672862
35                                                512.0501415876176                                 657.5469519196636                                 1102.4570416479914                                1134.6282181100887                                1139.6729834107373                                1138.979313969281                                 1137.1423898560356
40                                                574.0079234494626                                 712.5396403144443                                 1118.7452266242904                                1141.1600333588344                                1143.6123937761417                                1142.5492609582789                                1140.5787517204508
45                                                628.2772484971714                                 764.3470679906519                                 1132.0761427551693                                1147.6267649559886                                1148.2336863794612                                1146.9011447144317                                1144.82695819327
50                                                674.2887146657614                                 816.5130941227216                                 1143.4336748984488                                1154.3295702631376                                1153.6554347080414                                1152.127923998898                                 1149.9712017042293
55                                                710.6060157872437                                 870.4265431827897                                 1153.5192168730377                                1161.1871709179914                                1159.6119159042587                                1157.9403976439457                                1155.7156728925156
60                                                740.4920467586363                                 921.7178903276621                                 1163.2071101335782                                1168.559334021439                                 1166.314199707614                                 1164.527881083336                                 1162.2417669458418
65                                                768.367333495128                                  969.1677307924666                                 1172.93031813677                                  1176.6209401983756                                1173.8673107946775                                1171.9853880402597                                1169.640822323062
70                                                808.3522028960896                                 1012.0544317573105                                1183.3117984325245                                1185.7023059345438                                1182.5246235632308                                1180.5549876491623                                1178.1502290803369
75                                                860.7825984861962                                 1050.9746751133025                                1194.7653947963922                                1196.137524432264                                 1192.5965374934758                                1190.542442096722                                 1188.072902484364
80                                                923.765567423076                                  1086.140723197364                                 1207.559572160672                                 1208.1133286768622                                1204.2480835783972                                1202.110034715537                                 1199.5703750141188
85                                                984.6230176106634                                 1118.1268550280965                                1222.04655417323                                  1221.8715990146243                                1217.694784585116                                 1215.4724860418396                                1212.8595833583818
90                                                1030.0974483370806                                1145.2891659164534                                1238.9618613057587                                1238.1117102472085                                1233.606674469408                                 1231.2891093946487                                1228.5906106311472
95                                                1071.0236707251725                                1171.665990399138                                 1256.2924309769332                                1254.7601840358511                                1249.9184160976265                                1247.5024235268156                                1244.7154510924315
100                                               1111.9498931132648                                1198.0428148818223                                1273.6230006481073                                1271.4086578244942                                1266.230157725844                                 1263.715737658982                                 1260.8402915537158
105                                               1145.9900993291503                                1222.523720386046                                 1290.9225228851933                                1288.0441991277494                                1282.528448750803                                 1279.913676750156                                 1276.946989481698
110                                               1177.9606741179568                                1246.434796630086                                 1308.21271363892                                  1304.6758534987744                                1298.8226971202525                                1296.1069947850847                                1293.048234567841
115                                               1207.431263987332                                 1269.3189948649133                                1325.0808202684848                                1320.9135012873357                                1314.7335201147189                                1311.918822592842                                 1308.7689460810452
120                                               1234.2994319447812                                1291.1342387187442                                1341.5095478582575                                1336.7409980563139                                1330.2452068625262                                1327.3335285945186                                1324.093531641351
125                                               1259.344986553985                                 1311.2715757727815                                1356.311399361823                                 1351.0117655807212                                1344.2377134737958                                1341.2394994364909                                1337.9181850003533
130                                               1277.5760647432421                                1325.1354723666823                                1365.030606546833                                 1359.4621572478018                                1352.5502346794647                                1349.5045370659109                                1346.1348180805921
135                                               1295.8071429324982                                1338.999368960583                                 1373.7498137318426                                1367.9125489148832                                1360.862755885133                                 1357.769574695331                                 1354.3514511608314
140                                               1314.0382211217548                                1352.8632655544843                                1382.4690209168516                                1376.3629405819643                                1369.1752770908015                                1366.0346123247514                                1362.5680842410702
145                                               1332.2692993110113                                1366.727162148385                                 1391.1882281018616                                1384.8133322490448                                1377.48779829647                                  1374.2996499541714                                1370.7847173213095
146.73429347931065                                1338.5929073158973                                1371.5359752405134                                1394.212560935006                                 1387.7444240822128                                1380.3710685611945                                1377.1664501275636                                1373.6347279558986
