% Model:              batchmodel_BILLETTA_r_0.0257427_COIL_kr_1.4848_COIL_kw_3.2356_FUNZ_freq_6066_FUNZ_I_eff_85.0125.mph
% Version:            COMSOL 5.6.0.280
% Date:               Jan 27 2022, 11:42
% Table:              Tabella delle sonde 1 - 
% Tempo (s)                                       Temperatura (degC), Punto: (0, 0.5)               Temperatura (degC), Punto: (0.5*BILLETTA_r, 0.5)  Temperatura (degC), Punto: (BILLETTA_r-10*FUNZ_depth_billetta, 0.5)Temperatura (degC), Punto: (BILLETTA_r-5*FUNZ_depth_billetta, 0.5)Temperatura (degC), Punto: (BILLETTA_r-2*FUNZ_depth_billetta, 0.5)Temperatura (degC), Punto: (BILLETTA_r-FUNZ_depth_billetta, 0.5)Temperatura (degC), Punto: (BILLETTA_r-0.01[mm], 0.5)
0                                                 19.999999999999943                                19.999999999999943                                20.00000000017127                                 20.000998307920383                                20.26046467060553                                 20.516437556812775                                20.761197028638264
5                                                 60.7103074001306                                  163.8027436773781                                 651.2912441119056                                 796.802998515249                                  875.5597356290701                                 889.8478274557305                                 894.5678168417516
10                                                234.85479661881686                                401.069420302892                                  1034.2833424861715                                1116.5959570162581                                1136.4898472403547                                1138.3931741572414                                1138.0051933086934
15                                                413.11720598300155                                577.8120458196054                                 1110.3698320453796                                1143.9617930575537                                1150.6969186685                                   1150.7209298252337                                1149.6850760024854
20                                                548.8994843489089                                 697.9330111397697                                 1142.4920263234267                                1160.587853847654                                 1163.2049667426822                                1162.6343010265837                                1161.3762512724838
25                                                650.306240442105                                  795.636076187143                                  1166.9764306823672                                1177.7132784484643                                1178.3021240504113                                1177.4183758267736                                1176.0234187211504
30                                                719.4964541148624                                 896.0790888363264                                 1190.5265788199217                                1197.6826251609768                                1197.230549434038                                 1196.1626009957195                                1194.6632736584484
35                                                773.5902632251153                                 987.0316916085852                                 1217.281806328312                                 1222.5283437514927                                1221.4504300506005                                1220.248159722143                                 1218.6522610889997
40                                                862.5444648138078                                 1065.6227632447712                                1249.4193593193227                                1253.5252018719038                                1251.9829498288077                                1250.6557081256806                                1248.9528111573295
45                                                975.5113978342985                                 1134.1459483593335                                1287.393365962345                                 1290.5215740277986                                1288.5002169262953                                1287.029839990746                                 1285.197520933286
50                                                1077.156039337075                                 1197.1539165551098                                1328.8685135807987                                1330.8442004016956                                1328.2510668014743                                1326.6128801090736                                1324.6312698462366
55                                                1156.5657739298967                                1254.9138401980122                                1367.8131422811412                                1368.4546007462236                                1365.2675031145332                                1363.4634822417624                                1361.3365493797573
59.1855945837595                                  1214.0923790944557                                1298.1153808164613                                1391.805044600611                                 1391.3139055761394                                1387.7128727025251                                1385.8033819415145                                1383.5856601715373
