% Model:              batchmodel_BILLETTA_r_0.0257427_COIL_kr_2.7711_COIL_kw_3.7744_FUNZ_freq_4639.7_FUNZ_I_eff_85.0125.mph
% Version:            COMSOL 5.6.0.280
% Date:               Jan 27 2022, 15:26
% Table:              Tabella delle sonde 1 - 
% Tempo (s)                                       Temperatura (degC), Punto: (0, 0.5)               Temperatura (degC), Punto: (0.5*BILLETTA_r, 0.5)  Temperatura (degC), Punto: (BILLETTA_r-10*FUNZ_depth_billetta, 0.5)Temperatura (degC), Punto: (BILLETTA_r-5*FUNZ_depth_billetta, 0.5)Temperatura (degC), Punto: (BILLETTA_r-2*FUNZ_depth_billetta, 0.5)Temperatura (degC), Punto: (BILLETTA_r-FUNZ_depth_billetta, 0.5)Temperatura (degC), Punto: (BILLETTA_r-0.01[mm], 0.5)
0                                                 20                                                19.999999999999773                                20.000000000097316                                20.000550150718084                                20.197555496549228                                20.39598006426945                                 20.594698501573987
5                                                 55.49251047616286                                 141.98031201610013                                516.2802224187554                                 632.3800780425785                                 693.3587375796245                                 705.1780954595292                                 709.3757239521063
10                                                210.28990583986888                                363.2385654886391                                 924.5796776939684                                 1068.82928539663                                  1110.4936147772473                                1115.3989855506584                                1115.9039384405255
15                                                384.33859209857064                                546.0165034092423                                 1075.1995758041717                                1128.6495404014654                                1140.170582605048                                 1140.7346169832626                                1139.740982841186
20                                                524.0241228748569                                 674.5333328397041                                 1120.2941281694361                                1146.5549496579051                                1150.9229281569815                                1150.4776152968243                                1149.1278805285888
25                                                630.0098896298421                                 769.6741184414306                                 1144.3248648308736                                1159.390325693922                                 1160.8041193501708                                1159.9296493222328                                1158.4147110908152
30                                                705.069530628923                                  863.3702401153158                                 1163.4901783906512                                1172.8671084415264                                1172.7145977283103                                1171.5950800519304                                1169.968944544778
35                                                757.7831227360874                                 954.0648819130953                                 1183.393634476192                                 1189.368626711212                                 1188.2240324354398                                1186.9295008108352                                1185.2047846927107
40                                                848.1032438963874                                 1030.5142560683225                                1206.2069563030313                                1210.5298975962592                                1208.825273753867                                 1207.4049007152917                                1205.5855001389905
45                                                946.8677327413676                                 1096.6374350876604                                1233.970050488203                                 1237.0048957879526                                1234.7980056821762                                1233.2488619872101                                1231.3226073198675
50                                                1037.1772335760293                                1153.9600385788444                                1266.60099226989                                  1268.4919157804907                                1265.770120906016                                 1264.0766734752842                                1262.024354371843
55                                                1112.7356984383023                                1206.330540816402                                 1301.6556553104883                                1302.3656296812546                                1299.0823159914703                                1297.228842191737                                 1295.0360773125099
60                                                1178.742268800992                                 1255.3358275331302                                1335.6507462637787                                1335.183048587936                                 1331.3474608435013                                1329.3362625675495                                1327.0041241114227
65                                                1235.4763139133902                                1299.7752818278027                                1366.0541596509115                                1364.4787131352382                                1360.1521978608034                                1357.9998516588403                                1355.5401322353969
67.62739950648178                                 1262.0067747316716                                1321.5111818329246                                1380.759217960113                                 1378.6264219874656                                1374.0636486208332                                1371.842999521728                                 1369.3204130227687
