% Model:              batchmodel_BILLETTA_r_0.0257427_COIL_kr_1.4848_COIL_kw_5.8583_FUNZ_freq_8940.8_FUNZ_I_eff_61.5962.mph
% Version:            COMSOL 5.6.0.280
% Date:               Jan 27 2022, 12:29
% Table:              Tabella delle sonde 1 - 
% Tempo (s)                                       Temperatura (degC), Punto: (0, 0.5)               Temperatura (degC), Punto: (0.5*BILLETTA_r, 0.5)  Temperatura (degC), Punto: (BILLETTA_r-10*FUNZ_depth_billetta, 0.5)Temperatura (degC), Punto: (BILLETTA_r-5*FUNZ_depth_billetta, 0.5)Temperatura (degC), Punto: (BILLETTA_r-2*FUNZ_depth_billetta, 0.5)Temperatura (degC), Punto: (BILLETTA_r-FUNZ_depth_billetta, 0.5)Temperatura (degC), Punto: (BILLETTA_r-0.01[mm], 0.5)
0                                                 20                                                20                                                20.000000000023988                                20.000098317066488                                20.11093804710697                                 20.335272244359487                                20.55881913487957
5                                                 45.973417691325494                                122.10243854585423                                481.54580897258063                                556.1785577616887                                 597.1392659053166                                 605.4284024253443                                 608.5020193382802
10                                                185.71421040056566                                322.030325344261                                  864.3177948244853                                 988.4210923257325                                 1039.307114302775                                 1047.4081441542357                                1049.6410663253873
15                                                349.95736947270825                                498.7163884462792                                 1036.592714609888                                 1086.0380121395433                                1098.602839804727                                 1099.7652039236445                                1099.4023863368534
20                                                486.4391328415711                                 624.8607772427001                                 1072.8475849479805                                1099.7153635024752                                1105.9967716844726                                1106.2519357876122                                1105.5744379519397
25                                                591.7366305399555                                 713.0687548279686                                 1096.774647506285                                 1114.0606202382014                                1117.4173607913967                                1117.2206512147927                                1116.3716639637555
30                                                669.8213208035428                                 783.6705796677685                                 1116.6306296876446                                1127.4229821611316                                1128.8348137222188                                1128.3348117297933                                1127.364355055462
35                                                722.8236547174231                                 851.4079377212403                                 1133.0363328100893                                1140.1800682416583                                1140.46328681581                                  1139.7767992167792                                1138.7230486068866
40                                                760.8902837065658                                 916.2733043531233                                 1148.4260299157145                                1153.3261552097333                                1152.8855695154662                                1152.0708476472892                                1150.951707423716
45                                                817.0235194108383                                 973.3091514827914                                 1164.7143345967193                                1168.1108194513463                                1167.157776021441                                 1166.2430466995697                                1165.0642626972985
50                                                891.7398625587256                                 1025.7502378171002                                1183.161529487887                                 1185.3783082799737                                1183.995450333961                                 1182.9882712063286                                1181.747127449703
55                                                960.057455655825                                  1071.4974876359283                                1204.9505760777815                                1206.3253817676036                                1204.5982670695735                                1203.5062885072784                                1202.1996184214331
60                                                1022.2700555873658                                1114.1589495154826                                1228.1621964007422                                1228.8081907931532                                1226.7653204330509                                1225.5910216033158                                1224.2176498594363
65                                                1075.7583936314804                                1153.1881494928903                                1252.1360574149599                                1252.1303006287553                                1249.7904276897966                                1248.5350090207685                                1247.0935245834626
70                                                1124.3850900405132                                1190.1932520829364                                1276.5346811344234                                1275.9201153332801                                1273.2936900714667                                1271.9578205081557                                1270.4474370703983
75                                                1165.5017457459453                                1223.4580814388564                                1300.4577317101684                                1299.3030385039974                                1296.4080557322654                                1294.9935118734847                                1293.413821065299
80                                                1204.990359125949                                 1255.8774418055614                                1324.1963804949323                                1322.5163371775961                                1319.3571275271797                                1317.8644816215856                                1316.2155831713499
85                                                1239.6509981882245                                1285.4598805887208                                1346.6144844281425                                1344.4518507577736                                1341.0453455253692                                1339.4780751369117                                1337.7620562108832
90                                                1271.9777225313333                                1312.2559666899265                                1365.3038536259355                                1362.7405817903255                                1359.1335775493103                                1357.5044187714616                                1355.7312214562908
95                                                1298.5955569191738                                1332.2364734954554                                1374.8725226961446                                1372.1090724712467                                1368.4160363379624                                1366.7561423896032                                1364.9500856024065
100                                               1325.2133913070147                                1352.2169803009842                                1384.4411917663538                                1381.4775631521684                                1377.698495126615                                 1376.0078660077447                                1374.1689497485222
105                                               1351.8312256948552                                1372.197487106513                                 1394.0098608365633                                1390.8460538330896                                1386.980953915267                                 1385.2595896258854                                1383.387813894638
106.38896254441836                                1359.225460690504                                 1377.747922220788                                 1396.667965424254                                 1393.4485503637961                                1389.559551430776                                 1387.8296491412675                                1385.9487452948451
