% Model:              batchmodel_BILLETTA_r_0.0257427_COIL_kr_1.9397_COIL_kw_5.8583_FUNZ_freq_8940.8_FUNZ_I_eff_61.5962.mph
% Version:            COMSOL 5.6.0.280
% Date:               Jan 27 2022, 14:17
% Table:              Tabella delle sonde 1 - 
% Tempo (s)                                       Temperatura (degC), Punto: (0, 0.5)               Temperatura (degC), Punto: (0.5*BILLETTA_r, 0.5)  Temperatura (degC), Punto: (BILLETTA_r-10*FUNZ_depth_billetta, 0.5)Temperatura (degC), Punto: (BILLETTA_r-5*FUNZ_depth_billetta, 0.5)Temperatura (degC), Punto: (BILLETTA_r-2*FUNZ_depth_billetta, 0.5)Temperatura (degC), Punto: (BILLETTA_r-FUNZ_depth_billetta, 0.5)Temperatura (degC), Punto: (BILLETTA_r-0.01[mm], 0.5)
0                                                 20                                                20                                                20.000000000084526                                20.000322092068927                                20.213103363652465                                20.49153737083293                                 20.757206760830968
5                                                 48.27976887529758                                 121.87228820141053                                479.4179899348476                                 554.6057099206378                                 597.3525312099553                                 605.957902394992                                  609.1326902000877
10                                                185.31156180633582                                319.9736508105191                                 850.7732785933082                                 975.0544771551967                                 1026.9951874135422                                1035.4050710622496                                1037.789117027839
15                                                349.1092649676385                                 496.2871533186085                                 1028.4912744115386                                1079.930728800049                                 1093.4812833956134                                1094.8183360146845                                1094.525360987639
20                                                485.2064962680686                                 622.7154780472057                                 1071.569774431558                                 1099.1415550720367                                1105.6199046028023                                1105.906656151884                                 1105.2411317116462
25                                                590.4814495177211                                 712.3722521578625                                 1097.5824545637606                                1114.4362741458003                                1117.6509532925038                                1117.4354661281618                                1116.5804192861501
30                                                669.1350509491137                                 784.3119540544216                                 1117.328034232521                                 1127.8667466871161                                1129.2076462244654                                1128.6965498181294                                1127.7216497871032
35                                                723.5757345505907                                 853.5887562466081                                 1133.6839837035468                                1140.744281835025                                 1140.9980811003784                                1140.3061125858103                                1139.2495371876248
40                                                763.3260223221561                                 918.8506994600365                                 1148.9624197686849                                1153.8376772976285                                1153.3852926405207                                1152.5679365882356                                1151.4470171195294
45                                                816.0416556182162                                 976.5564283394896                                 1165.3249456350877                                1168.614272357789                                 1167.6278980088232                                1166.707536826786                                 1165.5260428206175
50                                                894.8675317297899                                 1028.3609332147798                                1183.843851004673                                 1185.9936895248566                                1184.588221769875                                 1183.5767164850313                                1182.333074712616
55                                                967.7986378536658                                 1075.56249806282                                  1205.365406920982                                 1206.6561110673201                                1204.9015782373735                                1203.8043885899538                                1202.494591159381
60                                                1024.6385482632631                                1115.9459754787804                                1229.1173452369535                                1229.7268657327204                                1227.6681191765383                                1226.4893958097214                                1225.1121339083502
65                                                1077.6046250707745                                1154.7247929339915                                1253.36808591816                                  1253.33550775892                                  1250.9824096502675                                1249.7230830482831                                1248.278103171569
70                                                1124.855659878985                                 1190.8825092825182                                1277.4652244717763                                1276.8398225277924                                1274.2050637245475                                1272.866174086058                                 1271.3528240785204
75                                                1167.1878664706683                                1224.7842936390298                                1301.4301605884898                                1300.2543448056977                                1297.3488480884516                                1295.9312906927094                                1294.3490092565003
80                                                1205.8037691296372                                1256.6240461536913                                1324.7664416673197                                1323.072975976349                                 1319.9071415896246                                1318.4125081379102                                1316.7618264677594
85                                                1241.9680800461201                                1287.103506203648                                 1347.6880081459308                                1345.498506436074                                 1342.0791952701693                                1340.5085357847056                                1338.7898043020632
90                                                1273.1643117078047                                1313.697983791396                                 1366.7458465412592                                1364.1316243372853                                1360.501673274155                                 1358.8671835428709                                1357.0904296914578
95                                                1301.8870332365987                                1338.3582040950837                                1383.880009794831                                 1380.876573710886                                 1377.0573104017494                                1375.3650624704956                                1373.535278719709
96.33651931147402                                 1309.5647276368632                                1344.9499762273003                                1388.4600378097007                                1385.3525633523805                                1381.482696148707                                 1379.7750092275214                                1377.9310503798156
