% Model:              batchmodel_BILLETTA_r_0.0257427_COIL_kr_1.6756_COIL_kw_3.7744_FUNZ_freq_7167.5_FUNZ_I_eff_61.5962.mph
% Version:            COMSOL 5.6.0.280
% Date:               Jan 27 2022, 12:49
% Table:              Tabella delle sonde 1 - 
% Tempo (s)                                       Temperatura (degC), Punto: (0, 0.5)               Temperatura (degC), Punto: (0.5*BILLETTA_r, 0.5)  Temperatura (degC), Punto: (BILLETTA_r-10*FUNZ_depth_billetta, 0.5)Temperatura (degC), Punto: (BILLETTA_r-5*FUNZ_depth_billetta, 0.5)Temperatura (degC), Punto: (BILLETTA_r-2*FUNZ_depth_billetta, 0.5)Temperatura (degC), Punto: (BILLETTA_r-FUNZ_depth_billetta, 0.5)Temperatura (degC), Punto: (BILLETTA_r-0.01[mm], 0.5)
0                                                 20                                                20                                                20.000000000012733                                20.000051783123865                                20.08607319289507                                 20.26833093385204                                 20.455103646176212
5                                                 42.830891082367486                                110.99928779481553                                401.2699941429652                                 465.61511007825504                                501.74862721165186                                509.4260540992219                                 512.3494426570279
10                                                168.69600936362997                                292.5340917373767                                 737.7286325788142                                 849.5316953453035                                 907.8419310646096                                 918.41114235373                                   921.8041579661327
15                                                325.92439247031723                                467.35520302144516                                993.8913950086663                                 1073.4640168622186                                1095.5606176165957                                1097.7373346164636                                1097.5711157085611
20                                                463.1752831295612                                 600.4082307500696                                 1049.399201468876                                 1087.6278433628522                                1097.1214133334142                                1097.785391860185                                 1097.1667912589996
25                                                571.4092824726149                                 694.0330012010039                                 1080.5358917079757                                1103.3714367199673                                1108.203972620619                                 1108.1625226866076                                1107.2855355085894
30                                                654.2589613459611                                 768.5133855276971                                 1102.2865593924753                                1116.457271108                                    1118.6776814813552                                1118.2314702792773                                1117.1980857724325
35                                                712.6789119289896                                 836.1277501377107                                 1119.1637602583246                                1128.2295696651381                                1128.908250137481                                 1128.2158754838674                                1127.0797205730837
40                                                754.5232341329764                                 901.4742058202754                                 1133.3744353913398                                1139.4825512084863                                1139.233105180861                                 1138.3838193381584                                1137.1743565732268
45                                                804.8546283727507                                 958.4947553102737                                 1147.0367048583576                                1151.2125776434355                                1150.3327077541612                                1149.3691804682949                                1148.0989446560784
50                                                875.69419245652                                   1009.4412064952807                                1161.5399250252608                                1164.1435753428364                                1162.73252730266                                  1161.6669154085066                                1160.3370778368926
55                                                947.5112227950145                                 1055.6463578207513                                1177.736121674698                                 1179.1568003106427                                1177.316082858108                                 1176.159077897165                                 1174.7683302451273
60                                                1000.3075242290464                                1092.1170566833057                                1197.2530501790134                                1197.9063582843946                                1195.7416121413498                                1194.5025648039832                                1193.0467191525067
65                                                1053.0229254206824                                1128.5463523184758                                1216.784102643212                                 1216.671807880774                                 1214.1834823654367                                1212.8624324226303                                1211.3414709593767
70                                                1097.5415827188926                                1161.4293338145553                                1237.0999618841806                                1236.3363268027574                                1233.5570634082555                                1232.1581034808737                                1230.5724121777512
75                                                1138.049235778291                                 1192.5769578041659                                1257.7998593907341                                1256.440797359544                                 1253.386568912285                                 1251.9117016882042                                1250.2614694171566
80                                                1172.6878751811464                                1220.6841936805677                                1278.1222201064802                                1276.2458633604128                                1272.9388193102996                                1271.390809423403                                 1269.676324429924
85                                                1205.5893290454856                                1247.8914966941697                                1298.3328326662968                                1295.9623077810384                                1292.4090042048351                                1290.7886699667315                                1289.0100175693983
90                                                1234.7547516481814                                1272.9278937015752                                1317.8340490106998                                1315.0160473431147                                1311.2305151722026                                1309.5400169658024                                1307.6980231406724
95                                                1263.3706880856353                                1297.644999264959                                 1337.2309291280358                                1333.9723179265043                                1329.9566207952962                                1328.1962763643337                                1326.2910625939062
100                                               1283.321293056128                                 1314.780740257927                                 1349.9516873423681                                1346.4171246740625                                1342.25595124339                                  1340.4494590980134                                1338.5010662867962
105                                               1303.021840017666                                 1331.6977035922605                                1362.479790750941                                 1358.6740282019482                                1354.36982235731                                  1352.51786637237                                  1350.5268728466153
110                                               1322.7223869792033                                1348.6146669265931                                1375.0078941595139                                1370.930931729834                                 1366.4836934712293                                1364.586273646726                                 1362.5526794064344
114.13852531353635                                1339.02862943737                                  1362.6169231240542                                1385.37746877691                                  1381.0760328329793                                1376.510405921204                                 1374.575355446524                                 1372.506500379135
