% Model:              batchmodel_BILLETTA_r_0.0257427_COIL_kr_1.9397_COIL_kw_3.2356_FUNZ_freq_2540.9_FUNZ_I_eff_61.5962.mph
% Version:            COMSOL 5.6.0.280
% Date:               Jan 27 2022, 13:25
% Table:              Tabella delle sonde 1 - 
% Tempo (s)                                       Temperatura (degC), Punto: (0, 0.5)               Temperatura (degC), Punto: (0.5*BILLETTA_r, 0.5)  Temperatura (degC), Punto: (BILLETTA_r-10*FUNZ_depth_billetta, 0.5)Temperatura (degC), Punto: (BILLETTA_r-5*FUNZ_depth_billetta, 0.5)Temperatura (degC), Punto: (BILLETTA_r-2*FUNZ_depth_billetta, 0.5)Temperatura (degC), Punto: (BILLETTA_r-FUNZ_depth_billetta, 0.5)Temperatura (degC), Punto: (BILLETTA_r-0.01[mm], 0.5)
0                                                 20                                                19.999999999999943                                20.00000000000273                                 20.00000830559287                                 20.028195306403745                                20.093703997175794                                20.165822579037695
5                                                 34.70683320394676                                 70.82977922094642                                 183.9823303129491                                 225.51868315180843                                251.9426723315339                                 258.089300785649                                  260.5646454885933
10                                                108.02965163116755                                177.57579684424667                                336.83837839231126                                392.1457070474945                                 424.3970559002796                                 431.5618890296681                                 434.32181310564226
15                                                210.73989341597814                                293.91687856916553                                489.1384898690758                                 555.1591002179557                                 591.4736055117181                                 598.7011326634635                                 601.2949619671305
20                                                314.39448371565436                                407.39265206064226                                628.3735882363537                                 708.3873760070944                                 750.8209823277451                                 758.8523122597836                                 761.4414172231462
25                                                410.9024072214527                                 509.1525903781828                                 749.5772568794915                                 850.0977673154845                                 900.162309717061                                  908.8606414058478                                 911.2374230888546
30                                                497.6026301732843                                 598.9900887805996                                 884.4417110531577                                 994.4711034688627                                 1038.3974495032016                                1044.8801196243585                                1045.9441954642143
35                                                573.8360916644091                                 673.8924569300025                                 974.0923620521845                                 1052.443083401121                                 1075.5436403882454                                1077.8581748164138                                1077.2688746685512
40                                                639.1803568668594                                 735.06100963945                                   1024.1836118351944                                1073.824049654797                                 1085.540297289967                                 1086.0636902304714                                1084.8293173363581
45                                                690.6531730645021                                 790.8581130450422                                 1052.9242154580293                                1085.2426563766867                                1091.656105836576                                 1091.3866171151694                                1089.8663667160704
50                                                729.4095415856212                                 851.1379787883233                                 1073.1994004659791                                1094.5148364463826                                1097.6315272144502                                1096.859063731425                                 1095.1494959844822
55                                                767.9995751070893                                 906.6529906311263                                 1088.323590788344                                 1102.2556653173438                                1103.171936456547                                 1102.0586984145466                                1100.2157497393919
60                                                814.416345742343                                  956.6865824999765                                 1099.795105012593                                 1108.9849270753225                                1108.4861257890047                                1107.1476119660379                                1105.2110000715593
65                                                876.51903368913                                   1000.1311290089542                                1109.699645126103                                 1115.4176224438165                                1113.8551746757043                                1112.34215850169                                  1110.329093605656
70                                                940.3972087443886                                 1038.0342460731763                                1119.1256948181672                                1122.034589666106                                 1119.593332306475                                 1117.9317595604848                                1115.8495313158246
75                                                997.5429672082404                                 1070.4352185964358                                1128.3787216766304                                1129.0765349542776                                1125.9184257829293                                1124.1299618193661                                1121.9836983441005
80                                                1044.9109068022162                                1097.6626661458577                                1137.713572763534                                 1136.667119040936                                 1132.915903351729                                 1131.0163833385932                                1128.8089409084519
85                                                1082.0202085246628                                1120.3725121691518                                1147.3106996765791                                1144.8640104714764                                1140.6100674542781                                1138.610513790557                                 1136.3430334802565
90                                                1112.7079788496908                                1140.3893787590337                                1157.3431294695697                                1153.733686536189                                 1149.0423784412724                                1146.9503271479016                                1144.6225235162929
95                                                1136.3615400844274                                1157.3478701049917                                1167.766618205735                                 1163.2590373960866                                1158.2024395378444                                1156.0263797380821                                1153.6383448269498
100                                               1154.8100796181097                                1171.9245804337597                                1178.2738009816408                                1173.0807938724188                                1167.7205213488046                                1165.468550945202                                 1163.0214722631035
105                                               1171.8837949600852                                1185.5362533426946                                1188.221076002022                                 1182.4466700475505                                1176.822434954568                                 1174.5018326593686                                1171.9991915498945
110                                               1185.2930529102796                                1197.3359812849699                                1197.9931785277822                                1191.8063708802365                                1185.9709785918021                                1183.589512816624                                 1181.0334194040379
115                                               1197.1441244917073                                1208.163678311903                                 1207.3439270374615                                1200.8197612396198                                1194.8014192582514                                1192.3646184785152                                1189.758187455704
120                                               1208.3496301856835                                1218.3832685136972                                1216.1666542047042                                1209.339464893752                                 1203.1557227767225                                1200.6681449319449                                1198.0149262586197
125                                               1217.9576393013072                                1227.6151521358915                                1224.5726219436951                                1217.5192061575844                                1211.198730487687                                 1208.6659458581466                                1205.9690354785125
130                                               1227.3528743648521                                1236.4895750836918                                1232.5185367985482                                1225.236738513821                                 1218.7838512335989                                1216.208610628562                                 1213.47147820925
135                                               1236.1930448242324                                1244.8507464208265                                1240.0151005096027                                1232.5222801665423                                1225.9473209875828                                1223.3330721633733                                1220.5590949903008
140                                               1244.379871907522                                 1252.6645325034442                                1247.0852388015855                                1239.404769292611                                 1232.7195290453483                                1230.0696921158506                                1227.2619125773017
145                                               1252.4485452839954                                1260.2734886246685                                1253.8976275766572                                1246.0261851922583                                1239.2304614053628                                1236.545239794682                                 1233.7039648053924
150                                               1260.1324298965847                                1267.5069514563843                                1260.3682313771455                                1252.3157928326664                                1245.4153581776104                                1242.6965578861195                                1239.823457191963
155                                               1267.43152574529                                  1274.3649209985915                                1266.497050203052                                 1258.2735922138359                                1251.274219362093                                 1248.5236463901642                                1245.6203897370137
160                                               1274.3458328301103                                1280.8473972512907                                1272.2840840543754                                1263.8995833357662                                1256.8070449588085                                1254.0265053068156                                1251.0947624405453
165                                               1280.8991969130552                                1286.97718181645                                  1277.7489976115498                                1269.2123864977189                                1262.0318509842386                                1259.2229596632128                                1256.2642217137
170                                               1287.280774315857                                 1292.9351482244097                                1283.0477807992265                                1274.359707078816                                 1267.0915493490434                                1264.2544063485548                                1261.2687475756802
175                                               1293.3534089838204                                1298.5901462202219                                1288.0673263078456                                1279.2344448411586                                1271.8825155290438                                1269.0183193711587                                1266.0068413982935
180                                               1299.1171009169452                                1303.9421758038875                                1292.807634137408                                 1283.8365997847468                                1276.404749524239                                 1273.514698731025                                 1270.4785031815395
185                                               1304.5718501152319                                1308.9912369754052                                1297.2687042879134                                1288.1661719095805                                1280.6582513346289                                1277.7435444281537                                1274.6837329254186
190                                               1309.7375100640406                                1313.760525333602                                 1301.4742226312142                                1292.2464338137102                                1284.6660161742943                                1281.7277676194321                                1278.6453695454961
195                                               1314.7715683816364                                1318.4340397858232                                1305.6120771616402                                1296.261995200232                                 1288.6104534001438                                1285.6491108787463                                1282.5445825619272
200                                               1319.5598317902754                                1322.878363885986                                 1309.5460314806892                                1300.07899673892                                  1292.3592991390806                                1289.3757938131598                                1286.2500070994192
205                                               1324.1023002899578                                1327.09349763409                                  1313.2760855883616                                1303.6974384297746                                1295.9125533911051                                1292.907816422673                                 1289.7616431579695
210                                               1328.3989738806845                                1331.0794410301355                                1316.802239484657                                 1307.117320272796                                 1299.270216156217                                 1296.2451787072864                                1293.0794907375803
215                                               1332.464868489184                                 1334.852797974308                                 1320.141472600089                                 1310.3555555664557                                1302.4491500187196                                1299.404729854492                                 1296.22039039554
220                                               1336.4190978375036                                1338.5452787757354                                1323.428474135189                                 1313.5463089193868                                1305.5831172974945                                1302.5201259130808                                1299.3179297216166
225                                               1340.1752933177831                                1342.0613811207904                                1326.56558180098                                  1316.5922984208864                                1308.5751277795966                                1305.4944537258812                                1302.2752451978417
230                                               1343.733454930023                                 1345.4011050094741                                1329.5527955974612                                1319.4935240709542                                1311.4251814650274                                1308.3277132928924                                1305.0923368242175
235                                               1347.093582674223                                 1348.564450441785                                 1332.3901155246335                                1322.2499858695905                                1314.133278353786                                 1311.0199046141151                                1307.769204600742
240                                               1350.2664184784803                                1351.5607025656395                                1335.0857393790575                                1324.8697194501078                                1316.7073615894737                                1313.5789387293817                                1310.3137266379454
245                                               1353.3371726039054                                1354.463515744695                                 1337.7046961182236                                1327.4164674112935                                1319.2104400969597                                1316.067569900671                                 1312.788395986343
250                                               1356.2440596281217                                1357.2194836648628                                1340.1998336556007                                1329.8440103971916                                1321.596826502614                                 1318.4402954088064                                1315.1478993295418
