% Model:              batchmodel_BILLETTA_r_0.0257427_COIL_kr_1.4848_COIL_kw_5.3284_FUNZ_freq_4639.7_FUNZ_I_eff_85.0125.mph
% Version:            COMSOL 5.6.0.280
% Date:               Jan 27 2022, 12:12
% Table:              Tabella delle sonde 1 - 
% Tempo (s)                                       Temperatura (degC), Punto: (0, 0.5)               Temperatura (degC), Punto: (0.5*BILLETTA_r, 0.5)  Temperatura (degC), Punto: (BILLETTA_r-10*FUNZ_depth_billetta, 0.5)Temperatura (degC), Punto: (BILLETTA_r-5*FUNZ_depth_billetta, 0.5)Temperatura (degC), Punto: (BILLETTA_r-2*FUNZ_depth_billetta, 0.5)Temperatura (degC), Punto: (BILLETTA_r-FUNZ_depth_billetta, 0.5)Temperatura (degC), Punto: (BILLETTA_r-0.01[mm], 0.5)
0                                                 20                                                20                                                20.000000000097828                                20.000565641779872                                20.197992327437305                                20.394183353371204                                20.590844066019088
5                                                 55.76920781220781                                 139.83395173881797                                495.4798908787229                                 604.4681135945607                                 663.7991331437157                                 675.5060909965325                                 679.7228308192007
10                                                206.47834550225917                                354.69283639454034                                898.0285809927983                                 1053.243546997167                                 1101.9728556954442                                1107.9559694002537                                1108.8359901479107
15                                                377.8514223031683                                 537.76146377018                                   1070.2122123705408                                1127.004630124985                                 1139.4444663456748                                1140.1400670619091                                1139.191424999307
20                                                517.8571279606721                                 668.1588524284022                                 1118.1929904123826                                1145.4257934142047                                1150.0515392097177                                1149.6439537544798                                1148.3087726114468
25                                                624.8287108973149                                 763.4666748878689                                 1142.811168096534                                 1158.4385770694266                                1160.0045363745762                                1159.1530221693997                                1157.647659130579
30                                                701.3943284538876                                 857.7151954423636                                 1162.7910008997756                                1172.238484910191                                 1172.1102967311285                                1170.9957615423436                                1169.3728587252526
35                                                756.962191268541                                  951.2569375959989                                 1182.90525942352                                  1188.862920322841                                 1187.7151501366175                                1186.4214225694873                                1184.6983052945184
40                                                831.9300805674528                                 1029.30030363149                                  1205.5950939846407                                1209.7945021839969                                1208.0579038807014                                1206.634077433354                                 1204.8144963404056
45                                                937.1979274121546                                 1094.9839322564703                                1232.9070405214056                                1235.921100345788                                 1233.7152413218482                                1232.1687385508753                                1230.2460993449758
50                                                1032.337010670561                                 1152.0033951809282                                1265.3619074544267                                1267.3014733433633                                1264.602549398232                                 1262.9154115211372                                1260.8684791189694
55                                                1109.6284997028283                                1204.5052536333383                                1300.3554951842507                                1301.1018786871027                                1297.8385563835154                                1295.991373366784                                 1293.804404467368
60                                                1177.1650428532316                                1253.50787583584                                  1334.018962315291                                 1333.5965296946551                                1329.7879937669454                                1327.7847771225947                                1325.4594693286426
65                                                1234.9516126168228                                1299.013045492325                                 1366.3529868644405                                1364.7860919624336                                1360.4515173656891                                1358.2962765609059                                1355.8343266097922
65.83903996934433                                 1243.702305168813                                 1306.309705593742                                 1371.6498557733867                                1369.893274794189                                 1365.4722878708103                                1363.291925365142                                 1360.8072104571547
