% Model:              batchmodel_BILLETTA_r_0.0257427_COIL_kr_1.9397_COIL_kw_5.3284_FUNZ_freq_4639.7_FUNZ_I_eff_61.5962.mph
% Version:            COMSOL 5.6.0.280
% Date:               Jan 27 2022, 13:59
% Table:              Tabella delle sonde 1 - 
% Tempo (s)                                       Temperatura (degC), Punto: (0, 0.5)               Temperatura (degC), Punto: (0.5*BILLETTA_r, 0.5)  Temperatura (degC), Punto: (BILLETTA_r-10*FUNZ_depth_billetta, 0.5)Temperatura (degC), Punto: (BILLETTA_r-5*FUNZ_depth_billetta, 0.5)Temperatura (degC), Punto: (BILLETTA_r-2*FUNZ_depth_billetta, 0.5)Temperatura (degC), Punto: (BILLETTA_r-FUNZ_depth_billetta, 0.5)Temperatura (degC), Punto: (BILLETTA_r-0.01[mm], 0.5)
0                                                 20                                                19.999999999999943                                20.000000000013017                                20.00005279190742                                 20.106947429635056                                20.25309902370401                                 20.41095374110205
5                                                 44.36514420654993                                 95.87144969575883                                 293.3307300442041                                 346.6567882587465                                 378.9999524288746                                 386.0764776580851                                 388.8246787135581
10                                                148.8558382955519                                 244.70794818273657                                541.6083420432367                                 620.4589227031199                                 662.6276502374292                                 670.932353457612                                  673.9067887359306
15                                                279.19982177818997                                394.43669693509935                                753.2051175369303                                 864.4325818921553                                 919.5152185349858                                 929.2037047356456                                 932.1075322299831
20                                                402.02554389901627                                525.0440961094504                                 939.0078487123425                                 1036.207582490356                                 1069.109363178488                                 1073.3986516454715                                1073.8861114374286
25                                                510.41393303160396                                632.0601555002737                                 1024.6558058383443                                1076.7538020575143                                1089.7723881888637                                1090.7753151463353                                1090.0689076392932
30                                                601.0056450535053                                 713.439170674303                                  1062.6369973120063                                1092.8038176064633                                1099.268301913794                                 1099.2962832490407                                1098.2402380450822
35                                                671.5044153244169                                 778.6066233478047                                 1084.2381327388866                                1103.4654846360195                                1106.763179668431                                 1106.3149211757777                                1105.0814386647553
40                                                721.2339207301173                                 842.6764349586584                                 1099.5329852784562                                1112.6602735009546                                1114.1190826702118                                1113.382572222396                                 1112.0343071119974
45                                                756.190012726477                                  902.4749667383632                                 1112.2432414675045                                1121.1097295583795                                1121.2695742840542                                1120.3245933221901                                1118.888718869468
50                                                797.536649293896                                  954.8218139854736                                 1123.9363762282487                                1129.650802669028                                 1128.8368927929428                                1127.730602733091                                 1126.2218253496885
55                                                861.4994988168318                                 1001.28747359024                                  1135.2906610528194                                1138.7079993159132                                1137.1574581380396                                1135.922512368063                                 1134.3497185528
60                                                933.7641279721225                                 1043.3420096280156                                1147.0888056980612                                1148.7398554463239                                1146.5987735235303                                1145.25395469153                                  1143.6203948700022
65                                                995.6141133996804                                 1080.2716011535986                                1159.777789592752                                 1160.0610941494124                                1157.4371739466505                                1155.9951309847597                                1154.301244260581
70                                                1041.1152063816216                                1109.1900905546654                                1173.6000227594623                                1172.9661713126447                                1169.9798899487737                                1168.4541510337704                                1166.699474197566
75                                                1082.9775068914296                                1136.5887730902286                                1187.6187275358006                                1186.1262881567286                                1182.792978681512                                 1181.1850935827856                                1179.3692981256859
80                                                1114.5825107757255                                1159.9680221040148                                1202.5456022626267                                1200.3821035065566                                1196.755773038793                                 1195.0717294671463                                1193.193781635603
85                                                1144.8250013662027                                1182.7559985553767                                1217.5251147265908                                1214.7214898117973                                1210.8119636727606                                1209.0533269181901                                1207.1138172751844
90                                                1169.7531193861282                                1203.03644614199                                  1232.4712696700408                                1229.1693118321878                                1225.0242189704668                                1223.1997966830472                                1221.2035834748112
95                                                1192.8394377123914                                1222.180241247811                                 1246.9555104703522                                1243.1978400001612                                1238.8319994048493                                1236.944628868367                                 1234.8933426745334
100                                               1211.566108174898                                 1238.6335132871054                                1260.346373410789                                 1256.2338750353224                                1251.6823641224737                                1249.7387613540054                                1247.636261852172
105                                               1230.2927786374044                                1255.0867853264003                                1273.7372363512254                                1269.269910070483                                 1264.5327288400977                                1262.5328938396437                                1260.3791810298103
110                                               1249.019449099911                                 1271.5400573656948                                1287.1280992916627                                1282.3059451056438                                1277.383093557722                                 1275.327026325282                                 1273.122100207449
115                                               1265.8072057474124                                1286.5891022003857                                1299.6434066575057                                1294.5037711204686                                1289.40971316916                                  1287.3006801857023                                1285.046874440564
120                                               1281.565467546765                                 1300.892551918067                                 1311.693824895046                                 1306.2565377100477                                1300.9989531836081                                1298.838688835313                                 1296.5372425650066
125                                               1297.3237293461175                                1315.1960016357484                                1323.7442431325862                                1318.0093042996268                                1312.5881931980562                                1310.3766974849236                                1308.0276106894498
130                                               1313.0435359188323                                1329.4649213090975                                1335.7671003652845                                1329.7354570740358                                1324.1512443921229                                1321.8886276929343                                1319.4919901346952
135                                               1324.6980242107193                                1340.0834757984976                                1344.8763287725014                                1338.648113770254                                 1332.9457280972679                                1330.6436591737315                                1328.208960141164
140                                               1336.3525125026063                                1350.7020302878977                                1353.9855571797184                                1347.5607704664726                                1341.7402118024143                                1339.3986906545288                                1336.9259301476322
145                                               1348.0070007944933                                1361.3205847772979                                1363.0947855869358                                1356.4734271626908                                1350.5346955075597                                1348.1537221353265                                1345.6429001541005
150                                               1358.8526100859349                                1371.196821536093                                 1371.5946294584014                                1364.794118889929                                 1358.7462643044141                                1356.3285109819062                                1353.7820081599357
155                                               1367.5407426873744                                1379.0931166726255                                1378.4690968144573                                1371.5358963158064                                1365.4030575091215                                1362.9556518401178                                1360.3798179051928
160                                               1375.1251004898209                                1385.9764647510242                                1384.5120142191754                                1377.469894068473                                 1371.2644205130518                                1368.7910090117734                                1366.1890925132502
165                                               1381.6056834932742                                1391.8468657712888                                1389.7233816725557                                1382.5961121479281                                1376.3303533162048                                1373.8345824968715                                1371.209831984107
170                                               1386.982491697735                                 1396.7043197334192                                1394.1031991745986                                1386.9145505541724                                1380.6008559185802                                1378.0863722954123                                1375.4420363177637
173.1722075698575                                 1389.8214782304103                                1399.2608986300575                                1396.450796221965                                 1389.2355305397427                                1382.8978263795025                                1380.3733612169617                                1377.718283711209
