% Model:              batchmodel_BILLETTA_r_0.0257427_COIL_kr_1.6756_COIL_kw_3.7744_FUNZ_freq_4639.7_FUNZ_I_eff_61.5962.mph
% Version:            COMSOL 5.6.0.280
% Date:               Jan 27 2022, 12:44
% Table:              Tabella delle sonde 1 - 
% Tempo (s)                                       Temperatura (degC), Punto: (0, 0.5)               Temperatura (degC), Punto: (0.5*BILLETTA_r, 0.5)  Temperatura (degC), Punto: (BILLETTA_r-10*FUNZ_depth_billetta, 0.5)Temperatura (degC), Punto: (BILLETTA_r-5*FUNZ_depth_billetta, 0.5)Temperatura (degC), Punto: (BILLETTA_r-2*FUNZ_depth_billetta, 0.5)Temperatura (degC), Punto: (BILLETTA_r-FUNZ_depth_billetta, 0.5)Temperatura (degC), Punto: (BILLETTA_r-0.01[mm], 0.5)
0                                                 20                                                20                                                20.000000000006025                                20.000020959685628                                20.052923999567724                                20.173010107832397                                20.300897993776687
5                                                 38.40832484150832                                 91.8361565193133                                  286.6603670402185                                 339.0705913827369                                 370.9454499795138                                 378.01248255602434                                380.76993466636384
10                                                142.32768577402516                                237.81504582834373                                524.2370314847013                                 596.1314225835715                                 634.2180378280589                                 641.8887011243131                                 644.6594013785044
15                                                273.45536822541                                   387.42500328911615                                727.9941394656612                                 823.611571644752                                  873.2103019341147                                 882.3800009005237                                 885.2483097581475
20                                                393.5758540265914                                 514.3376632269651                                 917.0435376907548                                 1018.6837558167607                                1055.9256775366516                                1061.2103817329244                                1062.1121715124013
25                                                498.02885669229977                                617.6650172622506                                 1010.5464305820507                                1070.4475551240903                                1086.3496952675732                                1087.8000190136954                                1087.2540661846683
30                                                585.7549478102296                                 697.3400664285332                                 1052.6954786016827                                1087.7603352232172                                1095.79978272487                                  1096.073258608595                                 1095.1090975328539
35                                                657.4671724024658                                 762.1660859436923                                 1078.348031994869                                 1100.2278714786903                                1104.3181945720744                                1103.992154369987                                 1102.8056533156805
40                                                710.5240419260892                                 826.5838784343892                                 1095.8540198883538                                1110.3066627214293                                1112.1688689298708                                1111.4967348357077                                1110.1749085289957
45                                                747.9436309302813                                 888.1384425217503                                 1109.728772972961                                 1119.3322072952578                                1119.7196877600645                                1118.812113497689                                 1117.3926445044945
50                                                789.2936686360603                                 943.2975940549273                                 1121.6905703551352                                1127.9642546142009                                1127.3214609739343                                1126.243785441398                                 1124.7483628363166
55                                                849.2025597333096                                 991.9406370651242                                 1133.0164537716282                                1136.8593015354518                                1135.44459646505                                  1134.2336681343882                                1132.673223080562
60                                                920.4683557391503                                 1035.2502695353564                                1144.5468477528912                                1146.5447767500782                                1144.5214509990192                                1143.1990142951022                                1141.578257077204
65                                                987.6315672323441                                 1073.7356841191154                                1156.9068717005907                                1157.4670903374372                                1154.9441823434258                                1153.523079339322                                 1151.8426389646243
70                                                1042.7969879313027                                1107.3261257020026                                1170.4740471971159                                1169.892167381895                                 1166.9452463086755                                1165.432820516693                                 1163.6907386804874
75                                                1087.3755585041345                                1136.7910169466345                                1185.17108149354                                  1183.6473965384348                                1180.3266342548254                                1178.7268400496246                                1176.920285325025
80                                                1123.9006487294878                                1163.013421128895                                 1200.789257761533                                 1198.4695030402154                                1194.8119543359999                                1193.1273854247697                                1191.2536189920047
85                                                1154.1413433442171                                1186.5413842346393                                1216.873766806555                                 1213.898481531835                                 1209.9454532850473                                1208.1817944182635                                1206.2420046721
90                                                1180.4422321448715                                1208.155572056634                                 1232.903393186165                                 1229.392432079078                                 1225.1859239379096                                1223.3516887076516                                1221.3511810482883
95                                                1202.7330032660298                                1227.824728790586                                 1248.8699621238761                                1244.923659902156                                 1240.4954681446402                                1238.595872879448                                 1236.5368512303066
100                                               1223.4184234613058                                1246.3341736321381                                1264.192196478596                                 1259.8501761049442                                1255.212838874882                                 1253.249701581975                                 1251.1327524782942
105                                               1241.7482411799206                                1263.4548711889493                                1279.0635621801653                                1274.3825787088435                                1269.554598587557                                 1267.5310340533697                                1265.3575861300042
110                                               1259.172797286877                                 1279.7191987590081                                1293.178044440947                                 1288.1715837101642                                1283.1596873510466                                1281.077630778237                                 1278.8493784356906
115                                               1275.1982825618097                                1294.9559355282595                                1306.65873205479                                  1301.3559113224533                                1296.171173378787                                 1294.033032042128                                 1291.7516249929586
120                                               1290.8793953123682                                1309.6349940622526                                1319.4388382550483                                1313.844720141697                                 1308.4924420325788                                1306.3003460382752                                1303.968004731777
125                                               1305.8006887533816                                1323.5712753016137                                1331.5446704201381                                1325.6737926935557                                1320.161549921169                                 1317.9177385524195                                1315.5364586240798
130                                               1319.9621628848504                                1336.764779246343                                 1342.9762285500601                                1336.8431289780297                                1331.1784970445574                                1328.885209584561                                 1326.456986669867
135                                               1333.363817706775                                 1349.2155058964413                                1353.7335126448143                                1347.3527289951194                                1341.5432834027442                                1339.2027591346991                                1336.7295888691378
140                                               1345.4114459662937                                1360.2232464970275                                1363.2052068321323                                1356.6173493976999                                1350.6844499406106                                1348.3029716220917                                1345.7904349703767
145                                               1356.3910361618796                                1370.1250074536306                                1371.685533889607                                 1364.9186644084925                                1358.877036581222                                 1356.4589408690786                                1353.910893197799
150                                               1366.354753511252                                 1378.9822598135524                                1379.2281609938327                                1372.30805230751                                  1366.1712114870925                                1363.7204800631725                                1361.1404619842929
155                                               1375.302598014413                                 1386.795003576794                                 1385.8330881448092                                1378.785513094751                                 1372.5669746582225                                1370.0875892043732                                1367.479141329858
156.71744798382232                                1378.1416897063186                                1389.237592636082                                 1387.8854495063197                                1380.8000378435222                                1374.5565556280599                                1372.0682465357418                                1369.4508502736094
