% Model:              batchmodel_BILLETTA_r_0.0257427_COIL_kr_1.6756_COIL_kw_5.3284_FUNZ_freq_4639.7_FUNZ_I_eff_61.5962.mph
% Version:            COMSOL 5.6.0.280
% Date:               Jan 27 2022, 13:05
% Table:              Tabella delle sonde 1 - 
% Tempo (s)                                       Temperatura (degC), Punto: (0, 0.5)               Temperatura (degC), Punto: (0.5*BILLETTA_r, 0.5)  Temperatura (degC), Punto: (BILLETTA_r-10*FUNZ_depth_billetta, 0.5)Temperatura (degC), Punto: (BILLETTA_r-5*FUNZ_depth_billetta, 0.5)Temperatura (degC), Punto: (BILLETTA_r-2*FUNZ_depth_billetta, 0.5)Temperatura (degC), Punto: (BILLETTA_r-FUNZ_depth_billetta, 0.5)Temperatura (degC), Punto: (BILLETTA_r-0.01[mm], 0.5)
0                                                 20                                                20                                                20.000000000006025                                20.000020959685457                                20.052923998595475                                20.17301011381744                                 20.300897994956756
5                                                 38.40832527671455                                 91.83615841614903                                 286.6603701187563                                 339.0705924770273                                 370.9454497986201                                 378.0124814653699                                 380.7699331963719
10                                                142.32767481369973                                237.81502193929163                                524.2368710722484                                 596.1312011579471                                 634.2178032706455                                 641.8884645177382                                 644.6591648946209
15                                                273.45528292210565                                387.42486081707                                   727.994265161471                                  823.6113189046608                                 873.209685007546                                  882.3793510313052                                 885.2476530813677
20                                                393.5758633244526                                 514.3376142469834                                 917.0429327016128                                 1018.6830730053827                                1055.924914212952                                 1061.209588719033                                 1062.1113683486478
25                                                498.0287573197862                                 617.6648382181075                                 1010.5461607520703                                1070.4474533298085                                1086.349659409403                                 1087.7999929809293                                1087.2540435239375
30                                                585.7547698502676                                 697.3395581451758                                 1052.6954000187102                                1087.7603038044758                                1095.7997617667374                                1096.073239116406                                 1095.1090785743809
35                                                657.4669426492585                                 762.1656736618228                                 1078.3479721607482                                1100.227840191978                                 1104.3181714804969                                1103.9921325437085                                1102.8056319748475
40                                                710.5238012899321                                 826.5835450250373                                 1095.8539218348656                                1110.3065962915089                                1112.168813680766                                 1111.496681477422                                 1110.174855957402
45                                                747.9436425612527                                 888.1381154578022                                 1109.728708472071                                 1119.3321559985598                                1119.7196410389752                                1118.812067601466                                 1117.3925990053017
50                                                789.2937797934559                                 943.2973471953588                                 1121.6905150576158                                1127.9642109687693                                1127.3214208474024                                1126.2437459175812                                1124.748323613243
55                                                849.2022823401554                                 991.9404484596674                                 1133.0163986159691                                1136.8592561175865                                1135.4445541524428                                1134.2336263761958                                1132.6731816135461
60                                                920.4679039168701                                 1035.2500789293567                                1144.546791250768                                 1146.5447277159956                                1144.5214045541188                                1143.1989683471065                                1141.578211413097
65                                                987.6312093609923                                 1073.7354939830948                                1156.9068080310221                                1157.4670330463987                                1154.9441273498824                                1153.5230248171738                                1151.842584740492
70                                                1042.7967286526027                                1107.325963509279                                 1170.47397294562                                  1169.8920983340568                                1166.9451792911455                                1165.4327539591523                                1163.690672450311
75                                                1087.375240870992                                 1136.7908179129731                                1185.1710087425204                                1183.6473319157672                                1180.3265725678657                                1178.7267790168848                                1176.9202246733994
80                                                1123.9005309505528                                1163.0132972967208                                1200.7891466403153                                1198.4693978511064                                1194.811852203799                                 1193.1272842618296                                1191.2535183804093
85                                                1154.1410926965823                                1186.5412288311059                                1216.8736952822405                                1213.8984151341224                                1209.945389174532                                 1208.1817309248804                                1206.2419411700967
90                                                1180.4421949005286                                1208.155489090148                                 1232.9032796477777                                1229.3923185855278                                1225.1858109830591                                1223.3515759997213                                1221.3510683363052
95                                                1202.732868774444                                 1227.8246174437036                                1248.8698837118027                                1244.9235847191967                                1240.495394436929                                 1238.5957995518152                                1236.5367782434023
100                                               1223.4184097114853                                1246.3341105665772                                1264.1921003950147                                1259.8500799384965                                1255.2127432423868                                1253.2496062195005                                1251.1326575016974
105                                               1241.7481936375657                                1263.4548004244298                                1279.0634815714097                                1274.3824993261187                                1269.5545200548972                                1267.5309558123245                                1265.3575082176317
110                                               1259.1728150499325                                1279.7191621365255                                1293.1779678884895                                1288.1715064139466                                1283.1596103008137                                1281.0775539527676                                1278.849301906786
115                                               1275.1982550625935                                1294.955882031892                                 1306.6586632766807                                1301.3558419858964                                1296.1711041682984                                1294.0329630058309                                1291.751556135056
120                                               1290.8793390730702                                1309.6349194314757                                1319.4387612728665                                1313.8446434547213                                1308.4923657893642                                1306.3002700435395                                1303.9679289432775
125                                               1305.8006103074144                                1323.5711747123182                                1331.544574475995                                 1325.673698238376                                 1320.1614564640668                                1317.9176454896487                                1315.5363658716738
130                                               1319.962068765626                                 1336.7646478744186                                1342.9761028860662                                1336.8430063368592                                1331.178376192407                                 1328.8850893441581                                1326.4568669202454
135                                               1333.3637144477043                                1349.2153389177784                                1353.7333465030806                                1347.3525677501725                                1341.5431249743842                                1339.2026016070677                                1336.7294320889914
140                                               1345.4114479985897                                1360.2232024791888                                1363.205151775062                                 1356.6172941001191                                1350.6843948947876                                1348.302916745869                                 1345.7903802161613
145                                               1356.3910129688643                                1370.1249388865463                                1371.6854647977348                                1364.9185949340522                                1358.8769675213434                                1356.4588720663114                                1353.9108246352125
150                                               1366.3546895606978                                1378.9821514942469                                1379.228066527065                                 1372.3079574963845                                1366.1711174302718                                1363.720386418619                                 1361.1403687750058
155                                               1375.3024777740907                                1386.794840302291                                 1385.8329569630537                                1378.785381787115                                 1372.5668446215718                                1370.0874598027917                                1367.4790126355429
156.71873055227                                   1378.1436219395837                                1389.2391850043196                                1387.8867944212975                                1380.8013556297183                                1374.5578568718765                                1372.0695420183215                                1369.4521400482718
