% Model:              batchmodel_BILLETTA_r_0.0257427_COIL_kr_1.6756_COIL_kw_3.2356_FUNZ_freq_7167.5_FUNZ_I_eff_61.5962.mph
% Version:            COMSOL 5.6.0.280
% Date:               Jan 27 2022, 12:38
% Table:              Tabella delle sonde 1 - 
% Tempo (s)                                       Temperatura (degC), Punto: (0, 0.5)               Temperatura (degC), Punto: (0.5*BILLETTA_r, 0.5)  Temperatura (degC), Punto: (BILLETTA_r-10*FUNZ_depth_billetta, 0.5)Temperatura (degC), Punto: (BILLETTA_r-5*FUNZ_depth_billetta, 0.5)Temperatura (degC), Punto: (BILLETTA_r-2*FUNZ_depth_billetta, 0.5)Temperatura (degC), Punto: (BILLETTA_r-FUNZ_depth_billetta, 0.5)Temperatura (degC), Punto: (BILLETTA_r-0.01[mm], 0.5)
0                                                 20                                                20                                                20.000000000012733                                20.000051783122956                                20.086073192742163                                20.268330930926936                                20.455103644859605
5                                                 42.830890752383254                                110.99928643774643                                401.26998805320784                                465.6151038215029                                 501.7486219304028                                 509.42604883045976                                512.3494373659831
10                                                168.69600788246913                                292.53409025390954                                737.7286091872394                                 849.5316613178676                                 907.8418989289358                                 918.4111097019294                                 921.8041251180431
15                                                325.9243895774214                                 467.35519479078357                                993.8914428358586                                 1073.464112120209                                 1095.5606998371359                                1097.7374151758704                                1097.5711955767347
20                                                463.17527825704997                                600.4082283587937                                 1049.3991765701257                                1087.627836707938                                 1097.1214123523164                                1097.7853917717857                                1097.1667914781488
25                                                571.4092791421134                                 694.0329997364408                                 1080.5358717977147                                1103.3714173762864                                1108.2039543942183                                1108.1625047269422                                1107.2855176842936
30                                                654.2589590594162                                 768.5133809715709                                 1102.2865553486622                                1116.4572715607405                                1118.6776826134665                                1118.2314714607028                                1117.1980869626154
35                                                712.6789102146738                                 836.1277418105554                                 1119.1637512890416                                1128.22956232566                                  1128.9082433790622                                1128.2158688279942                                1127.0797139654173
40                                                754.5232312718259                                 901.474195676495                                  1133.3744299451669                                1139.4825460724974                                1139.233100211698                                 1138.3838144067377                                1137.174351664854
45                                                804.8546208938175                                 958.4947456040373                                 1147.036699938952                                 1151.2125730265143                                1150.332703258071                                 1149.3691759993326                                1148.0989402054756
50                                                875.6941828417149                                 1009.4411973937969                                1161.5399198751675                                1164.1435704335659                                1162.7325224903807                                1161.6669106197041                                1160.337073065899
55                                                947.5112115125968                                 1055.646348491588                                 1177.7361162939833                                1179.1567951298098                                1177.3160777629623                                1176.1590728243286                                1174.7683251903918
60                                                1000.307514725354                                 1092.1170483399992                                1197.253043886853                                 1197.9063521213475                                1195.741606046689                                 1194.5025587305304                                1193.0467130985066
65                                                1053.0229149770116                                1128.5463435673046                                1216.7840959139135                                1216.6718012694178                                1214.1834758203208                                1212.8624258989648                                1211.3414644559202
70                                                1097.5415735906722                                1161.4293255062967                                1237.0999545468057                                1236.33631955371                                  1233.5570562187268                                1232.158096312704                                 1230.5724050308377
75                                                1138.0492259313119                                1192.5769489975378                                1257.799851662076                                 1256.440789724316                                 1253.3865613401085                                1251.9116941386997                                1250.261461890248
80                                                1172.6878662544405                                1220.6841851933655                                1278.122212099916                                 1276.2458554347468                                1272.9388114464614                                1271.3908015830052                                1269.6763166134624
85                                                1205.5893194992764                                1247.8914877194638                                1298.3328242851276                                1295.9622994899737                                1292.4089959806083                                1290.788661767505                                 1289.0100093955498
90                                                1234.7547425388007                                1272.9278848329877                                1317.8340404548535                                1315.0160388740724                                1311.2305067711868                                1309.5400085907654                                1307.6980147922359
95                                                1263.3706783972611                                1297.6449899092531                                1337.230920204533                                 1333.972309099303                                 1329.9566120411464                                1328.196267637732                                 1326.2910538953552
100                                               1283.3212856432247                                1314.7807330677997                                1349.951680534673                                 1346.4171179151458                                1342.2559445315287                                1340.4494524062488                                1338.5010596167313
105                                               1303.0218324760895                                1331.6976964687888                                1362.479784215007                                 1358.6740217128736                                1354.3698159126998                                1352.5178599469455                                1350.526866442066
110                                               1322.7223793089538                                1348.6146598697778                                1375.007887895341                                 1370.9309255106018                                1366.4836872938704                                1364.5862674876416                                1362.5526732674007
114.13852699723873                                1339.0286282945895                                1362.6169218190366                                1385.377466956395                                 1381.0760309644925                                1376.5104040442816                                1374.5753535718122                                1372.5064985094455
