% Model:              batchmodel_BILLETTA_r_0.0257427_COIL_kr_2.7711_COIL_kw_5.8583_FUNZ_freq_4639.7_FUNZ_I_eff_61.5962.mph
% Version:            COMSOL 5.6.0.280
% Date:               Jan 27 2022, 15:57
% Table:              Tabella delle sonde 1 - 
% Tempo (s)                                       Temperatura (degC), Punto: (0, 0.5)               Temperatura (degC), Punto: (0.5*BILLETTA_r, 0.5)  Temperatura (degC), Punto: (BILLETTA_r-10*FUNZ_depth_billetta, 0.5)Temperatura (degC), Punto: (BILLETTA_r-5*FUNZ_depth_billetta, 0.5)Temperatura (degC), Punto: (BILLETTA_r-2*FUNZ_depth_billetta, 0.5)Temperatura (degC), Punto: (BILLETTA_r-FUNZ_depth_billetta, 0.5)Temperatura (degC), Punto: (BILLETTA_r-0.01[mm], 0.5)
0                                                 20                                                20                                                20.000000000013358                                20.000054597945564                                20.107125686623192                                20.25371253961464                                 20.41270757347843
5                                                 40.25150107636182                                 92.91697612289943                                 290.52376906890754                                343.5352726510249                                 375.5983218993158                                 382.63506533261386                                385.37403985960634
10                                                141.5833602069339                                 239.47032289397134                                539.5218115976417                                 619.4554479249756                                 662.9822556034393                                 671.5670706035673                                 674.6213306032113
15                                                275.84784873815136                                395.13072429547515                                758.9629796966982                                 872.0049413304624                                 929.54077297929                                   939.625741694504                                  942.6220511569683
20                                                406.6383813182267                                 532.6345994315548                                 951.2547080847274                                 1046.713230593945                                 1076.8538643629986                                1080.4497331582388                                1080.6457622891503
25                                                517.0448558673944                                 639.2245110725537                                 1029.805225327861                                 1078.7149055282962                                1090.7437235626185                                1091.6022279599028                                1090.8456355139942
30                                                607.2531156369962                                 718.938359439646                                  1063.9385200651527                                1092.8966775979889                                1099.1035742791028                                1099.1015275742297                                1098.0367452711184
35                                                676.5503703042297                                 784.0406779608817                                 1085.2628664689482                                1104.025845619568                                 1107.180381003087                                 1106.7099682953094                                1105.4679731407887
40                                                723.6773729439655                                 847.2484730683401                                 1100.0546604624496                                1113.022292384585                                 1114.4315231072824                                1113.6868501145163                                1112.335109443879
45                                                757.9834117680217                                 906.3018321563444                                 1112.8458464718378                                1121.5075229174108                                1121.611889327803                                 1120.6583379023673                                1119.2187868580008
50                                                801.2999771039323                                 957.99394617517                                   1124.615624943976                                 1130.1555706350573                                1129.2883859478166                                1128.1732629442631                                1126.6604020075174
55                                                867.0688254892283                                 1004.1152392815483                                1136.0069700460126                                1139.3063774680695                                1137.7159104920856                                1136.4736724419467                                1134.8970246753265
60                                                941.3593249064903                                 1046.083412711817                                 1147.7115098685044                                1149.304396341117                                 1147.1424567386725                                1145.7932697923693                                1144.1568845771294
65                                                1005.5220061172228                                1083.4700235202413                                1160.381404920769                                 1160.6145541216893                                1157.973497751751                                 1156.5277222277177                                1154.8312234505875
70                                                1056.9248169500997                                1115.9779240160638                                1174.2864596835443                                1173.4226502260794                                1170.3681928607434                                1168.8316961230244                                1167.0726003132918
75                                                1098.113364164526                                 1144.1667720143064                                1189.3734054931874                                1187.6114014106115                                1184.1925330879799                                1182.568987514905                                 1180.7442732374238
80                                                1132.281178797327                                 1169.3962539087788                                1205.102688822877                                 1202.5990391232108                                1198.8605160392449                                1197.1553117304993                                1195.265039503602
85                                                1160.1901114244056                                1191.980932972364                                 1221.3554335460194                                1218.2550593235528                                1214.2400707072834                                1212.4588869931267                                1210.5037681977733
90                                                1185.2408382299045                                1212.9788996139537                                1237.3151989340427                                1233.705631356158                                 1229.4441584858505                                1227.5928743013055                                1225.5765657395355
95                                                1206.8223836415814                                1232.1930411582289                                1253.1140690697953                                1249.0901563590483                                1244.613152249265                                 1242.697225949691                                 1240.62252058303
100                                               1226.7903306992757                                1250.2622524423464                                1268.2750541830992                                1263.8743582501206                                1259.1947521831753                                1257.2165555094057                                1255.0847102537068
105                                               1244.9538387693638                                1267.1555776573705                                1282.899409612191                                 1278.16466682789                                  1273.2973316968742                                1271.2597099858694                                1269.0723608209023
110                                               1262.6223619556758                                1283.4230429447057                                1296.8066732186444                                1291.7399529986433                                1286.688099821105                                 1284.5924055504702                                1282.3509683026705
115                                               1279.3099473452467                                1298.8605275147493                                1310.0638164996603                                1304.6822802168522                                1299.453447861445                                 1297.3015875254168                                1295.007559722559
120                                               1295.0165949380757                                1313.4680313675012                                1322.670839455238                                 1316.9916484825162                                1311.593375817893                                 1309.387255910709                                 1307.0421350805682
125                                               1309.879058106054                                 1327.2163537818033                                1334.5047172994837                                1328.5494590805592                                1322.9926342768222                                1320.735370454589                                 1318.3418797332965
130                                               1323.8923180194188                                1340.1065664200673                                1345.569965024959                                 1339.3600645673596                                1333.6554528757124                                1331.3501164184631                                1328.9109339624943
135                                               1337.0135358739485                                1352.1478165812568                                1355.9051208749593                                1349.4606166932958                                1343.6179341764155                                1341.2672175870607                                1338.7846376238094
140                                               1349.196462949818                                 1363.2938841749042                                1365.471655086411                                 1358.8137918394204                                1352.8435463466608                                1350.4504128370359                                1347.9269934164536
145                                               1359.8772543326395                                1372.9812733237063                                1373.7998290147984                                1366.964556162422                                 1360.8869086728737                                1358.4576218239868                                1355.8991374095303
150                                               1369.392627481167                                 1381.5464930481094                                1381.1701616443747                                1374.1846472189532                                1368.0139940462273                                1365.5528465213874                                1362.9631507955446
155                                               1377.7425823954                                   1388.9895433481129                                1387.582652975139                                 1380.4740650090134                                1374.2248024667228                                1371.7360869292397                                1369.119033574495
160                                               1384.9271190753393                                1395.3104242237168                                1393.0373030070914                                1385.8328095326042                                1379.519333934359                                 1377.0073430475422                                1374.3667857463824
164.54406927387703                                1390.4456671347953                                1400.0815829989888                                1397.1637538303598                                1389.8956650611653                                1383.5363187971561                                1381.00689831313                                  1378.3483229001545
