% Model:              batchmodel_BILLETTA_r_0.0257427_COIL_kr_1.6756_COIL_kw_5.8583_FUNZ_freq_4639.7_FUNZ_I_eff_61.5962.mph
% Version:            COMSOL 5.6.0.280
% Date:               Jan 27 2022, 13:17
% Table:              Tabella delle sonde 1 - 
% Tempo (s)                                       Temperatura (degC), Punto: (0, 0.5)               Temperatura (degC), Punto: (0.5*BILLETTA_r, 0.5)  Temperatura (degC), Punto: (BILLETTA_r-10*FUNZ_depth_billetta, 0.5)Temperatura (degC), Punto: (BILLETTA_r-5*FUNZ_depth_billetta, 0.5)Temperatura (degC), Punto: (BILLETTA_r-2*FUNZ_depth_billetta, 0.5)Temperatura (degC), Punto: (BILLETTA_r-FUNZ_depth_billetta, 0.5)Temperatura (degC), Punto: (BILLETTA_r-0.01[mm], 0.5)
0                                                 20                                                20                                                20.00000000000614                                 20.0000209596854                                  20.052923998303868                                20.173010115579814                                20.300897995292246
5                                                 38.40832540425737                                 91.8361589717245                                  286.66037099633365                                339.07059275365134                                370.94544969090225                                378.01248108575714                                380.7699327034345
10                                                142.3276715011104                                 237.81501474792088                                524.2368227273681                                 596.1311343648084                                 634.2177324324962                                 641.888393025356                                  644.659093425615
15                                                273.45525721877186                                387.42481789904355                                727.9943037009458                                 823.611243912667                                  873.2095003227552                                 882.3791564292757                                 885.2474564292032
20                                                393.5758665252789                                 514.337600787041                                  917.0427557018089                                 1018.6828712008959                                1055.9246870787692                                1061.209352487435                                 1062.111129000813
25                                                498.0287286011295                                 617.664786669647                                  1010.546082366921                                 1070.4474237709228                                1086.349649113536                                 1087.799985555927                                 1087.2540370837419
30                                                585.754736629981                                  697.3395244604386                                 1052.6953870177567                                1087.7602985512995                                1095.7997578926415                                1096.0732354267225                                1095.1090749540258
35                                                657.4669146192476                                 762.1656544616834                                 1078.3479744209117                                1100.2278414094849                                1104.3181724037122                                1103.9921334296268                                1102.8056328479952
40                                                710.5237749634916                                 826.5835437898971                                 1095.8539145483542                                1110.3065896688122                                1112.1688077934664                                1111.496675749283                                 1110.1748503024733
45                                                747.9436925965258                                 888.1381077671812                                 1109.728709691396                                 1119.3321547356954                                1119.7196391681764                                1118.8120656571036                                1117.3925970423156
50                                                789.2938872591488                                 943.2973532722223                                 1121.6905171788421                                1127.9642121289667                                1127.321421652266                                 1126.2437466637289                                1124.7483243371698
55                                                849.2023055112664                                 991.9404634237545                                 1133.0164000031045                                1136.859257197083                                 1135.4445551121921                                1134.2336273141796                                1132.673182541445
60                                                920.4678812187204                                 1035.250085772619                                 1144.5467928084536                                1146.5447290155616                                1144.521405784913                                 1143.1989695659177                                1141.5782126245895
65                                                987.6311984773039                                 1073.7354931939726                                1156.9068090341061                                1157.4670339772097                                1154.9441282581952                                1153.5230257202452                                1151.842585639121
70                                                1042.796727373437                                 1107.3259635544596                                1170.4739727421952                                1169.89209809986                                  1166.9451790526537                                1165.432753720498                                 1163.6906722118324
75                                                1087.3752071733825                                1136.7908007897918                                1185.171010582913                                 1183.6473348980276                                1180.326575894574                                 1178.7267824090927                                1176.9202280781424
80                                                1123.9005462039981                                1163.0132982122987                                1200.7891379177968                                1198.4693898413593                                1194.8118446436274                                1193.1272768714398                                1191.2535110518966
85                                                1154.141060526682                                 1186.5412169569686                                1216.8736987209113                                1213.898419217065                                 1209.9453935332344                                1208.1817353575293                                1206.241945498638
90                                                1180.442220811738                                 1208.1554959768341                                1232.9032703352373                                1229.3923085405554                                1225.185800734048                                 1223.3515657199546                                1221.3510579590766
95                                                1202.7328618778397                                1227.8246135970217                                1248.8698842721788                                1244.923585601326                                 1240.4953954264233                                1238.5958005548673                                1236.5367792583734
100                                               1223.4184358607754                                1246.3341192068306                                1264.1920948566108                                1259.8500738038965                                1255.212736957853                                 1253.2495999198954                                1251.13265123045
105                                               1241.7482077140576                                1263.454805216982                                 1279.0634796103495                                1274.3824972022012                                1269.5545178916059                                1267.5309536440027                                1265.3575060625467
110                                               1259.17284694091                                  1279.7191757508872                                1293.177966129097                                 1288.171503932649                                 1283.1596076121937                                1281.0775512424716                                1278.8492992023039
115                                               1275.1982723163246                                1294.9558895382756                                1306.6586627798224                                1301.3558408344552                                1296.1711027814881                                1294.032961585141                                 1291.7515546867753
120                                               1290.87934715535                                  1309.6349203471023                                1319.4387574261232                                1313.8446392195733                                1308.4923614216482                                1306.3002656668114                                1303.9679245493753
125                                               1305.8006117273235                                1323.5711682006531                                1331.5445641428164                                1325.6736878770562                                1320.161446141839                                 1317.9176352043505                                1315.5363556024308
130                                               1319.9620660322462                                1336.7646330989269                                1342.9760829299034                                1336.8429868069034                                1331.1783569420613                                1328.8850701977585                                1326.4568478459432
135                                               1333.3637100701171                                1349.2153150419254                                1353.7333137873834                                1347.3525360091148                                1341.5430938223153                                1339.2025706470354                                1336.7294012799107
140                                               1345.4114707763438                                1360.2232151364324                                1363.2051513366919                                1356.6172931091965                                1350.6843937358376                                1348.30291556386                                  1345.790379001643
145                                               1356.3910213210138                                1370.1249433296089                                1371.6854591127312                                1364.9185886702016                                1358.8769611512353                                1356.4588657036538                                1353.910818279729
150                                               1366.3546768206033                                1378.982142752267                                 1379.2280521274347                                1372.3079425501924                                1366.1711024947908                                1363.720371541941                                 1361.140353968823
155                                               1375.3024372751138                                1386.7948134044073                                1385.8329303808014                                1378.7853547491686                                1372.5668177665038                                1370.0874330787206                                1367.478986068927
156.71911415699367                                1378.1441910746266                                1389.2396824942948                                1387.8872088790217                                1380.8017615656408                                1374.5582576696884                                1372.0699410361822                                1369.4525373070173
