% Model:              batchmodel_BILLETTA_r_0.0257427_COIL_kr_2.4069_COIL_kw_3.2356_FUNZ_freq_7167.5_FUNZ_I_eff_85.0125.mph
% Version:            COMSOL 5.6.0.280
% Date:               Jan 27 2022, 14:26
% Table:              Tabella delle sonde 1 - 
% Tempo (s)                                       Temperatura (degC), Punto: (0, 0.5)               Temperatura (degC), Punto: (0.5*BILLETTA_r, 0.5)  Temperatura (degC), Punto: (BILLETTA_r-10*FUNZ_depth_billetta, 0.5)Temperatura (degC), Punto: (BILLETTA_r-5*FUNZ_depth_billetta, 0.5)Temperatura (degC), Punto: (BILLETTA_r-2*FUNZ_depth_billetta, 0.5)Temperatura (degC), Punto: (BILLETTA_r-FUNZ_depth_billetta, 0.5)Temperatura (degC), Punto: (BILLETTA_r-0.01[mm], 0.5)
0                                                 19.999999999999943                                20                                                20.00000000027984                                 20.001482020661854                                20.309933102925186                                20.61308458128923                                 20.89473056745328
5                                                 63.436036854986014                                174.7695720210337                                 716.8751813479174                                 875.2914726896369                                 953.013056589462                                  966.5130801871379                                 970.8109748833464
10                                                246.28876105004713                                416.263600415445                                  1064.0040120704662                                1123.7566747399464                                1138.59475794643                                  1139.899778574189                                 1139.4024011970832
15                                                423.52666629623957                                589.1628752080405                                 1125.5310609216745                                1152.5169885840291                                1157.7392046539221                                1157.6200147409263                                1156.6124205222927
20                                                558.3126532158626                                 707.5927422047736                                 1155.8340178794847                                1170.6051618593265                                1172.533047954093                                 1171.9287966310444                                1170.7318706573346
25                                                657.3549319457724                                 805.4367788405306                                 1181.3524010363417                                1190.779094615652                                 1191.2038145254328                                1190.354722821441                                 1189.0380740646824
30                                                724.0151410413781                                 905.9960651667001                                 1208.4779195004207                                1215.2775023827503                                1214.895732444284                                 1213.8906924141752                                1212.4743726405027
35                                                776.4681310377406                                 997.307994195672                                  1240.5146649850494                                1245.9102035431724                                1245.019089079698                                 1243.8895433364373                                1242.373588068017
40                                                866.8486534259515                                 1077.4305573614292                                1279.4143329989101                                1283.846217871927                                 1282.5032559414458                                1281.2398731661842                                1279.6032275631555
45                                                988.5872914420914                                 1150.5943562337825                                1323.9689934092967                                1327.359589196239                                 1325.4817909345047                                1324.0569864632403                                1322.2747652025978
50                                                1088.894112697756                                 1215.7654799164893                                1363.6175654755848                                1365.631560942939                                 1363.1625791929023                                1361.5771105233648                                1359.6570109234467
55                                                1169.905714876597                                 1273.1169736287438                                1392.5756639157544                                1393.0795266538903                                1390.074022410828                                 1388.359417976686                                 1386.3347900034464
55.82126026450423                                 1183.2120368432584                                1282.5370742079117                                1397.332091032657                                 1397.587911369866                                 1394.4942822058965                                1392.7584669573162                                1390.7166699841719
