% Model:              batchmodel_BILLETTA_r_0.0257427_COIL_kr_1.4848_COIL_kw_5.8583_FUNZ_freq_2540.9_FUNZ_I_eff_61.5962.mph
% Version:            COMSOL 5.6.0.280
% Date:               Jan 27 2022, 12:20
% Table:              Tabella delle sonde 1 - 
% Tempo (s)                                       Temperatura (degC), Punto: (0, 0.5)               Temperatura (degC), Punto: (0.5*BILLETTA_r, 0.5)  Temperatura (degC), Punto: (BILLETTA_r-10*FUNZ_depth_billetta, 0.5)Temperatura (degC), Punto: (BILLETTA_r-5*FUNZ_depth_billetta, 0.5)Temperatura (degC), Punto: (BILLETTA_r-2*FUNZ_depth_billetta, 0.5)Temperatura (degC), Punto: (BILLETTA_r-FUNZ_depth_billetta, 0.5)Temperatura (degC), Punto: (BILLETTA_r-0.01[mm], 0.5)
0                                                 20                                                19.999999999999943                                20.00000000000273                                 20.000008189257642                                20.03963488445146                                 20.13050140480783                                 20.220143493691353
5                                                 36.48207459660375                                 74.27700721311174                                 189.52786205855608                                231.20065739642297                                257.7126337284162                                 263.8141344497719                                 266.26469882158824
10                                                108.7940039159846                                 179.4367235134706                                 342.9442415890352                                 399.3912007893813                                 432.59749963692525                                439.6358612031188                                 442.3076026954858
15                                                210.73052851652648                                297.04875389261144                                502.23473236727875                                574.8201165656719                                 614.9227191717727                                 622.8279693947884                                 625.6164647025292
20                                                319.32822213641                                   416.1346167157441                                 649.2352620942963                                 733.4860499595524                                 779.3390784021418                                 787.9774273680531                                 790.7175806130714
25                                                421.1051645326979                                 523.6468951176494                                 777.307408002286                                  889.3505569564303                                 942.9644889961561                                 951.9343870930646                                 954.2455437811615
30                                                512.1628209624066                                 616.3935607349789                                 917.0394329833163                                 1023.5737793309453                                1061.7513180555493                                1066.7314261852507                                1067.1297510217769
35                                                592.0539686717755                                 694.0497147700593                                 1008.5358622845216                                1073.9669694313188                                1088.3533324506488                                1088.8559568740939                                1087.5260952650256
40                                                658.5293572476012                                 758.0192817187082                                 1046.151116193324                                 1085.3157725272386                                1093.2042457693037                                1093.1150285348454                                1091.646722959953
45                                                709.5251110364511                                 819.7541864570629                                 1066.5819245626772                                1091.8861948763688                                1096.1066630798018                                1095.4963592571485                                1093.845739147393
50                                                745.2811303806429                                 879.3011457235604                                 1081.282254968326                                 1098.5208495688698                                1100.4478520777088                                1099.4915544359906                                1097.7103219049995
55                                                781.8042003811228                                 931.82359881539                                   1093.370661271092                                 1105.1769756626923                                1105.473060111503                                 1104.2609548105888                                1102.3767900111407
60                                                836.1151246890003                                 977.036964122594                                  1103.8294528452293                                1111.5631394170728                                1110.6222899980385                                1109.2116811694368                                1107.2438322411667
65                                                904.9966894304786                                 1017.225634501808                                 1113.5510431471735                                1118.0260448181311                                1116.085032990367                                 1114.5092442905948                                1112.4676870953504
70                                                964.5914319111652                                 1052.061916071002                                 1123.0229171157698                                1124.8970313826476                                1122.1299106235488                                1120.4121013851136                                1118.302450139327
75                                                1015.7065352437256                                1081.316330728444                                 1132.2016202166087                                1132.1572844573534                                1128.7463992726762                                1126.9110016632621                                1124.7393312900508
80                                                1049.1710064267536                                1101.8162078436376                                1140.9252240643495                                1139.629788650801                                 1135.7663467994958                                1133.840338755931                                 1131.6140876590289
85                                                1082.6354776097824                                1122.3160849588317                                1149.6488279120904                                1147.1022928442485                                1142.7862943263149                                1140.769675848599                                 1138.4888440280074
90                                                1105.7835580259434                                1138.3503717175568                                1158.9920670514402                                1155.57144560408                                  1150.906991813445                                 1148.8121178780748                                1146.4767142375558
95                                                1127.9719314434556                                1153.935204732053                                 1168.3301809365698                                1164.0785919220157                                1159.0789169025147                                1156.9076428782769                                1154.5180466558363
100                                               1145.064617732111                                 1167.0797163322945                                1177.5416873082931                                1172.7008169016894                                1167.441809590072                                 1165.2051047814593                                1162.763928805798
105                                               1160.7480350864498                                1179.4068211292565                                1186.4502776413933                                1181.0832786889873                                1175.5871017370482                                1173.288863477816                                 1170.7979803698718
110                                               1172.703178855163                                 1189.5714457074569                                1194.5574922839037                                1188.8314379984731                                1183.1567235290518                                1180.8072623611743                                1178.2716262095582
115                                               1184.6583226238763                                1199.7360702856572                                1202.664706926414                                 1196.5795973079594                                1190.7263453210558                                1188.325661244533                                 1185.7452720492447
120                                               1196.61346639259                                  1209.9006948638576                                1210.7719215689244                                1204.3277566174456                                1198.2959671130602                                1195.8440601278917                                1193.2189178889312
125                                               1207.0162065980635                                1218.998684209154                                 1218.281528191927                                 1211.54597691239                                  1205.3649967734054                                1202.8691934848662                                1200.2046387597243
130                                               1216.245632479959                                 1227.290505347656                                 1225.339459705584                                 1218.3636666680418                                1212.0556764143003                                1209.5215143070482                                1206.8215835156016
135                                               1225.4750583618552                                1235.5823264861583                                1232.3973912192414                                1225.1813564236936                                1218.7463560551955                                1216.1738351292302                                1213.4385282714784
140                                               1234.7044842437508                                1243.87414762466                                  1239.4553227328988                                1231.9990461793454                                1225.4370356960908                                1222.8261559514121                                1220.0554730273552
145                                               1242.725537006725                                 1251.211341503666                                 1245.8344784976894                                1238.179618376526                                 1231.5086253240174                                1228.863867961637                                 1226.061482236718
150                                               1250.557629319807                                 1258.3992546732543                                1252.107490084929                                 1244.2605607337182                                1237.4834041858458                                1234.805469957665                                 1231.9719558421216
155                                               1258.3897216328892                                1265.587167842843                                 1258.3805016721685                                1250.341503090911                                 1243.458183047675                                 1240.7470719536927                                1237.8824294475253
160                                               1265.9766702342513                                1272.56526464725                                  1264.4858902011506                                1256.2618352294749                                1249.2756281373408                                1246.532225416876                                 1243.637218500065
165                                               1272.2766339555224                                1278.4418423154357                                1269.7112710806678                                1261.3389765657375                                1254.2670835066033                                1251.4960365952793                                1248.574676101624
170                                               1278.5765976767943                                1284.3184199836214                                1274.936651960184                                 1266.4161179020011                                1259.2585388758662                                1256.4598477736827                                1253.5121337031824
175                                               1284.8765613980654                                1290.1949976518067                                1280.1620328397012                                1271.4932592382638                                1264.2499942451282                                1261.423658952086                                 1258.4495913047413
180                                               1291.176525119337                                 1296.0715753199925                                1285.3874137192179                                1276.5704005745274                                1269.241449614391                                 1266.3874701304894                                1263.3870489062997
185                                               1297.2770189102894                                1301.7684455921853                                1290.4586481071992                                1281.4982030410138                                1274.0860633195134                                1271.2051801137159                                1268.1790759476512
190                                               1302.3303115205485                                1306.5218664082995                                1294.7206257431576                                1285.6419883852045                                1278.1597700322009                                1275.2558705073457                                1272.2076041793598
195                                               1307.3836041308073                                1311.2752872244132                                1298.9826033791164                                1289.7857737293948                                1282.2334767448888                                1279.3065609009755                                1276.236132411068
200                                               1312.436896741066                                 1316.0287080405274                                1303.2445810150743                                1293.929559073585                                 1286.3071834575767                                1283.3572512946052                                1280.264660642776
205                                               1317.4901893513252                                1320.7821288566415                                1307.5065586510332                                1298.0733444177754                                1290.3808901702641                                1287.4079416882346                                1284.2931888744843
210                                               1322.3846450492792                                1325.3871132972108                                1311.6363592159519                                1302.0885282410168                                1294.328007595007                                 1291.3326844077296                                1288.1963760915837
215                                               1326.445219661311                                 1329.2128186380178                                1315.0722407293524                                1305.4285643647431                                1297.6105413825676                                1294.5962119112291                                1291.4415330066822
220                                               1330.5057942733429                                1333.0385239788243                                1318.508122242753                                 1308.76860048847                                  1300.8930751701287                                1297.8597394147287                                1294.6866899217812
225                                               1334.5663688853751                                1336.8642293196317                                1321.944003756153                                 1312.1086366121963                                1304.1756089576897                                1301.1232669182282                                1297.9318468368801
230                                               1338.626943497407                                 1340.6899346604387                                1325.3798852695531                                1315.4486727359226                                1307.4581427452504                                1304.3867944217277                                1301.177003751979
235                                               1342.6156210138265                                1344.4482489097772                                1328.7560944422353                                1318.7307107787865                                1310.6836194674233                                1307.593565211207                                 1304.3656877750277
240                                               1346.1258274769998                                1347.758079305359                                 1331.7351876052935                                1321.626774915469                                 1313.5293846875002                                1310.4226233197369                                1307.1785479360865
245                                               1349.4618669173078                                1350.9046582417736                                1334.5697275865891                                1324.3823416789314                                1316.2369320960324                                1313.114191202489                                 1309.85460541552
250                                               1352.6237393347515                                1353.887985719021                                 1337.2597143861221                                1326.9974110691737                                1318.8062616930192                                1315.6682688594633                                1312.3938602133267
