% Model:              batchmodel_BILLETTA_r_0.0131664_COIL_kr_2.4069_COIL_kw_4.5299_FUNZ_freq_2540.9_FUNZ_I_eff_61.5962.mph
% Version:            COMSOL 5.6.0.401
% Date:               Jan 27 2022, 13:18
% Table:              Tabella delle sonde 1 - 
% Tempo (s)                                       Temperatura (degC), Punto: (0, 0.5)               Temperatura (degC), Punto: (0.5*BILLETTA_r, 0.5)  Temperatura (degC), Punto: (BILLETTA_r-10*FUNZ_depth_billetta, 0.5)Temperatura (degC), Punto: (BILLETTA_r-5*FUNZ_depth_billetta, 0.5)Temperatura (degC), Punto: (BILLETTA_r-2*FUNZ_depth_billetta, 0.5)Temperatura (degC), Punto: (BILLETTA_r-FUNZ_depth_billetta, 0.5)Temperatura (degC), Punto: (BILLETTA_r-0.01[mm], 0.5)
0                                                 20                                                20                                                20.000000000003354                                20.000009435709615                                20.02870722560931                                 20.09301593671489                                 20.161064345178545
5                                                 156.72009132678403                                195.85405805339485                                237.62661448095133                                278.7771763004898                                 305.35378565339533                                311.3561620918174                                 313.719114699006
10                                                370.17284213787457                                424.4497582495586                                 483.9839153896245                                 543.7826229118916                                 578.0325404464259                                 584.8871459108287                                 587.3198874189701
15                                                566.225357419315                                  627.7357557016401                                 695.7018961626798                                 768.3855515377194                                 809.42707601972                                   817.0147792716035                                 819.2522408695239
20                                                706.5647981817733                                 781.5772567630489                                 895.2032972669382                                 993.1251301556678                                 1031.5000282421356                                1036.9981542210708                                1037.7269962475111
25                                                850.0904421771621                                 959.1992318997644                                 1038.9363482863891                                1076.5179237341808                                1084.6152373498853                                1084.6045080658491                                1083.194412458825
30                                                1027.9119242639345                                1072.6736880847889                                1094.8324110191256                                1102.0232756332643                                1101.1608396656902                                1099.8009228156388                                1097.8833341512118
35                                                1113.7756384341765                                1123.3270231081256                                1125.861983993826                                 1123.7788318711168                                1119.9288086689335                                1118.0619174353374                                1115.9100746698841
40                                                1139.694931686242                                 1142.0541578822504                                1141.0057504307233                                1136.9095371549033                                1132.2674832389735                                1130.238159534375                                 1127.9894460461583
45                                                1150.039291445164                                 1150.909418193849                                 1148.739817852449                                 1143.9642496661595                                1139.022698132761                                 1136.924672559191                                 1134.6293675564602
50                                                1155.5606117446764                                1155.8078464358086                                1153.0835260542258                                1147.9537396080996                                1142.8565639562735                                1140.7222677418322                                1138.4014662218533
55                                                1159.348051156413                                 1159.027854204388                                 1155.9059444372115                                1150.5228375022925                                1145.3191498363208                                1143.1608107378183                                1140.823402514588
60                                                1160.733350226862                                 1160.203175384062                                 1156.940372274547                                 1151.4685129011145                                1146.2266569459493                                1144.0595697245453                                1141.7160715600244
65                                                1162.0451949270368                                1161.3205170024553                                1157.9251425600232                                1152.3700077652015                                1147.0920486294049                                1144.9166442114297                                1142.5673452523556
70                                                1163.3570396272112                                1162.437858620849                                 1158.9099128454995                                1153.271502629288                                 1147.95744031286                                  1145.773718698314                                 1143.4186189446868
75                                                1164.15300754809                                  1163.125693750142                                 1159.5226044209267                                1153.8365532496873                                1148.5014632421621                                1146.3127805491504                                1143.95411985922
80                                                1164.7997616258162                                1163.6892970541821                                1160.02767476487                                  1154.3042896651796                                1148.9525324491779                                1146.759859411994                                 1144.3982856494972
85                                                1165.446515703543                                 1164.2529003582217                                1160.5327451088137                                1154.7720260806718                                1149.4036016561936                                1147.2069382748368                                1144.8424514397743
90                                                1165.8332211640777                                1164.5939541504504                                1160.8406575101649                                1155.0585364127091                                1149.680417360702                                 1147.4813909606287                                1145.1151442081577
95                                                1166.0501201868224                                1164.7896876551072                                1161.019829800242                                 1155.2267098122193                                1149.8434490856876                                1147.6431222771967                                1145.275868594093
100                                               1166.267019209567                                 1164.985421159764                                 1161.1990020903204                                1155.3948832117303                                1150.006480810673                                 1147.8048535937646                                1145.4365929800274
105                                               1166.4839182323112                                1165.1811546644203                                1161.378174380398                                 1155.5630566112409                                1150.1695125356591                                1147.9665849103326                                1145.5973173659627
110                                               1166.7008172550559                                1165.3768881690776                                1161.557346670476                                 1155.7312300107515                                1150.3325442606447                                1148.1283162269006                                1145.758041751898
115                                               1166.794579499769                                 1165.4644674026904                                1161.6391224756826                                1155.8088988653108                                1150.408177212394                                 1148.2034018266513                                1145.8326783428388
120                                               1166.8079359424278                                1165.4814241054232                                1161.6573003647463                                1155.8274700997868                                1150.4267405495812                                1148.221909542307                                 1145.8511013612442
125                                               1166.8212923850865                                1165.498380808156                                 1161.67547825381                                  1155.8460413342623                                1150.4453038867687                                1148.2404172579622                                1145.8695243796496
130                                               1166.8346488277448                                1165.515337510889                                 1161.6936561428743                                1155.8646125687383                                1150.4638672239557                                1148.2589249736175                                1145.887947398055
135                                               1166.8480052704035                                1165.5322942136218                                1161.711834031938                                 1155.8831838032143                                1150.4824305611428                                1148.2774326892732                                1145.9063704164605
140                                               1166.8283913759678                                1165.5182159176097                                1161.7009269256932                                1155.8740638328582                                1150.4740009390534                                1148.2691379568491                                1145.8981496516508
145                                               1166.7872485245425                                1165.4838724010374                                1161.6710279113208                                1155.8468620711                                   1150.447945465653                                 1148.2433417730372                                1145.8725310403697
150                                               1166.7461056731167                                1165.4495288844646                                1161.641128896948                                 1155.819660309342                                 1150.421889992252                                 1148.2175455892252                                1145.8469124290882
155                                               1166.7049628216914                                1165.4151853678923                                1161.6112298825751                                1155.7924585475835                                1150.3958345188512                                1148.1917494054132                                1145.8212938178067
160                                               1166.663819970266                                 1165.3808418513195                                1161.5813308682023                                1155.7652567858254                                1150.3697790454503                                1148.1659532216013                                1145.7956752065256
165                                               1166.6263868138758                                1165.3484143426108                                1161.5524155003282                                1155.7385461590766                                1150.3440398471726                                1148.1404444395034                                1145.7703335042397
170                                               1166.591376012605                                 1165.3172379479188                                1161.524142433535                                 1155.7121562334623                                1150.318507170094                                 1148.1151233248565                                1145.7451726178742
175                                               1166.5563652113347                                1165.2860615532268                                1161.4958693667418                                1155.6857663078476                                1150.2929744930152                                1148.08980221021                                  1145.7200117315087
180                                               1166.5213544100639                                1165.2548851585348                                1161.467596299949                                 1155.659376382233                                 1150.2674418159363                                1148.0644810955637                                1145.6948508451433
185                                               1166.486343608793                                 1165.2237087638428                                1161.4393232331558                                1155.6329864566187                                1150.2419091388574                                1148.0391599809168                                1145.6696899587773
190                                               1166.4584297374818                                1165.198615072024                                 1161.4164390744231                                1155.6115579055613                                1150.2211518673143                                1148.0185706712819                                1145.6492296027309
195                                               1166.4351500165408                                1165.177493260995                                 1161.3970737626328                                1155.593369030797                                 1150.2035128380903                                1148.0010711337118                                1145.6318385970153
200                                               1166.4118702955993                                1165.1563714499662                                1161.377708450842                                 1155.5751801560323                                1150.1858738088663                                1147.983571596143                                 1145.6144475912993
205                                               1166.3885905746579                                1165.1352496389372                                1161.3583431390516                                1155.5569912812675                                1150.1682347796423                                1147.9660720585734                                1145.5970565855837
210                                               1166.365310853717                                 1165.1141278279083                                1161.3389778272608                                1155.5388024065032                                1150.1505957504182                                1147.9485725210047                                1145.5796655798677
215                                               1166.3498344458876                                1165.0999428001296                                1161.325897598032                                 1155.5264795897438                                1150.1386327402797                                1147.9367021160692                                1145.5678681338095
220                                               1166.3394534422064                                1165.09028735019                                  1161.316921399397                                 1155.5179871890982                                1150.1303760547212                                1147.9285074198183                                1145.5597231680072
225                                               1166.3290724385251                                1165.0806319002504                                1161.3079452007628                                1155.5094947884527                                1150.1221193691626                                1147.9203127235673                                1145.5515782022053
230                                               1166.3186914348435                                1165.0709764503108                                1161.2989690021282                                1155.5010023878071                                1150.113862683604                                 1147.9121180273164                                1145.5434332364034
235                                               1166.3083104311618                                1165.0613210003712                                1161.289992803493                                 1155.4925099871616                                1150.1056059980456                                1147.903923331065                                 1145.5352882706015
240                                               1166.3028143049892                                1165.0560704931231                                1161.285041441717                                 1155.4877926745457                                1150.1010089402494                                1147.899359154358                                 1145.5307512518152
245                                               1166.302820045747                                 1165.055781299333                                 1161.284623277912                                 1155.4873272662926                                1150.100533743222                                 1147.8988840536576                                1145.5302778854625
250                                               1166.3057070170762                                1165.058090257804                                 1161.286579069847                                 1155.4890885052832                                1150.1022170919036                                1147.9005503298663                                1145.5319325821415
