% Model:              batchmodel_BILLETTA_r_0.0131664_COIL_kr_1.4848_COIL_kw_5.8583_FUNZ_freq_4639.7_FUNZ_I_eff_61.5962.mph
% Version:            COMSOL 5.6.0.401
% Date:               Jan 27 2022, 12:15
% Table:              Tabella delle sonde 1 - 
% Tempo (s)                                       Temperatura (degC), Punto: (0, 0.5)               Temperatura (degC), Punto: (0.5*BILLETTA_r, 0.5)  Temperatura (degC), Punto: (BILLETTA_r-10*FUNZ_depth_billetta, 0.5)Temperatura (degC), Punto: (BILLETTA_r-5*FUNZ_depth_billetta, 0.5)Temperatura (degC), Punto: (BILLETTA_r-2*FUNZ_depth_billetta, 0.5)Temperatura (degC), Punto: (BILLETTA_r-FUNZ_depth_billetta, 0.5)Temperatura (degC), Punto: (BILLETTA_r-0.01[mm], 0.5)
0                                                 20                                                20.000000000000057                                20.000000000006878                                20.000022217418405                                20.076541677715966                                20.23781196225991                                 20.386886726606235
5                                                 210.00012797583014                                268.4288887595436                                 365.09662301612013                                420.5633186747914                                 453.36621720196126                                460.227380760615                                  462.8232931686182
10                                                486.9731567657051                                 565.5197928718802                                 699.8180066092101                                 784.7756789170568                                 830.9560184970502                                 839.7367371036202                                 842.5268311535598
15                                                690.1408926715019                                 778.3868588838901                                 980.7667342936355                                 1055.5456298399472                                1077.273152275041                                 1079.6238451867325                                1079.4047212099836
20                                                846.0148405036399                                 969.9064193035639                                 1077.2201814864443                                1097.1710527831933                                1100.6058282372574                                1100.1815682040938                                1098.9699511661038
25                                                1036.2310679084962                                1085.9753302213453                                1118.9119636653822                                1122.908555855855                                 1121.6553367430406                                1120.5007595183492                                1118.9934234414386
30                                                1122.2628248703104                                1142.1056537402237                                1153.126857573326                                 1152.1423707291292                                1149.1842973439384                                1147.7099595968334                                1146.02596162578
35                                                1162.1555209158887                                1173.3942960819227                                1177.9813667209191                                1175.3220415454898                                1171.696607118034                                 1170.0694230495692                                1168.2758736816845
40                                                1189.9924520834847                                1197.3698848889535                                1198.6348428248389                                1195.0030788712384                                1190.947903342647                                 1189.2105450349936                                1187.3291172101954
45                                                1210.6390177949825                                1216.2458979607618                                1215.780114443121                                 1211.577584215594                                 1207.2427061473122                                1205.4261447422732                                1203.4761716039825
50                                                1228.3452451575763                                1232.8378520359747                                1231.1919048957816                                1226.567753772978                                 1222.0142932587833                                1220.1327988549206                                1218.124467226005
55                                                1243.9854645724                                   1247.6588373769177                                1245.1050983509822                                1240.1389122442165                                1235.400254365199                                 1233.461952511455                                 1231.4015458761787
60                                                1258.165925714059                                 1261.2285273081998                                1257.9594433310144                                1252.7074544501365                                1247.8071877643051                                1245.8178196473505                                1243.709777663436
65                                                1269.879069678022                                 1272.4843013675904                                1268.6633166326997                                1263.1831601608696                                1258.1503394531428                                1256.1183103283088                                1253.9700505458768
70                                                1280.0989523741828                                1282.3396551730775                                1278.0656888165677                                1272.3922465223136                                1267.2444562302958                                1265.17485309748                                  1262.9908647408593
75                                                1290.318835070344                                 1292.1950089785646                                1287.4680610004357                                1281.601332883757                                 1276.3385730074483                                1274.2313958666514                                1272.0116789358422
80                                                1300.5387177665043                                1302.0503627840512                                1296.8704331843037                                1290.8104192452006                                1285.4326897846008                                1283.2879386358227                                1281.0324931308242
85                                                1309.0298623864378                                1310.2487009213492                                1304.6998380141072                                1298.4796015155262                                1293.0053273968956                                1290.8287590521254                                1288.5429185848357
90                                                1316.7693413299094                                1317.7265587150569                                1311.8453072110337                                1305.4792242578624                                1299.9164167495655                                1297.710534305159                                 1295.396617961996
95                                                1324.508820273381                                 1325.2044165087646                                1318.9907764079599                                1312.4788470001977                                1306.8275061022355                                1304.592309558192                                 1302.250317339157
100                                               1332.2482992168525                                1332.6822743024723                                1326.136245604886                                 1319.4784697425334                                1313.7385954549059                                1311.4740848112256                                1309.1040167163178
105                                               1338.3164899476023                                1338.5454325111073                                1331.7379835810307                                1324.9645804576398                                1319.1540023147763                                1316.865956195118                                 1314.4732718620871
110                                               1343.888133072222                                 1343.9288558616336                                1336.88107173463                                  1330.0010196150524                                1324.1250348556773                                1321.8151701163683                                1319.4014916293263
115                                               1349.4597761968416                                1349.3122792121608                                1342.0241598882299                                1335.037458772465                                 1329.0960673965778                                1326.764384037619                                 1324.329711396565
120                                               1355.0314193214617                                1354.695702562687                                 1347.1672480418292                                1340.0738979298776                                1334.0670999374784                                1331.7135979588697                                1329.2579311638037
125                                               1359.6220345095203                                1359.1371177986748                                1351.4167399684675                                1344.2364668720306                                1338.1755175042272                                1335.803781160373                                 1333.3304783528956
130                                               1363.5836244707634                                1362.9745269245136                                1355.093266999409                                 1347.8387190384055                                1341.730835042375                                 1339.3431625210806                                1336.8543769077437
135                                               1367.0584909890963                                1366.3445717524855                                1358.326448620961                                 1351.0074125832812                                1344.8581780912364                                1342.456347670754                                 1339.9537453470684
140                                               1370.046634064519                                 1369.247252282592                                 1361.1162848331219                                1353.7425475066575                                1347.5575466508112                                1345.1433366093934                                1342.6285836708698
145                                               1372.5480536970308                                1371.6825685148324                                1363.4627756358918                                1356.0441238085336                                1349.8289407211005                                1347.4041293369987                                1344.878891879148
150                                               1374.9566747113586                                1374.02308662239                                  1365.712952129138                                 1358.2504624141056                                1352.0066237568012                                1349.5718994234912                                1347.0369366044238
155                                               1377.0980256138914                                1376.1037949770976                                1367.7131123105441                                1360.2117191058146                                1353.9425486165837                                1351.4990824435622                                1348.955555109003
160                                               1378.9121818564981                                1377.868018147055                                 1369.410465189184                                 1361.876427900068                                 1355.585866546514                                 1353.1349954385005                                1350.5842023991108
165                                               1380.3991434391787                                1379.3157561322619                                1370.805010765058                                 1363.2445887968643                                1356.936577546594                                 1354.4796384083052                                1351.922878474748
170                                               1381.5589103619327                                1380.4470089327192                                1371.896749038166                                 1364.3162017962063                                1357.994681616823                                 1355.5330113529767                                1352.9715833359132
175                                               1382.793947045122                                 1381.644839071747                                 1373.0451634765727                                1365.4416850849575                                1359.105700355588                                 1356.6391311848183                                1354.0729521674134
180                                               1383.9259997607815                                1382.7395860293814                                1374.0910368548984                                1366.46583650115                                  1360.1166003271633                                1357.6456309019318                                1355.0752299421365
185                                               1384.893844902234                                 1383.6729776501866                                1374.9796839057194                                1367.3353498041342                                1360.974820168687                                 1358.5001780369898                                1355.9262943836097
190                                               1385.6974824694803                                1384.445013934163                                 1375.7111046290356                                1368.0502249939082                                1361.680359880159                                 1359.202772589992                                 1356.626145491833
195                                               1386.3369124625192                                1385.0556948813105                                1376.2852990248475                                1368.6104620704732                                1362.2332194615792                                1359.7534145609388                                1357.174783266807
200                                               1387.048911828641                                 1385.7377260171465                                1376.9294376299913                                1369.2394915707455                                1362.8538487420487                                1360.3714157119907                                1357.7903468371387
205                                               1387.7286107423024                                1386.3880407714532                                1377.542905351489                                 1369.8383548684924                                1363.444609267388                                 1360.9596416451386                                1358.3762211707353
210                                               1388.3399902712513                                1386.9712395639317                                1378.0911446014102                                1370.3730633112527                                1363.9719658157333                                1361.4847302632961                                1358.8992225536213
215                                               1388.8830504154876                                1387.4873223945824                                1378.5741553797534                                1370.843616899026                                 1364.4359183870847                                1361.9466815664632                                1359.3593509857965
220                                               1389.3577911750117                                1387.9362892634044                                1378.99193768652                                  1371.250015631812                                 1364.8364669814423                                1362.3454955546395                                1359.7566064672615
225                                               1389.8624533176335                                1388.417753288361                                 1379.4451590443596                                1371.6921246925913                                1365.272354656785                                 1362.779415823516                                 1360.188686692864
230                                               1390.3535254614417                                1388.887595266032                                 1379.8892332481578                                1372.1257132369483                                1365.6998475640944                                1363.2049297386961                                1360.6123208107256
235                                               1390.8160630453176                                1389.3306618709416                                1380.3088465745154                                1372.535589594826                                 1366.1039247329745                                1363.607092308881                                 1361.0126468729559
240                                               1391.2500660692613                                1389.746953103091                                 1380.7039990234316                                1372.921753766224                                 1366.4845861634244                                1363.9859035340687                                1361.3896648795553
245                                               1391.6555345332722                                1390.1364689624802                                1381.0746905949059                                1373.2842057511425                                1366.841831855445                                 1364.3413634142598                                1361.7433748305239
250                                               1392.0623790396262                                1390.528316854029                                 1381.4483282098054                                1373.6497225599232                                1367.2022092975408                                1364.6999823118995                                1362.1002743940612
