% Model:              batchmodel_BILLETTA_r_0.0131664_COIL_kr_2.7711_COIL_kw_5.3284_FUNZ_freq_2540.9_FUNZ_I_eff_61.5962.mph
% Version:            COMSOL 5.6.0.401
% Date:               Jan 27 2022, 13:48
% Table:              Tabella delle sonde 1 - 
% Tempo (s)                                       Temperatura (degC), Punto: (0, 0.5)               Temperatura (degC), Punto: (0.5*BILLETTA_r, 0.5)  Temperatura (degC), Punto: (BILLETTA_r-10*FUNZ_depth_billetta, 0.5)Temperatura (degC), Punto: (BILLETTA_r-5*FUNZ_depth_billetta, 0.5)Temperatura (degC), Punto: (BILLETTA_r-2*FUNZ_depth_billetta, 0.5)Temperatura (degC), Punto: (BILLETTA_r-FUNZ_depth_billetta, 0.5)Temperatura (degC), Punto: (BILLETTA_r-0.01[mm], 0.5)
0                                                 20                                                20                                                20.000000000002842                                20.000007822702628                                20.02792559106979                                 20.09346702724463                                 20.16083135361464
5                                                 157.3483129008315                                 195.56822922499936                                236.64188934601026                                277.1031135744299                                 302.79457102491835                                308.83168226681425                                311.2403759478483
10                                                371.27948069801073                                424.6580820907308                                 482.8895705166119                                 541.4363426238612                                 575.0529967806821                                 581.7593906174732                                 584.1504414898471
15                                                563.9781204548381                                 624.2181486846896                                 690.687103432397                                  761.9950141465857                                 800.1076602299016                                 806.9814427503494                                 808.9947672773584
20                                                703.5332466354097                                 776.4368363064867                                 890.6354952814442                                 989.9226289059017                                 1029.5600747427966                                1035.3215897599093                                1036.1533481845713
25                                                842.5032507305924                                 954.4505336402336                                 1036.501985533589                                 1075.6523228471551                                1084.1767929768575                                1084.2271276162287                                1082.8386443673899
30                                                1024.5682094168865                                1070.7796584828475                                1093.7880737649116                                1101.375253190878                                 1100.6363732111463                                1099.296619890013                                 1097.387637912993
35                                                1112.6473230320498                                1123.163640063115                                 1126.008975513898                                 1123.9788313320896                                1120.1338555389316                                1118.2665201393825                                1116.1137909736644
40                                                1140.913356014542                                 1142.6870141107452                                1141.3661045983354                                1137.1801072798262                                1132.5106113172537                                1130.476369085069                                 1128.225138097088
45                                                1150.297408890608                                 1151.073460626651                                 1148.8506186946715                                1144.0534417399645                                1139.1059001822023                                1137.0068264886454                                1134.7108974556322
50                                                1155.5342513033056                                1155.770280086438                                 1153.0383377401545                                1147.8950843300827                                1142.7939289168976                                1140.6592583240836                                1138.3385610476203
55                                                1158.9436654028768                                1158.705490854827                                 1155.6356385309346                                1150.2759508349727                                1145.0812020967132                                1142.9249338290679                                1140.5890427437744
60                                                1160.4382202006232                                1159.963808916194                                 1156.7419027124524                                1151.2897257462841                                1146.0553548780745                                1143.889933414945                                 1141.5475845153774
65                                                1161.7815723736117                                1161.1061891600657                                1157.747224997047                                 1152.2110415346847                                1146.9403749434564                                1144.766554409362                                 1142.4183089507083
70                                                1163.1249245466001                                1162.2485694039383                                1158.7525472816415                                1153.1323573230852                                1147.8253950088388                                1145.6431754037785                                1143.2890333860391
75                                                1163.9230203891548                                1162.936849235602                                 1159.3639432000336                                1153.6960283477397                                1148.3681555616995                                1146.1810032287958                                1143.8233148445047
80                                                1164.634965473408                                 1163.5533809871913                                1159.913098566104                                 1154.2031913304331                                1148.8568389495767                                1146.6653015726824                                1144.3044381533732
85                                                1165.346910557661                                 1164.1699127387806                                1160.4622539321745                                1154.710354313127                                 1149.3455223374535                                1147.1495999165695                                1144.7855614622417
90                                                1165.6580451767877                                1164.445008240922                                 1160.7104132976833                                1154.9411697347077                                1149.568526488938                                 1147.3707026740944                                1145.0052475154625
95                                                1165.9168505367866                                1164.6755262992901                                1160.9192750422953                                1155.135905601503                                 1149.756843927336                                 1147.55744298044                                  1145.190800682727
100                                               1166.175655896785                                 1164.9060443576577                                1161.1281367869074                                1155.3306414682984                                1149.9451613657334                                1147.7441832867858                                1145.3763538499907
105                                               1166.4344612567834                                1165.1365624160253                                1161.336998531519                                 1155.5253773350937                                1150.1334788041308                                1147.9309235931314                                1145.5619070172547
110                                               1166.6932666167818                                1165.3670804743924                                1161.5458602761305                                1155.7201132018895                                1150.3217962425283                                1148.117663899477                                 1145.7474601845188
115                                               1166.7489347131136                                1165.421036394253                                 1161.5972157380775                                1155.7692677405712                                1150.3697880719806                                1148.1653290255854                                1145.7948470117049
120                                               1166.7780814896842                                1165.4519406058816                                1161.6280073979356                                1155.799415382713                                 1150.3994591843075                                1148.1948366888078                                1145.824195032917
125                                               1166.8072282662552                                1165.4828448175099                                1161.6587990577937                                1155.8295630248545                                1150.4291302966335                                1148.2243443520292                                1145.8535430541292
130                                               1166.8363750428261                                1165.5137490291386                                1161.6895907176518                                1155.8597106669963                                1150.4588014089595                                1148.2538520152516                                1145.8828910753414
135                                               1166.8655218193971                                1165.5446532407673                                1161.7203823775098                                1155.8898583091373                                1150.488472521286                                 1148.2833596784735                                1145.9122390965535
140                                               1166.8343626344467                                1165.520046621848                                 1161.6999027599609                                1155.871702919987                                 1150.471249562749                                 1148.2663354457081                                1145.8953409712408
145                                               1166.7953299866954                                1165.4881925857858                                1161.672729235454                                 1155.8472411539801                                1150.4479041792779                                1148.2432360730586                                1145.8724050130973
150                                               1166.7562973389445                                1165.4563385497231                                1161.645555710947                                 1155.8227793879728                                1150.4245587958067                                1148.2201367004086                                1145.8494690549537
155                                               1166.7172646911931                                1165.424484513661                                 1161.6183821864406                                1155.798317621966                                 1150.401213412335                                 1148.1970373277586                                1145.8265330968106
160                                               1166.6782320434422                                1165.3926304775982                                1161.5912086619337                                1155.7738558559586                                1150.3778680288642                                1148.173937955109                                 1145.803597138667
165                                               1166.6403865886878                                1165.360344240171                                 1161.5627922558956                                1155.747796923436                                 1150.3528210303584                                1148.1491254358175                                1145.7789504599887
170                                               1166.6026961322068                                1165.3280015751325                                1161.5342135809665                                1155.721529467066                                 1150.3275518713517                                1148.1240892504743                                1145.7540804320065
175                                               1166.5650056757258                                1165.2956589100932                                1161.505634906037                                 1155.695262010695                                 1150.302282712345                                 1148.0990530651306                                1145.7292104040248
180                                               1166.5273152192449                                1165.2633162450547                                1161.4770562311078                                1155.6689945543244                                1150.2770135533378                                1148.074016879787                                 1145.704340376043
185                                               1166.489624762764                                 1165.2309735800154                                1161.4484775561787                                1155.6427270979539                                1150.2517443943307                                1148.0489806944438                                1145.6794703480614
190                                               1166.4685300993956                                1165.2115318648648                                1161.4304955923394                                1155.6257769114395                                1150.235285944686                                 1148.0326489536083                                1145.6632387772206
195                                               1166.449602159787                                 1165.1937744798615                                1161.4138971204216                                1155.610043174771                                 1150.2199778090508                                1148.0174536529908                                1145.6481350313793
200                                               1166.4306742201788                                1165.1760170948583                                1161.3972986485041                                1155.5943094381023                                1150.204669673416                                 1148.0022583523732                                1145.6330312855375
205                                               1166.4117462805712                                1165.158259709855                                 1161.3807001765863                                1155.5785757014341                                1150.1893615377808                                1147.9870630517557                                1145.6179275396958
210                                               1166.392818340963                                 1165.1405023248517                                1161.3641017046684                                1155.5628419647655                                1150.174053402146                                 1147.9718677511382                                1145.602823793854
215                                               1166.3815943511227                                1165.129658124275                                 1161.3537898757545                                1155.552981546949                                 1150.1644307716383                                1147.9623114618485                                1145.5933235801836
220                                               1166.3713761782928                                1165.11971649948                                  1161.3442988222428                                1155.543887941506                                 1150.155550432804                                 1147.953491394066                                 1145.5845549559112
225                                               1166.3611580054635                                1165.109774874686                                 1161.3348077687315                                1155.5347943360625                                1150.1466700939704                                1147.9446713262832                                1145.5757863316394
230                                               1166.3509398326337                                1165.0998332498916                                1161.3253167152197                                1155.5257007306195                                1150.1377897551365                                1147.9358512585013                                1145.567017707367
235                                               1166.3407216598039                                1165.0898916250972                                1161.3158256617085                                1155.5166071251765                                1150.1289094163026                                1147.9270311907194                                1145.5582490830952
240                                               1166.3369463475196                                1165.0860567737682                                1161.3120750767052                                1155.512971990916                                 1150.1253466562307                                1147.9234906845281                                1145.5547285954208
245                                               1166.334012206184                                 1165.083019214324                                 1161.30907395932                                  1155.5100495070924                                1150.1224781518763                                1147.9206394705861                                1145.5518932971913
250                                               1166.331078064848                                 1165.0799816548792                                1161.3060728419337                                1155.5071270232688                                1150.1196096475214                                1147.9177882566437                                1145.5490579989623
