% Model:              batchmodel_BILLETTA_r_0.0131664_COIL_kr_1.9397_COIL_kw_4.5299_FUNZ_freq_4639.7_FUNZ_I_eff_61.5962.mph
% Version:            COMSOL 5.6.0.401
% Date:               Jan 27 2022, 12:55
% Table:              Tabella delle sonde 1 - 
% Tempo (s)                                       Temperatura (degC), Punto: (0, 0.5)               Temperatura (degC), Punto: (0.5*BILLETTA_r, 0.5)  Temperatura (degC), Punto: (BILLETTA_r-10*FUNZ_depth_billetta, 0.5)Temperatura (degC), Punto: (BILLETTA_r-5*FUNZ_depth_billetta, 0.5)Temperatura (degC), Punto: (BILLETTA_r-2*FUNZ_depth_billetta, 0.5)Temperatura (degC), Punto: (BILLETTA_r-FUNZ_depth_billetta, 0.5)Temperatura (degC), Punto: (BILLETTA_r-0.01[mm], 0.5)
0                                                 20                                                19.999999999999943                                20.00000000000682                                 20.000022360853507                                20.053587982624663                                20.171846670129753                                20.294295664165304
5                                                 212.4883609490081                                 269.7270099854238                                 366.364999552383                                  422.30891503051043                                455.37921234758494                                462.5691529908228                                 465.3072474006166
10                                                483.0331118252242                                 559.1515622352118                                 688.4016520073636                                 768.8353943734206                                 814.4124073239476                                 822.8363066152725                                 825.5344602956578
15                                                684.239426712323                                  769.508462479523                                  969.4734106727052                                 1049.4947435255344                                1074.130379136449                                 1076.9561597421625                                1076.9105612865296
20                                                836.6622159581624                                 962.4918804202761                                 1074.5632768399323                                1095.8157908211037                                1099.628559653543                                 1099.2611004856044                                1098.0707555902854
25                                                1029.0859139047884                                1081.9816753009832                                1117.424242006413                                 1121.9066159757176                                1120.798873006147                                 1119.667575422835                                 1118.1701257572176
30                                                1119.3986101572737                                1140.1492791927308                                1151.7546435192335                                1150.9089434521247                                1148.0019260467625                                1146.5380440489803                                1144.8605345245173
35                                                1160.5988901736027                                1172.1435581225078                                1176.9557691047175                                1174.3558118966712                                1170.7548215738943                                1169.1335208109522                                1167.3444288815494
40                                                1189.0582909491768                                1196.5230316793113                                1197.8598091951499                                1194.2494668888926                                1190.2058934547154                                1188.4721978647844                                1186.594026433117
45                                                1209.3024115452708                                1215.0572872514063                                1214.7260912444872                                1210.56427215238                                  1206.250085081862                                 1204.4395687065894                                1202.4946859623642
50                                                1228.074969740037                                 1232.4935408642145                                1230.795813707196                                 1226.1622396404064                                1221.6084200699634                                1219.7278068393548                                1217.7207132216986
55                                                1243.266156025294                                 1246.9573026917888                                1244.4329773686013                                1239.4801092560438                                1234.749649934292                                 1232.8140477529128                                1230.7561712415431
60                                                1257.924793141674                                 1260.9512038537682                                1257.658935519259                                 1252.4045106780509                                1247.5052868062808                                1245.5167336896916                                1243.4097235278741
65                                                1268.742976153963                                 1271.3797698174985                                1267.6051039156782                                1262.1456886910432                                1257.125013748709                                 1255.0968818829701                                1252.9523132374743
70                                                1279.5611591662514                                1281.8083357812288                                1277.5512723120974                                1271.8868667040356                                1266.7447406911378                                1264.6770300762482                                1262.4949029470745
75                                                1290.3793421785404                                1292.2369017449591                                1287.4974407085165                                1281.6280447170275                                1276.3644676335666                                1274.2571782695268                                1272.0374926566747
80                                                1300.34018429559                                  1301.8456230615297                                1296.666846517308                                 1290.6091565159995                                1285.2333167504912                                1283.0892924223776                                1280.8346604733078
85                                                1308.6082669707907                                1309.8356186471383                                1304.3025890988079                                1298.0895709058555                                1292.619610286718                                 1290.444465848629                                 1288.1600450652186
90                                                1316.876349645992                                 1317.8256142327468                                1311.9383316803078                                1305.5699852957114                                1300.0059038229447                                1297.7996392748805                                1295.4854296571293
95                                                1325.144432321193                                 1325.8156098183554                                1319.5740742618073                                1313.0503996855678                                1307.3921973591714                                1305.1548127011315                                1302.8108142490405
100                                               1332.0637747511273                                1332.5033964686231                                1325.9655556589496                                1319.3110247223663                                1313.5730114087523                                1311.3091121812809                                1308.9396580505258
105                                               1338.0978813244687                                1338.3364877493532                                1331.5403752717152                                1324.7710498833867                                1318.9626177593627                                1316.6752267755196                                1314.2831610013332
110                                               1344.1319878978102                                1344.1695790300828                                1337.1151948844804                                1330.2310750444071                                1324.3522241099727                                1322.0413413697584                                1319.626663952141
115                                               1350.1660944711516                                1350.0026703108128                                1342.6900144972456                                1335.6911002054276                                1329.741830460583                                 1327.4074559639976                                1324.9701669029487
120                                               1355.1691664557393                                1354.8437412024346                                1347.3219812675252                                1340.228517876828                                 1334.2204493051004                                1331.8662951602983                                1329.4098806654897
125                                               1359.5389196984488                                1359.0754580417288                                1351.3747954249893                                1344.1992187562337                                1338.1394889972607                                1335.7678353873634                                1333.2944368825124
130                                               1363.394588594706                                 1362.812543411852                                 1354.9574935527717                                1347.7098981450836                                1341.6043010409953                                1339.2169988609344                                1336.7283546056883
135                                               1366.7361731445117                                1366.0549973128036                                1358.0700756508713                                1350.7605560433776                                1344.6148854363037                                1342.213785581011                                 1339.711633835016
140                                               1369.563673347865                                 1368.8028197445842                                1360.7125417192892                                1353.3511924511154                                1347.1712421831858                                1344.758195547593                                 1342.244274570497
145                                               1372.2830855669995                                1371.4418813976395                                1363.2464082416263                                1355.8349352872879                                1349.6225839380245                                1347.1983942932889                                1344.6735747588136
150                                               1374.6969085673882                                1373.784471383843                                 1365.4958116918633                                1358.0400017320617                                1351.7990325019891                                1349.365013003729                                 1346.8305876319682
155                                               1376.7553780241633                                1375.783292248877                                 1367.416439791842                                 1359.9231077215509                                1353.657783717957                                 1351.2153758712357                                1348.6727437251757
160                                               1378.4584939373253                                1377.43834399274                                  1369.0082925415613                                1361.484253255755                                 1355.1988375859287                                1352.7494828958088                                1350.200043038436
165                                               1379.8062563068738                                1378.749626615433                                 1370.2713699410224                                1362.723438334674                                 1356.4221941059031                                1353.9673340774493                                1351.4124855717487
170                                               1381.229133878233                                 1380.1282753381024                                1371.5924100409002                                1364.017949404316                                 1357.7000238448427                                1355.2395249672968                                1352.6792158295843
175                                               1382.5177205666323                                1381.3742890738235                                1372.7832800164902                                1365.184251473267                                 1358.8512804849292                                1356.3857754306782                                1353.8206595543047
180                                               1383.6192523857767                                1382.4372736106948                                1373.7965760982443                                1366.1760992866084                                1359.8303458415612                                1357.3606603379194                                1354.7915694758544
185                                               1384.533729335666                                 1383.3172289487165                                1374.632298286162                                 1366.9934928443395                                1360.6372199147372                                1358.1641796890212                                1355.5919455942335
190                                               1385.2611514163004                                1384.014155087888                                 1375.290446580244                                 1367.6364321464616                                1361.2719027044582                                1358.7963334839833                                1356.221787909442
195                                               1386.0710705118613                                1384.7918354243784                                1376.0271580482654                                1368.356471581249                                 1361.9824940384274                                1359.5039313578404                                1356.9265886877579
200                                               1386.832360250669                                 1385.5219497286548                                1376.717832098202                                 1369.0312398497035                                1362.6483031252592                                1360.1669101471093                                1357.5869256136953
205                                               1387.5119807614806                                1386.1721651922421                                1377.3310731574898                                1369.6299030935338                                1363.2389195436454                                1360.7550175736887                                1358.1727078834242
210                                               1388.1099320442959                                1386.7424818151417                                1377.8668812261285                                1370.15246131274                                  1363.7543432935854                                1361.2682536375787                                1358.6839354969457
215                                               1388.6262140991157                                1387.232899597353                                 1378.3252563041187                                1370.5989145073208                                1364.1945743750798                                1361.7066183387792                                1359.1206084542587
220                                               1389.1808557613167                                1387.763585234689                                 1378.8261792662333                                1371.087916853999                                 1364.6768188357005                                1362.186708304007                                 1359.5986724291192
225                                               1389.7154677314602                                1388.2760823640397                                1379.311284143977                                 1371.5617477706105                                1365.144060551061                                 1362.651803868112                                 1360.0617244193472
230                                               1390.215337675857                                 1388.7556617537048                                1379.7658644823537                                1372.0058634199527                                1365.5819331859666                                1363.0876133946394                                1360.4955525779574
235                                               1390.680465594508                                 1389.2023234036842                                1380.1899202813615                                1372.4202638020256                                1365.9904367404165                                1363.4941368835907                                1360.9001569049506
240                                               1391.1108514874127                                1389.6160673139789                                1380.5834515410015                                1372.8049489168293                                1366.3695712144113                                1363.8713743349654                                1361.2755374003268
245                                               1391.5470305244835                                1390.0362296481844                                1380.9838446864019                                1373.1965519633472                                1366.7556475247557                                1364.2555664644228                                1361.6578903871773
250                                               1391.969283942588                                 1390.443674912502                                 1381.3729126947114                                1373.5772523335722                                1367.1310018410245                                1364.6290835916298                                1362.0296077804037
