% Model:              batchmodel_BILLETTA_r_0.0131664_COIL_kr_1.6756_COIL_kw_4.5299_FUNZ_freq_4639.7_FUNZ_I_eff_61.5962.mph
% Version:            COMSOL 5.6.0.401
% Date:               Jan 27 2022, 12:30
% Table:              Tabella delle sonde 1 - 
% Tempo (s)                                       Temperatura (degC), Punto: (0, 0.5)               Temperatura (degC), Punto: (0.5*BILLETTA_r, 0.5)  Temperatura (degC), Punto: (BILLETTA_r-10*FUNZ_depth_billetta, 0.5)Temperatura (degC), Punto: (BILLETTA_r-5*FUNZ_depth_billetta, 0.5)Temperatura (degC), Punto: (BILLETTA_r-2*FUNZ_depth_billetta, 0.5)Temperatura (degC), Punto: (BILLETTA_r-FUNZ_depth_billetta, 0.5)Temperatura (degC), Punto: (BILLETTA_r-0.01[mm], 0.5)
0                                                 20                                                20.000000000000057                                20.000000000006878                                20.00002221742284                                 20.076541545103623                                20.237811599379086                                20.386885951458112
5                                                 210.50655389243468                                268.7607079010754                                 365.1353571901699                                 420.29491523514355                                453.6921998468956                                 460.71629868572484                                463.3707254017356
10                                                485.5212273609269                                 563.6239387728247                                 697.2962001983756                                 781.13525193098                                   827.1428261342245                                 835.9241962239272                                 838.7214753035256
15                                                687.8948996912793                                 776.9185943770887                                 977.6232997407996                                 1053.476091428026                                 1076.1692342329948                                1078.7025478768246                                1078.5524220323282
20                                                836.2962888729843                                 973.0827006175849                                 1080.5265813710635                                1099.0204492709981                                1101.9508133278487                                1101.4466205188323                                1100.2044312051394
25                                                1052.7891978848033                                1095.9218249422697                                1122.7659962680955                                1125.5013387491263                                1123.8764287948138                                1122.663388142174                                 1121.1311798198435
30                                                1140.4429973245624                                1153.6116906986967                                1159.8988825893634                                1157.888823283898                                 1154.5981112936543                                1153.0629826058225                                1151.3449763587773
35                                                1178.1781237145537                                1185.7124562304057                                1187.485202634526                                 1184.1207711648735                                1180.2262851353012                                1178.5392350548564                                1176.7033769020713
40                                                1204.0170350266922                                1209.698485355012                                 1209.438182660108                                 1205.3564012930974                                1201.099735609102                                 1199.3089852186354                                1197.383072559017
45                                                1223.5385451048537                                1228.171601322464                                 1226.7137790777801                                1222.1808535992045                                1217.6828193004121                                1215.8189482343655                                1213.8267208188959
50                                                1239.7356938610424                                1243.598531721303                                 1241.2556056850563                                1236.374851584152                                 1231.6848670182571                                1229.7618457817262                                1227.7155210205515
55                                                1253.8544057336685                                1257.1290291921819                                1254.0912260314785                                1248.92788469562                                  1244.0768220214504                                1242.102846604747                                 1240.0090862818702
60                                                1267.5203470909128                                1270.2359596477627                                1266.5345602796197                                1261.0998533713005                                1256.0932641551321                                1254.069874437616                                 1251.9299771867172
65                                                1279.102846973005                                 1281.393829691502                                 1277.172774495601                                 1271.518338939633                                 1266.3817689337616                                1264.3160507313487                                1262.135992266787
70                                                1290.6853468550971                                1292.551699735242                                 1287.8109887115825                                1281.9368245079654                                1276.670273712391                                 1274.5622270250815                                1272.3420073468565
75                                                1299.1054440813423                                1300.6793632225395                                1295.571761260419                                 1289.5387665657222                                1284.17650568026                                  1282.0368814072017                                1279.7864602439772
80                                                1306.963122123837                                 1308.2681180117556                                1302.8207936642325                                1296.6397989435277                                1291.18792285903                                  1289.0186329996045                                1286.7397816446269
85                                                1314.820800166331                                 1315.8568728009723                                1310.069826068046                                 1303.7408313213323                                1298.1993400377996                                1296.0003845920073                                1293.693103045276
90                                                1322.6784782088253                                1323.445627590189                                 1317.3188584718596                                1310.8418636991378                                1305.2107572165692                                1302.9821361844101                                1300.6464244459253
95                                                1330.0445042555511                                1330.560375455826                                 1324.1155272893443                                1317.4995831325336                                1311.7841803035476                                1309.527620578187                                 1307.1651151797414
100                                               1335.3142486623651                                1335.6540758739961                                1328.9834304580631                                1322.2671265998006                                1316.4901056870399                                1314.212970310768                                 1311.830649016265
105                                               1340.5839930691786                                1340.7477762921662                                1333.8513336267815                                1327.0346700670675                                1321.1960310705317                                1318.8983200433495                                1316.496182852789
110                                               1345.8537374759926                                1345.8414767103359                                1338.7192367955                                   1331.802213534335                                 1325.9019564540235                                1323.5836697759305                                1321.161716689313
115                                               1351.1234818828061                                1350.9351771285064                                1343.5871399642183                                1336.5697570016023                                1330.6078818375154                                1328.2690195085115                                1325.8272505258365
120                                               1355.5661037887016                                1355.2300884242904                                1347.6929444220777                                1340.590966990052                                 1334.5769203740806                                1332.2205967662726                                1329.76199273168
125                                               1359.2780303347722                                1358.8193345924087                                1351.1254967423965                                1343.9528521393781                                1337.8949794013633                                1335.5239458088395                                1333.051140055335
130                                               1362.9899568808432                                1362.408580760527                                 1354.5580490627149                                1347.3147372887047                                1341.213038428646                                 1338.827294851406                                 1336.34028737899
135                                               1366.7018834269143                                1365.9978269286453                                1357.9906013830332                                1350.6766224380312                                1344.5310974559288                                1342.1306438939723                                1339.629434702645
140                                               1370.4138099729848                                1369.5870730967636                                1361.423153703351                                 1354.0385075873573                                1347.8491564832116                                1345.4339929365387                                1342.9185820262996
145                                               1372.924157620102                                 1372.018434486546                                 1363.7517044949122                                1356.3197258421292                                1350.1006177748886                                1347.675395518137                                 1345.150240267948
150                                               1375.258000693846                                 1374.2797097013863                                1365.918084230535                                 1358.4422007556627                                1352.1954023985195                                1349.7608046754158                                1347.2265598469185
155                                               1377.5918437675905                                1376.540984916226                                 1368.0844639661577                                1360.5646756691963                                1354.2901870221503                                1351.846213832695                                 1349.3028794258885
160                                               1379.925686841335                                 1378.8022601310663                                1370.250843701781                                 1362.6871505827294                                1356.3849716457812                                1353.9316229899737                                1351.3791990048585
165                                               1382.2595299150794                                1381.0635353459065                                1372.4172234374037                                1364.809625496263                                 1358.4797562694116                                1356.0170321472524                                1353.455518583829
170                                               1383.7232841157338                                1382.4821851007036                                1373.776970241653                                 1366.142011521495                                 1359.7947577267469                                1357.326113799414                                 1354.7588408505208
175                                               1385.059227595449                                 1383.7770583415609                                1375.0182276137516                                1367.3583383330729                                1360.995213817806                                 1358.5211577007403                                1355.9486145512878
180                                               1386.395171075164                                 1385.0719315824172                                1376.2594849858506                                1368.5746651446511                                1362.195669908865                                 1359.7162016020661                                1357.1383882520554
185                                               1387.7311145548792                                1386.366804823274                                 1377.5007423579495                                1369.7909919562294                                1363.3961259999242                                1360.911245503392                                 1358.3281619528225
190                                               1389.067058034594                                 1387.6616780641302                                1378.7419997300485                                1371.0073187678072                                1364.5965820909832                                1362.1062894047172                                1359.5179356535896
195                                               1389.8866082897944                                1388.4537407788425                                1379.4983579724776                                1371.7477479244612                                1365.3271234634922                                1362.8334951430757                                1360.2419078260004
200                                               1390.6303035463216                                1389.1719437099969                                1380.1834875056757                                1372.4182706333368                                1365.9886372448946                                1363.49197832361                                  1360.8974566097259
205                                               1391.3739988028487                                1389.8901466411512                                1380.8686170388742                                1373.0887933422123                                1366.650151026297                                 1364.1504615041454                                1361.5530053934513
210                                               1392.1176940593755                                1390.6083495723055                                1381.5537465720722                                1373.7593160510878                                1367.311664807699                                 1364.8089446846802                                1362.2085541771767
215                                               1392.8613893159027                                1391.3265525034599                                1382.2388761052707                                1374.4298387599633                                1367.9731785891013                                1365.467427865215                                 1362.8641029609025
220                                               1393.3348313895867                                1391.7809413830178                                1382.6690920590286                                1374.849996816417                                 1368.3874204941562                                1365.87973341401                                  1363.2745601332845
225                                               1393.7685749276334                                1392.1965775958406                                1383.0618627708427                                1375.2333778404159                                1368.7653396766004                                1366.255876978017                                 1363.6490148506182
230                                               1394.2023184656805                                1392.612213808664                                 1383.4546334826568                                1375.6167588644157                                1369.1432588590446                                1366.6320205420247                                1364.023469567951
235                                               1394.6360620037276                                1393.0278500214872                                1383.8474041944714                                1376.000139888415                                 1369.5211780414884                                1367.0081641060324                                1364.3979242852843
240                                               1395.0698055417747                                1393.44348623431                                  1384.2401749062856                                1376.383520912414                                 1369.8990972239326                                1367.38430767004                                  1364.772379002618
245                                               1395.3640818251024                                1393.724088433104                                 1384.5039004019977                                1376.6405200410172                                1370.152299100917                                 1367.6363017665408                                1365.0232390877895
250                                               1395.637871223786                                 1393.9848549631315                                1384.7486699466413                                1376.8789544440338                                1370.3871807703708                                1367.8700590674252                                1365.255943879256
