% Model:              batchmodel_BILLETTA_r_0.0131664_COIL_kr_1.4848_COIL_kw_5.3284_FUNZ_freq_2540.9_FUNZ_I_eff_61.5962.mph
% Version:            COMSOL 5.6.0.401
% Date:               Jan 27 2022, 12:09
% Table:              Tabella delle sonde 1 - 
% Tempo (s)                                       Temperatura (degC), Punto: (0, 0.5)               Temperatura (degC), Punto: (0.5*BILLETTA_r, 0.5)  Temperatura (degC), Punto: (BILLETTA_r-10*FUNZ_depth_billetta, 0.5)Temperatura (degC), Punto: (BILLETTA_r-5*FUNZ_depth_billetta, 0.5)Temperatura (degC), Punto: (BILLETTA_r-2*FUNZ_depth_billetta, 0.5)Temperatura (degC), Punto: (BILLETTA_r-FUNZ_depth_billetta, 0.5)Temperatura (degC), Punto: (BILLETTA_r-0.01[mm], 0.5)
0                                                 20                                                20                                                20.000000000003183                                20.00000906796754                                 20.04068993584201                                 20.12924882563891                                 20.214351332031583
5                                                 157.7524573105556                                 197.9766976972719                                 240.5382621961412                                 282.2796280703875                                 309.273700720605                                  315.3963301184806                                 317.80595533456426
10                                                371.9509627213305                                 424.97379489009165                                483.1682466786299                                 542.00451204986                                   575.8372763684644                                 582.5832370693772                                 584.9838972534268
15                                                566.3509610823853                                 627.9821081935113                                 696.5186301604517                                 767.7427249408046                                 808.7530416816031                                 816.5932651292432                                 818.9180932114692
20                                                705.288126037374                                  783.4164549372266                                 895.4278938894425                                 992.0824370317465                                 1029.7708172271728                                1035.1311712840356                                1035.8113263197638
25                                                849.2269294773797                                 960.4091767673946                                 1040.4162011204694                                1077.0389101143955                                1084.7591153521948                                1084.690877107318                                 1083.260859193731
30                                                1024.4165206138582                                1070.7844816288857                                1094.266241150075                                 1101.994167900612                                 1101.2681640761052                                1099.926298677654                                 1098.0141915446557
35                                                1110.3909138813465                                1121.3773353448473                                1124.8261058083544                                1123.1756962852965                                1119.4587088594476                                1117.6129392226576                                1115.4698167352344
40                                                1140.1559517762412                                1142.0569709343745                                1140.7541760694994                                1136.591051101056                                 1131.938882123874                                 1129.9094858727326                                1127.6618884637373
45                                                1150.695450848828                                 1151.181280694107                                 1148.8253696977977                                1143.9699340249235                                1139.0064923919076                                1136.905487374696                                 1134.6092816791552
50                                                1155.663711004459                                 1155.8135441761724                                1153.0533130323101                                1147.9008635381992                                1142.7973831936802                                1140.6624019098404                                1138.3415972061757
55                                                1158.8295176890342                                1158.6382183097862                                1155.592822790596                                 1150.2479136194088                                1145.0581656247086                                1142.9027023088443                                1140.5671584540974
60                                                1160.9557045123042                                1160.3993367179937                                1157.128633661218                                 1151.6487969327986                                1146.4025080987135                                1144.2341802188544                                1141.8896447162729
65                                                1161.9487752598839                                1161.250536434282                                 1157.880373560482                                 1152.3386191135578                                1147.0653936299218                                1144.890812448819                                 1142.541871889926
70                                                1162.941846007464                                 1162.1017361505706                                1158.632113459746                                 1153.0284412943165                                1147.72827916113                                  1145.5474446787844                                1143.1940990635785
75                                                1163.9349167550436                                1162.9529358668588                                1159.3838533590101                                1153.7182634750752                                1148.391164692338                                 1146.2040769087494                                1143.8463262372316
80                                                1164.4034022842397                                1163.3607487487125                                1159.747600906218                                 1154.0541104707472                                1148.7146798348363                                1146.5246709374906                                1144.1648125269453
85                                                1164.7695233765594                                1163.6820417629933                                1160.0356379354025                                1154.3208848558697                                1148.9719722598138                                1146.7796924719414                                1144.418174607189
90                                                1165.135644468879                                 1164.0033347772733                                1160.3236749645885                                1154.5876592409918                                1149.229264684791                                 1147.0347140063927                                1144.6715366874323
95                                                1165.5017655611987                                1164.3246277915541                                1160.611711993774                                 1154.8544336261139                                1149.486557109768                                 1147.2897355408436                                1144.9248987676765
100                                               1165.8678866535179                                1164.6459208058345                                1160.899749022959                                 1155.1212080112364                                1149.743849534745                                 1147.5447570752954                                1145.1782608479198
105                                               1166.0364004226776                                1164.7967743047261                                1161.0367978121944                                1155.2491525491232                                1149.8676273648575                                1147.6675058684214                                1145.3002317848732
110                                               1166.1663542750698                                1164.9143692511402                                1161.1443836550566                                1155.3500066570177                                1149.965351951685                                 1147.7644437461704                                1145.3965638362415
115                                               1166.296308127462                                 1165.0319641975548                                1161.2519694979183                                1155.4508607649122                                1150.0630765385122                                1147.86138162392                                  1145.4928958876103
120                                               1166.4262619798546                                1165.1495591439689                                1161.3595553407804                                1155.5517148728068                                1150.1608011253393                                1147.9583195016694                                1145.5892279389786
125                                               1166.5562158322468                                1165.267154090383                                 1161.467141183643                                 1155.6525689807008                                1150.2585257121668                                1148.0552573794184                                1145.6855599903474
130                                               1166.5879667494382                                1165.2977401360758                                1161.496263321034                                 1155.6804887395824                                1150.2858062412274                                1148.0823556413598                                1145.7125011757062
135                                               1166.6005549304155                                1165.3113477828092                                1161.5100745180025                                1155.6941765237457                                1150.29934073618                                  1148.0958258163982                                1145.725901840527
140                                               1166.6131431113927                                1165.324955429543                                 1161.5238857149702                                1155.707864307909                                 1150.3128752311322                                1148.1092959914372                                1145.739302505348
145                                               1166.62573129237                                  1165.3385630762768                                1161.5376969119388                                1155.7215520920727                                1150.3264097260844                                1148.1227661664761                                1145.7527031701688
150                                               1166.638319473347                                 1165.352170723011                                 1161.551508108907                                 1155.7352398762355                                1150.3399442210366                                1148.136236341515                                 1145.7661038349897
155                                               1166.6224467261136                                1165.3391959339265                                1161.5404986215858                                1155.7253847485258                                1150.3305632179713                                1148.126958312931                                 1145.7568928103078
160                                               1166.6010202827656                                1165.3210340065502                                1161.5246457736798                                1155.7109355971343                                1150.3167106210294                                1148.113241335303                                 1145.7432694751342
165                                               1166.5795938394172                                1165.3028720791744                                1161.5087929257743                                1155.6964864457432                                1150.3028580240875                                1148.0995243576745                                1145.7296461399606
170                                               1166.5581673960692                                1165.2847101517987                                1161.4929400778683                                1155.682037294352                                 1150.289005427146                                 1148.0858073800464                                1145.716022804787
175                                               1166.5367409527207                                1165.2665482244229                                1161.4770872299623                                1155.667588142961                                 1150.2751528302042                                1148.0720904024183                                1145.7023994696133
180                                               1166.5162656854836                                1165.2486720922957                                1161.4611363487456                                1155.6528524389082                                1150.2609516874613                                1148.058016073015                                 1145.6884172007212
185                                               1166.4959760250904                                1165.230851728552                                 1161.4451663378923                                1155.638060818676                                 1150.246682531565                                 1148.0438720121133                                1145.6743648916404
190                                               1166.4756863646971                                1165.2130313648086                                1161.4291963270393                                1155.6232691984433                                1150.2324133756692                                1148.029727951212                                 1145.660312582559
195                                               1166.4553967043043                                1165.1952110010648                                1161.413226316186                                 1155.6084775782106                                1150.2181442197734                                1148.0155838903106                                1145.6462602734778
200                                               1166.435107043911                                 1165.1773906373214                                1161.3972563053326                                1155.5936859579779                                1150.2038750638776                                1148.0014398294088                                1145.6322079643965
205                                               1166.4234103140543                                1165.166653544717                                 1161.387329761379                                 1155.584324979794                                 1150.1947838698002                                1147.9924183866124                                1145.6232417735755
210                                               1166.413390357512                                 1165.157298639478                                 1161.378582503582                                 1155.5760237047725                                1150.1867030723702                                1147.9843965410196                                1145.6152680575956
215                                               1166.4033704009703                                1165.1479437342396                                1161.3698352457845                                1155.5677224297515                                1150.1786222749397                                1147.9763746954268                                1145.6072943416161
220                                               1166.393350444428                                 1165.138588829001                                 1161.361087987988                                 1155.559421154731                                 1150.1705414775092                                1147.968352849834                                 1145.5993206256367
225                                               1166.3833304878863                                1165.1292339237625                                1161.3523407301905                                1155.5511198797099                                1150.1624606800792                                1147.9603310042412                                1145.5913469096567
230                                               1166.3772218833692                                1165.1234319286496                                1161.3468535406037                                1155.545880834206                                 1150.1573500478898                                1147.955255966844                                 1145.5863017671927
235                                               1166.3718765168037                                1165.1183232272697                                1161.3420025013215                                1155.541239333942                                 1150.1528189960645                                1147.950755952058                                 1145.5818280891317
240                                               1166.3665311502382                                1165.1132145258903                                1161.3371514620399                                1155.5365978336781                                1150.14828794424                                  1147.9462559372714                                1145.5773544110707
245                                               1166.3611857836731                                1165.1081058245104                                1161.3323004227577                                1155.5319563334142                                1150.1437568924152                                1147.9417559224853                                1145.5728807330097
250                                               1166.3558404171076                                1165.1029971231305                                1161.3274493834756                                1155.5273148331498                                1150.13922584059                                  1147.9372559076987                                1145.5684070549482
