% Model:              batchmodel_BILLETTA_r_0.0131664_COIL_kr_1.4848_COIL_kw_5.3284_FUNZ_freq_4639.7_FUNZ_I_eff_61.5962.mph
% Version:            COMSOL 5.6.0.401
% Date:               Jan 27 2022, 12:10
% Table:              Tabella delle sonde 1 - 
% Tempo (s)                                       Temperatura (degC), Punto: (0, 0.5)               Temperatura (degC), Punto: (0.5*BILLETTA_r, 0.5)  Temperatura (degC), Punto: (BILLETTA_r-10*FUNZ_depth_billetta, 0.5)Temperatura (degC), Punto: (BILLETTA_r-5*FUNZ_depth_billetta, 0.5)Temperatura (degC), Punto: (BILLETTA_r-2*FUNZ_depth_billetta, 0.5)Temperatura (degC), Punto: (BILLETTA_r-FUNZ_depth_billetta, 0.5)Temperatura (degC), Punto: (BILLETTA_r-0.01[mm], 0.5)
0                                                 20                                                19.999999999999943                                20.000000000006878                                20.00002221741846                                 20.076541679739364                                20.237811961539535                                20.386886724739725
5                                                 208.54984000353852                                266.58490044188454                                362.1976071883312                                 416.909658469237                                  449.721989742755                                  456.65372975587104                                459.28210312523595
10                                                479.12818209607747                                555.6561988822369                                 686.4996649652235                                 769.376454609184                                  816.2228485734478                                 824.9348107812804                                 827.7279450040129
15                                                682.8034825904567                                 769.3615801833504                                 970.7307028003014                                 1049.7622576227868                                1073.9041255796851                                1076.696359916582                                 1076.6441894688314
20                                                834.6591985900119                                 962.0946786719127                                 1074.5433146530595                                1095.8140214820965                                1099.6288486164885                                1099.2616431817423                                1098.0714827185861
25                                                1037.34655782975                                  1086.9950769593165                                1118.9977234234216                                1122.7802464852016                                1121.4743272180344                                1120.313340511826                                 1118.8044306800548
30                                                1134.3546234458495                                1149.177291385347                                 1156.5120413178702                                1154.755715355367                                 1151.5634752711885                                1150.050245100785                                 1148.3473647994265
35                                                1180.8396524796349                                1185.9916499867022                                1186.070957752689                                 1182.3740648927615                                1178.3998230458005                                1176.7061240950138                                1174.8730289517443
40                                                1201.9974812523278                                1207.0808667811507                                1206.4705110499422                                1202.3525177609354                                1198.1064605436723                                1196.3237349877322                                1194.4077390004118
45                                                1220.6889010384089                                1225.3117610833142                                1223.9303037458708                                1219.4441754604477                                1214.9760200530354                                1213.1222111495108                                1211.1399432684234
50                                                1236.3995673274608                                1240.46259833747                                  1238.3452291046465                                1233.54563525311                                  1228.896891188388                                 1226.9859946507413                                1224.9505603154726
55                                                1251.368800800859                                 1254.8504852879837                                1252.0092636569589                                1246.9098969661918                                1242.0901999776884                                1240.1253626261282                                1238.0397164584801
60                                                1264.7226449770778                                1267.676832580264                                 1264.196908688256                                 1258.8342731073635                                1253.8630166135222                                1251.8498107751666                                1249.718818204743
65                                                1277.3049587261385                                1279.7573687162826                                1275.6794113493575                                1270.0709416276572                                1264.9573881712245                                1262.8984752602155                                1260.7244600779359
70                                                1287.6718904187414                                1289.726348967844                                 1285.1689666757375                                1279.36021492614                                  1274.1289640907821                                1272.0318317875845                                1269.8216080896232
75                                                1296.4359092974937                                1298.1675385728709                                1293.2165491329947                                1287.240474034239                                 1281.90932455032                                  1279.7793904753048                                1277.5378885182922
80                                                1305.1999281762455                                1306.6087281778973                                1301.264131590252                                 1295.1207331423384                                1289.6896850098574                                1287.5269491630252                                1285.2541689469608
85                                                1313.9639470549978                                1315.0499177829238                                1309.3117140475092                                1303.0009922504378                                1297.4700454693952                                1295.274507850745                                 1292.9704493756299
90                                                1321.8561951947295                                1322.6555785448468                                1316.565473831985                                 1310.1040881286908                                1304.482722573538                                 1302.257397584181                                 1299.9248781455208
95                                                1328.3679904346595                                1328.9381756127232                                1322.5622118313527                                1315.9765425249125                                1310.279769619629                                 1308.0294305773273                                1305.672911375273
100                                               1334.8797856745896                                1335.2207726805996                                1328.55894983072                                  1321.8489969211346                                1316.076816665719                                 1313.8014635704735                                1311.420944605025
105                                               1341.3915809145196                                1341.5033697484755                                1334.5556878300877                                1327.7214513173562                                1321.8738637118095                                1319.5734965636202                                1317.1689778347773
110                                               1347.5203663756492                                1347.417917087802                                 1340.2019757557619                                1333.2506629868722                                1327.3318857982472                                1325.0078754981218                                1322.5806569596202
115                                               1352.0572768772272                                1351.8027668079626                                1344.3917141942838                                1337.3532805276373                                1331.3808437463626                                1329.038888067852                                 1326.5943726203868
120                                               1356.5941873788051                                1356.1876165281237                                1348.5814526328063                                1341.455898068402                                 1335.429801694478                                 1333.069900637583                                 1330.6080882811539
125                                               1361.131097880383                                 1360.5724662482844                                1352.7711910713292                                1345.558515609167                                 1339.4787596425936                                1337.1009132073136                                1334.6218039419205
130                                               1365.6672931412777                                1364.9566316143037                                1356.9602824687317                                1349.6605010650715                                1343.5270939732482                                1341.1313048491315                                1338.6349011946381
135                                               1369.1098198273016                                1368.2943567595216                                1360.1599886770769                                1352.7959708233216                                1346.6218600361922                                1344.2122407893085                                1341.7023958478135
140                                               1372.1310042542277                                1371.2289346471744                                1362.9785284148343                                1355.5590847172252                                1349.3492583084226                                1346.9273933290701                                1344.4055915308481
145                                               1374.7308464220546                                1373.7603652772618                                1365.415901682003                                 1357.949842746782                                 1351.7092887899407                                1349.276762468416                                 1346.7444882437412
150                                               1376.9093463307836                                1375.888648649784                                 1367.4721084785842                                1359.9682449119928                                1353.7019514807457                                1351.2603482073464                                1348.7190859864945
155                                               1378.6668269096858                                1377.6140853490956                                1369.147424569332                                 1361.614558789775                                 1355.3275101694708                                1352.8784133055833                                1350.3296466491488
160                                               1380.4813942832466                                1379.381699202721                                 1370.850127648137                                 1363.284939743689                                 1356.9765115537639                                1354.5199811294974                                1351.9639060117952
165                                               1382.0341603417855                                1380.8946673927667                                1372.3079039014724                                1364.7151593345752                                1358.3884680728574                                1355.9255801526424                                1353.3632513446728
170                                               1383.3251250853027                                1382.1529899192324                                1373.520753329337                                 1365.9052175624324                                1359.5633797267528                                1357.0952103750183                                1354.527682647782
175                                               1384.354288513798                                 1383.1566667821176                                1374.4886759317324                                1366.855114427262                                 1360.5012465154487                                1358.028871796626                                 1355.457199921122
180                                               1385.1219406048976                                1383.9059745372124                                1375.2119318837922                                1367.565103627444                                 1361.2023185563198                                1358.7268134180708                                1356.1520511293006
185                                               1386.0574016175228                                1384.810362026778                                 1376.0757179949437                                1368.41079295094                                  1362.0369018544625                                1359.5576878369739                                1356.9793550428822
190                                               1386.8743227290925                                1385.5967343025745                                1376.8231149827884                                1369.141658818674                                 1362.7580090237693                                1360.275610460012                                 1357.6942501033595
195                                               1387.572703939607                                 1386.2650913646012                                1377.4541228473258                                1369.7577012306465                                1363.3656400642403                                1360.880581287187                                 1358.2967363107318
200                                               1388.1525452490655                                1386.8154332128593                                1377.9687415885564                                1370.2589201868564                                1363.859794975875                                 1361.372600318497                                 1358.7868136649995
205                                               1388.6139961331892                                1387.247909916914                                 1378.3671207365219                                1370.6454635389891                                1364.240619890902                                 1361.7518129779442                                1359.1646268383874
210                                               1389.1783597165668                                1387.7847038089394                                1378.870643841322                                 1371.136229981395                                 1364.7244677969934                                1362.2335237038355                                1359.6443672430014
215                                               1389.6980308306966                                1388.2776233049285                                1379.331652092098                                 1371.5852180569113                                1365.1670351771477                                1362.6741283425713                                1360.0831730935229
220                                               1390.1730094755771                                1388.7266684048805                                1379.750145488851                                 1371.9924277655387                                1365.5683220313663                                1363.0736268941505                                1360.4810443899505
225                                               1390.6032956512095                                1389.1318391087957                                1380.1261240315798                                1372.357859107277                                 1365.9283283596487                                1363.4320193585745                                1360.8379811322848
230                                               1390.9889425022684                                1389.4931910922023                                1380.4596455061546                                1372.6815697761558                                1366.247111321185                                 1363.74936262364                                  1361.1540399001
235                                               1391.4086322565422                                1389.8931535850334                                1380.836263564221                                 1373.0489774518023                                1366.6092967500663                                1364.1098807178923                                1361.512988388949
240                                               1391.8098852958033                                1390.2767477866223                                1381.1989154725234                                1373.4031100918287                                1366.9584407505095                                1364.4573977425575                                1361.8589550658826
245                                               1392.192701620053                                 1390.6439736969687                                1381.5476012310614                                1373.7439676962358                                1367.294543322516                                 1364.7919136976352                                1362.1919399309013
250                                               1392.55708122929                                  1390.9948313160726                                1381.8823208398353                                1374.0715502650237                                1367.6176044660847                                1365.113428583125                                 1362.5119429840051
