% Model:              batchmodel_BILLETTA_r_0.0131664_COIL_kr_1.6756_COIL_kw_3.7744_FUNZ_freq_7167.5_FUNZ_I_eff_61.5962.mph
% Version:            COMSOL 5.6.0.401
% Date:               Jan 27 2022, 12:27
% Table:              Tabella delle sonde 1 - 
% Tempo (s)                                       Temperatura (degC), Punto: (0, 0.5)               Temperatura (degC), Punto: (0.5*BILLETTA_r, 0.5)  Temperatura (degC), Punto: (BILLETTA_r-10*FUNZ_depth_billetta, 0.5)Temperatura (degC), Punto: (BILLETTA_r-5*FUNZ_depth_billetta, 0.5)Temperatura (degC), Punto: (BILLETTA_r-2*FUNZ_depth_billetta, 0.5)Temperatura (degC), Punto: (BILLETTA_r-FUNZ_depth_billetta, 0.5)Temperatura (degC), Punto: (BILLETTA_r-0.01[mm], 0.5)
0                                                 20                                                20                                                20.00000000001529                                 20.000059870145776                                20.087260646551442                                20.26626302222155                                 20.446689210040404
5                                                 259.26047502615097                                337.2340290117198                                 503.31609861236905                                574.470270448647                                  614.1269106241588                                 621.9862495300071                                 624.8423081871723
10                                                582.0240932013678                                 675.1776273837891                                 926.8421680345544                                 1028.5721749663612                                1064.8628007525658                                1069.862899322898                                 1070.8049831220833
15                                                758.9397795029778                                 902.6536045994532                                 1079.1752077734277                                1100.8362075971659                                1105.158419429797                                 1105.0326267935257                                1104.1312155951146
20                                                982.2003708183998                                 1063.1918060050775                                1125.2145284302737                                1130.2907490870575                                1129.7785938309003                                1128.9070229512536                                1127.7086594220336
25                                                1114.410573364531                                 1145.564361043213                                 1167.8910936457573                                1167.8919215291671                                1165.6698791307267                                1164.4762537486713                                1163.097009926165
30                                                1181.9474477355275                                1199.7348305558298                                1211.2517070847798                                1209.412120788209                                 1206.4157800359408                                1205.0294373432653                                1203.5001320486354
35                                                1228.9552956101388                                1242.4805409789888                                1249.5909237961514                                1246.8057861842026                                1243.3431882786267                                1241.8226891864456                                1240.1764598481295
40                                                1268.8061263258746                                1279.9990595689546                                1284.2695104652244                                1280.7775867145442                                1276.9345850536029                                1275.2971292141615                                1273.5444381846987
45                                                1303.6440526260499                                1313.2087539751283                                1315.2934206439218                                1311.2079919704784                                1307.0310062516442                                1305.2877699240826                                1303.4370619514684
50                                                1334.8122199163531                                1342.9282919481157                                1343.160576924165                                 1338.5725710838396                                1334.1034805238778                                1332.265280353618                                 1330.3251675833599
55                                                1357.9892649612375                                1365.047803151444                                 1364.153710623255                                 1359.261128305137                                 1354.5911274320301                                1352.681517318832                                 1350.6707532187602
60                                                1376.2018012334738                                1382.4412613582435                                1380.740629002316                                 1375.6292231713                                   1370.8082053073967                                1368.8430867503785                                1366.7763582176622
65                                                1388.4931948180974                                1394.1979817883175                                1392.0722782667417                                1386.8443260189679                                1381.9317986592305                                1379.9301372901473                                1377.8249613073835
67.01293548079892                                 1393.441551269088                                 1398.9310857266237                                1396.6342540388077                                1391.359381707544                                 1386.4100138056074                                1384.3936407719298                                1382.2729863418967
