% Model:              batchmodel_BILLETTA_r_0.0131664_COIL_kr_1.6756_COIL_kw_3.7744_FUNZ_freq_2540.9_FUNZ_I_eff_61.5962.mph
% Version:            COMSOL 5.6.0.401
% Date:               Jan 27 2022, 12:24
% Table:              Tabella delle sonde 1 - 
% Tempo (s)                                       Temperatura (degC), Punto: (0, 0.5)               Temperatura (degC), Punto: (0.5*BILLETTA_r, 0.5)  Temperatura (degC), Punto: (BILLETTA_r-10*FUNZ_depth_billetta, 0.5)Temperatura (degC), Punto: (BILLETTA_r-5*FUNZ_depth_billetta, 0.5)Temperatura (degC), Punto: (BILLETTA_r-2*FUNZ_depth_billetta, 0.5)Temperatura (degC), Punto: (BILLETTA_r-FUNZ_depth_billetta, 0.5)Temperatura (degC), Punto: (BILLETTA_r-0.01[mm], 0.5)
0                                                 20                                                20                                                20.00000000000267                                 20.000007137880914                                20.039988737265787                                20.1293132102179                                  20.21353184220419
5                                                 157.25000977431813                                197.45975826159247                                239.6310771727036                                 280.7403058303495                                 307.30076759318536                                313.2898659001215                                 315.6467237347689
10                                                370.29238828009784                                424.3088752607124                                 483.7158987118248                                 543.2998644469602                                 577.2575397600986                                 584.074899002767                                  586.4946670303302
15                                                566.5747936952674                                 628.1637340948154                                 696.1472660367365                                 766.3622099437295                                 807.8118404016542                                 815.6434819394582                                 817.9718548186885
20                                                705.2943456294105                                 782.7371944567407                                 894.6731091014861                                 991.3060892442519                                 1028.9829331922533                                1034.3503261722162                                1035.0373630613421
25                                                849.8818116470833                                 959.3706684557586                                 1039.1347529033296                                1076.5216744230388                                1084.5686097439193                                1084.55140472447                                  1083.1394305538674
30                                                1024.570522168132                                 1070.8051498309956                                1094.1853862308126                                1101.896987454846                                 1101.1734862477565                                1099.8327704290027                                1097.9214696288236
35                                                1109.619780199137                                 1121.0945770101516                                1124.6302834923517                                1122.9935596293694                                1119.2740284572105                                1117.4274365636797                                1115.2843780952066
40                                                1139.1666365625142                                1141.4883208401125                                1140.4142073709904                                1136.348524490168                                 1131.7268053308949                                1129.70259016839                                  1127.4574557273818
45                                                1150.2710555151684                                1150.8755006774359                                1148.5855228475107                                1143.7643845248808                                1138.81358808608                                  1136.7151009318354                                1134.4204017417328
50                                                1155.8351607074746                                1155.9318530120827                                1153.1419268427917                                1147.9753237611176                                1142.8664834570668                                1140.7304393110817                                1138.4090373386703
55                                                1159.603951141953                                 1159.2508673617726                                1156.1030863018436                                1150.7013959418719                                1145.48924032873                                  1143.3290037835473                                1140.9903650933888
60                                                1161.0677683755275                                1160.5054723869303                                1157.214178399346                                 1151.72203642952                                  1146.4709203626803                                1144.3016280404704                                1141.956537151907
65                                                1162.2367758915816                                1161.5062459255655                                1158.0993275339515                                1152.534454806921                                 1147.2515594760216                                1145.0748832236345                                1142.7245987371002
70                                                1163.4057834076352                                1162.5070194642008                                1158.9844766685565                                1153.3468731843222                                1148.0321985893625                                1145.8481384067986                                1143.492660322293
75                                                1164.2355860705916                                1163.2212800614006                                1159.6192698601294                                1153.931611981723                                 1148.5949198677495                                1146.4056839611999                                1144.0465089310837
80                                                1164.7029332163138                                1163.629388799527                                 1159.986546558362                                 1154.273064991261                                 1148.9247862183202                                1146.7327341546056                                1144.3714614186924
85                                                1165.170280362036                                 1164.0374975376526                                1160.3538232565957                                1154.6145180007993                                1149.2546525688908                                1147.0597843480123                                1144.6964139063016
90                                                1165.5833659690225                                1164.398864208587                                 1160.6793551918754                                1154.9173348912486                                1149.547258496264                                 1147.3499029800005                                1144.9846752898798
95                                                1165.773932546775                                 1164.5685481580504                                1160.833697655858                                 1155.0617104268554                                1149.6870646064535                                1147.488570411264                                 1145.1224715550602
100                                               1165.9644991245277                                1164.7382321075138                                1160.9880401198402                                1155.206085962462                                 1149.826870716643                                 1147.6272378425274                                1145.2602678202402
105                                               1166.1550657022804                                1164.9079160569772                                1161.1423825838224                                1155.3504614980693                                1149.9666768268326                                1147.7659052737904                                1145.3980640854202
110                                               1166.345632280033                                 1165.0776000064411                                1161.296725047805                                 1155.4948370336765                                1150.1064829370225                                1147.9045727050539                                1145.5358603506002
115                                               1166.5056509522897                                1165.2205246624653                                1161.426922602368                                 1155.616719847324                                 1150.2245404053074                                1148.0216738032982                                1145.6522275012112
120                                               1166.5403969095732                                1165.2537131750287                                1161.4581052389926                                1155.6463631341921                                1150.25340971571                                  1148.050334367062                                 1145.6807168311352
125                                               1166.5751428668568                                1165.2869016875925                                1161.4892878756177                                1155.6760064210603                                1150.2822790261125                                1148.078994930826                                 1145.7092061610597
130                                               1166.60988882414                                  1165.3200902001558                                1161.5204705122433                                1155.7056497079288                                1150.3111483365146                                1148.1076554945898                                1145.7376954909837
135                                               1166.6446347814235                                1165.3532787127197                                1161.5516531488684                                1155.735292994797                                 1150.3400176469177                                1148.1363160583537                                1145.7661848209077
140                                               1166.6688379513052                                1165.3768978470362                                1161.5740520189975                                1155.7566802346992                                1150.3608778843172                                1148.1570304158186                                1145.7867770719731
145                                               1166.6498066152599                                1165.3612742910877                                1161.5604298834728                                1155.744210573398                                 1150.3488940264137                                1148.1451584855936                                1145.774984500153
150                                               1166.630775279215                                 1165.3456507351393                                1161.5468077479477                                1155.7317409120974                                1150.3369101685098                                1148.1332865553677                                1145.7631919283335
155                                               1166.61174394317                                  1165.330027179191                                 1161.5331856124226                                1155.7192712507963                                1150.3249263106063                                1148.1214146251423                                1145.7513993565135
160                                               1166.5927126071247                                1165.3144036232425                                1161.5195634768975                                1155.7068015894952                                1150.3129424527024                                1148.1095426949169                                1145.739606784694
165                                               1166.5731291954467                                1165.298137070245                                 1161.5052921440297                                1155.6936954119756                                1150.3003323998528                                1148.0970481165418                                1145.7271949555789
170                                               1166.5512817983222                                1165.2792336757134                                1161.4883585430816                                1155.6779789699044                                1150.2851544085574                                1148.0820001446414                                1145.7122436383584
175                                               1166.5294344011977                                1165.2603302811817                                1161.4714249421336                                1155.6622625278333                                1150.2699764172612                                1148.0669521727414                                1145.6972923211388
180                                               1166.5075870040732                                1165.24142688665                                  1161.454491341186                                 1155.646546085762                                 1150.254798425965                                 1148.051904200841                                 1145.6823410039187
185                                               1166.4857396069488                                1165.2225234921184                                1161.437557740238                                 1155.630829643691                                 1150.2396204346692                                1148.03685622894                                  1145.6673896866982
190                                               1166.4649504380077                                1165.2044349612838                                1161.4213110152955                                1155.6157316293575                                1150.2250334470455                                1148.0223932295285                                1145.6530192594423
195                                               1166.4485009157765                                1165.189688073223                                 1161.40788107339                                  1155.603169701229                                 1150.2128700833455                                1148.010329120997                                 1145.6410309812
200                                               1166.4320513935454                                1165.1749411851624                                1161.3944511314849                                1155.5906077731001                                1150.2007067196455                                1147.9982650124648                                1145.6290427029576
205                                               1166.4156018713138                                1165.1601942971015                                1161.3810211895793                                1155.5780458449717                                1150.188543355946                                 1147.986200903933                                 1145.6170544247148
210                                               1166.3991523490827                                1165.1454474090406                                1161.3675912476742                                1155.5654839168437                                1150.176379992246                                 1147.9741367954011                                1145.605066146472
215                                               1166.384214550907                                 1165.1319910927277                                1161.355310546377                                 1155.5539861711814                                1150.1652437220455                                1147.963090900022                                 1145.5940895132785
220                                               1166.3754761229861                                1165.1238272317933                                1161.3477427210937                                1155.5468524899165                                1150.1583194195441                                1147.9562205552747                                1145.5872614958357
225                                               1166.3667376950657                                1165.1156633708583                                1161.3401748958108                                1155.5397188086517                                1150.1513951170427                                1147.9493502105265                                1145.5804334783925
230                                               1166.3579992671453                                1165.1074995099239                                1161.3326070705284                                1155.532585127387                                 1150.144470814541                                 1147.9424798657788                                1145.5736054609492
235                                               1166.3492608392248                                1165.0993356489894                                1161.325039245245                                 1155.5254514461217                                1150.1375465120395                                1147.9356095210314                                1145.5667774435065
240                                               1166.3414649289966                                1165.0919999907815                                1161.3182190952552                                1155.5190146772388                                1150.1312963534187                                1147.92940772969                                  1145.5606137468494
245                                               1166.3386407962726                                1165.0890330990355                                1161.3153429297972                                1155.5162541187092                                1150.1286023013909                                1147.9267325552073                                1145.5579543399958
250                                               1166.3376671677115                                1165.0876922697034                                1161.3139347221859                                1155.5148618520147                                1150.1272318383717                                1147.9253699936044                                1145.556599235853
