% Model:              batchmodel_BILLETTA_r_0.0131664_COIL_kr_1.6756_COIL_kw_3.7744_FUNZ_freq_4639.7_FUNZ_I_eff_61.5962.mph
% Version:            COMSOL 5.6.0.401
% Date:               Jan 27 2022, 12:25
% Table:              Tabella delle sonde 1 - 
% Tempo (s)                                       Temperatura (degC), Punto: (0, 0.5)               Temperatura (degC), Punto: (0.5*BILLETTA_r, 0.5)  Temperatura (degC), Punto: (BILLETTA_r-10*FUNZ_depth_billetta, 0.5)Temperatura (degC), Punto: (BILLETTA_r-5*FUNZ_depth_billetta, 0.5)Temperatura (degC), Punto: (BILLETTA_r-2*FUNZ_depth_billetta, 0.5)Temperatura (degC), Punto: (BILLETTA_r-FUNZ_depth_billetta, 0.5)Temperatura (degC), Punto: (BILLETTA_r-0.01[mm], 0.5)
0                                                 20                                                19.999999999999943                                20.000000000006878                                20.00002221742284                                 20.076541543889846                                20.23781159969434                                 20.386885952419277
5                                                 210.41932297075203                                268.6175557032543                                 364.81235309844897                                419.8560800517797                                 453.21761981488214                                460.2278463309218                                 462.8773895517894
10                                                484.0344875061612                                 561.8245480058607                                 694.85598504053                                   778.0795661426813                                 823.6600198801337                                 832.385071919692                                  835.1739122997307
15                                                686.8142702061934                                 775.2937172700355                                 976.115344375159                                  1052.705602166479                                 1075.762317404186                                 1078.3591874927347                                1078.2324892522133
20                                                841.4256657423856                                 967.2459788591785                                 1076.3625931395804                                1096.6654541088901                                1100.2026588642425                                1099.794216802572                                 1098.5888557821931
25                                                1029.2277141370728                                1082.1837890581428                                1117.8756107782265                                1122.3872029025647                                1121.2801023195466                                1120.1473644047292                                1118.6481691816261
30                                                1119.3982427965575                                1140.2357144664838                                1151.8872171569224                                1151.047818758892                                 1148.141376878692                                 1146.6772158058652                                1144.9992417967
35                                                1162.5352056753713                                1173.4543831785513                                1177.8497456874225                                1175.1545826412084                                1171.519760836346                                 1169.8916462273387                                1168.0983164549057
40                                                1189.9930124844363                                1197.2984886761133                                1198.5078947775041                                1194.8646973540754                                1190.8079697266307                                1189.0709705905333                                1187.1901106832406
45                                                1211.535733686264                                 1216.9389817376195                                1216.3000366752171                                1212.0515966562834                                1207.6996348766693                                1205.8790491629288                                1203.9256560442755
50                                                1228.3996206015217                                1232.868918460722                                 1231.2066382954526                                1226.579201148032                                 1222.0249881487625                                1220.1432229313673                                1218.1344038504135
55                                                1244.5421512282505                                1248.1633753793517                                1245.5595197552511                                1240.5777915614967                                1235.8320694315307                                1233.8918128946011                                1231.8296705244452
60                                                1258.653965012114                                 1261.6688695305343                                1258.3536030539844                                1253.0871348221062                                1248.1801440145005                                1246.1889637648583                                1244.0794174185253
65                                                1271.5239553980787                                1274.0108120666082                                1270.0674149811362                                1264.545481832342                                 1259.4919830230706                                1257.454118312446                                 1255.3008667902095
70                                                1281.4089520821199                                1283.5559042221516                                1279.1845587781836                                1273.4775298588256                                1268.3130035557429                                1266.2386443513528                                1264.0505785273394
75                                                1291.2939487661615                                1293.1009963776955                                1288.301702575231                                 1282.4095778853089                                1277.1340240884151                                1275.0231703902596                                1272.8002902644694
80                                                1301.1789454502032                                1302.646088533239                                 1297.4188463722785                                1291.3416259117926                                1285.955044621087                                 1283.8076964291663                                1281.5500020015993
85                                                1310.194805685971                                 1311.355647782978                                 1305.7408184818846                                1299.4948215938284                                1294.0064461090806                                1291.8255216228163                                1289.5357305317216
90                                                1317.646347102348                                 1318.5613696877667                                1312.6315975517987                                1306.2461966729338                                1300.6726455867984                                1298.46339713945                                  1296.1464007372338
95                                                1325.0978885187246                                1325.7670915925555                                1319.5223766217123                                1312.9975717520401                                1307.338845064517                                 1305.101272656083                                 1302.757070942746
100                                               1332.5494299351012                                1332.9728134973448                                1326.4131556916263                                1319.7489468311455                                1314.0050445422348                                1311.7391481727168                                1309.3677411482577
105                                               1339.115514044241                                 1339.320837673437                                 1332.4820866777468                                1325.694118397118                                 1319.8744397236724                                1317.5833057069017                                1315.1876340384324
110                                               1344.4614637320929                                1344.4869793202524                                1337.418534902803                                 1330.5283649654693                                1324.645861754993                                 1322.3337429416833                                1319.917858782971
115                                               1349.8074134199446                                1349.6531209670684                                1342.3549831278588                                1335.3626115338207                                1329.4172837863139                                1327.0841801764645                                1324.6480835275097
120                                               1355.1533631077964                                1354.8192626138848                                1347.291431352915                                 1340.1968581021715                                1334.188705817634                                 1331.8346174112457                                1329.3783082720488
125                                               1359.9939620387659                                1359.4996479882448                                1351.7666120688214                                1344.5799187806815                                1338.5147443806613                                1336.141530781183                                 1333.666759956509
130                                               1363.9449963982806                                1363.3249607928                                   1355.4298275734072                                1348.1687608352404                                1342.0567782722605                                1339.6677129235768                                1337.1775623399285
135                                               1367.4235319418103                                1366.696095463718                                 1358.6617617373463                                1351.335747780579                                 1345.1823822712313                                1342.7792038873267                                1340.275310532812
140                                               1370.4295686693554                                1369.6130520009992                                1361.4624145606376                                1354.0808796166966                                1347.8915563775745                                1345.4760036724329                                1342.960004535158
145                                               1372.9631065809153                                1372.075830404643                                 1363.8317860432808                                1356.4041563435949                                1350.1843005912901                                1347.7581122788952                                1345.2316443469676
150                                               1375.2344459500155                                1374.2842046429073                                1365.9567071660722                                1358.4878797859083                                1352.240745437572                                 1349.8050577195404                                1347.26924150585
155                                               1377.3751875312405                                1376.3631883666471                                1367.9540921756752                                1360.4461299554346                                1354.1736121822669                                1351.7291842227469                                1349.1848170426597
160                                               1379.2019315781345                                1378.1385616639586                                1369.661008547403                                 1362.1199241373315                                1355.8258116685415                                1353.373928073774                                 1350.8222576530234
165                                               1380.7146780906978                                1379.6103245348418                                1371.0774562812549                                1363.5092623316                                   1357.1973438963955                                1354.7392892726225                                1352.181563336941
170                                               1381.91342706893                                  1380.7784769792956                                1372.2034353772306                                1364.6141445382395                                1358.2882088658298                                1355.8252678192916                                1353.2627340944127
175                                               1383.009020388848                                 1381.8439351932466                                1373.227793446084                                 1365.6187223187053                                1359.2799914660104                                1356.8126536337759                                1354.2458251229223
180                                               1384.1333977265977                                1382.9324276056163                                1374.2687066920598                                1366.6382332047401                                1360.286323068096                                 1357.814580615021                                 1355.2435105500808
185                                               1385.1026870122287                                1383.8687381847099                                1375.1614839174217                                1367.5120813534827                                1361.148846186025                                 1358.673384557775                                 1356.0987669112346
190                                               1385.9168882457416                                1384.6528669305253                                1375.9061251221701                                1368.240266764934                                 1361.8675608197977                                1359.389065462041                                 1356.8115942063832
195                                               1386.5760014271364                                1385.284813843064                                 1376.5026303063041                                1368.8227894390934                                1362.442466969414                                 1359.9616233278166                                1357.3819924355266
200                                               1387.201990756596                                 1385.884121058933                                 1377.0675253042018                                1369.3742178579014                                1362.9865928970935                                1360.5035032949772                                1357.9218090320978
205                                               1387.8711784400202                                1386.5255951160357                                1377.67372912579                                  1369.9662461681246                                1363.5706689178687                                1361.0850707748882                                1358.5010353774273
210                                               1388.4772013090897                                1387.1049850917398                                1378.2196213208322                                1370.4989608975275                                1364.0961247622567                                1361.608264030408                                 1359.0221309852877
215                                               1389.0200593638042                                1387.6222909860453                                1378.7052018893282                                1370.9723620461114                                1364.5629604302576                                1362.073083061537                                 1359.485095855679
220                                               1389.4997526041648                                1388.0775127989518                                1379.1304708312782                                1371.386449613875                                 1364.9711759218717                                1362.479527868275                                 1359.8899299886016
225                                               1389.965662917923                                 1388.5205673693408                                1379.545725912868                                 1371.7910872069524                                1365.3700665073256                                1362.8766444390817                                1360.2854092642951
230                                               1390.4486922795863                                1388.9826914310179                                1379.9824422428687                                1372.2174782474012                                1365.7904799580037                                1363.2951245509216                                1360.7020564326226
235                                               1390.905775477961                                 1389.420353249851                                 1380.3967558861036                                1372.6221374245793                                1366.1894266005688                                1363.6921959253891                                1361.0973347725467
240                                               1391.3369125130466                                1389.8335528258417                                1380.7886668425722                                1373.005064738486                                 1366.5669064350222                                1364.0678585624828                                1361.4712442840673
245                                               1391.742103384844                                 1390.222290158989                                 1381.1581751122744                                1373.366260189122                                 1366.9229194613636                                1364.422112462204                                 1361.823784967184
250                                               1392.1307557971463                                1390.5957912702602                                1381.5139669968567                                1373.7142113854125                                1367.265885031342                                 1364.7633669181614                                1362.1633637179602
